r,z,n,t,tvar,vr,vz,vrvar,vzvar,vrvzcov
0.00015,0.00175,0.0,0.0,0.0,0.0,0.0,0.0,0.0,0.0
0.00015,0.0052499999999999995,0.0,0.0,0.0,0.0,0.0,0.0,0.0,0.0
0.00015,0.008749999999999999,0.0,0.0,0.0,0.0,0.0,0.0,0.0,0.0
0.00015,0.01225,1646.0,0.009512894370505983,6.179058518225822e-5,-0.5853161422131798,-5.643629372987444,177.23885997232904,217.85811768938183,2.2744120398606364
0.00015,0.01575,9983.0,0.008193748232682214,3.3744395626595646e-5,-0.16376664510043373,-2.8963516855562617,172.08056743046868,256.37998992917096,0.23014683874771857
0.00015,0.01925,27320.0,0.007343998881177913,3.277174187904824e-5,-0.0411690974637953,-1.1272856580358617,179.26849641746784,252.85329863017932,5.570178763720102
0.00015,0.02275,62161.0,0.006242829253317405,2.9382703325498005e-5,0.037651663483894565,-1.4521578419068035,166.77727902061875,256.928590459456,0.05339936734165108
0.00015,0.02625,139126.0,0.004677223909984008,2.6447886725504736e-5,-0.0890708597580086,-2.0058011240308966,169.83088251870976,248.2373724256975,1.2198673623218923
0.00015,0.02975,357479.0,0.002891283041907224,1.6973770058451837e-5,-0.013291960236840773,-2.1489072194054737,167.9738872240576,252.25954460753178,-1.3002166553641359
0.00015,0.03325,5.153984e6,0.00032582851901542543,2.265692709649183e-6,0.0031467718284182086,-9.060482536341503,82.49259022662858,269.6351201816244,0.07131168738745276
0.00015,0.03675,4.97525e6,0.00034158113719248966,2.463544888723769e-6,-0.010071944272149245,8.871551591711622,80.7670852391326,259.2540603671107,0.1429545471845254
0.00015,0.04025,431900.0,0.003425960894441269,2.1302035151509765e-5,0.07345634648081158,3.8789467315636608,169.541382274414,266.7628820857376,-0.6975177882282538
0.00015,0.04375,280325.0,0.005432742426656991,3.172769190598866e-5,-0.003411008223979272,2.631820075599794,171.22440733325638,257.7835137439165,0.43181144844425456
0.00015,0.04725,194328.0,0.007181941166231992,3.7593782319138884e-5,0.03087314010911964,2.394391683310258,172.098835237243,258.4892271578793,-0.927625896362544
0.00015,0.050749999999999997,140839.0,0.008748520814430118,4.255644069521584e-5,-0.07446473209431773,2.142786603861161,174.8382777795568,245.26523704205786,2.2036291522904783
0.00015,0.05425,113844.0,0.009965558180851545,4.5137053295964496e-5,0.19554372853239033,4.059703867678302,175.19062641647474,261.94362771449846,2.6924839063951858
0.00015,0.057749999999999996,92176.0,0.010769928408690174,4.5876693226820293e-5,-0.15056177157448153,6.324379190004859,182.5022517919432,273.78745474409004,-1.1173866560758992
0.00015,0.06125,76852.0,0.011203218471935332,4.410699789246522e-5,-0.018524727850526237,13.037116177548041,191.76762493254984,392.3320830420038,-3.3214923773621705
0.00015,0.06475,41934.0,0.01131774641773685,4.4438605812487636e-5,0.03786950025431623,27.060391427293446,172.96653432504982,929.6050966696057,-0.03159808652494693
0.00015,0.06824999999999999,16944.0,0.011678182945744547,4.897512348179324e-5,-0.01363108585258407,37.23217916502127,116.39034015964707,1575.6222394778295,-2.6698614431534793
0.00015,0.07175,10268.0,0.011726000341064661,4.5339247456098114e-5,0.06413211386387736,27.964993507227913,100.98542521283002,1068.4051229498784,0.40283595383781234
0.00015,0.07525,12693.0,0.012713160489789994,5.2713251603573386e-5,0.08220598391561955,12.762675606746663,86.72973668580482,385.03148434857854,-1.1469039790808255
0.00015,0.07875,18234.0,0.013505959209609576,5.1838647642972265e-5,0.27066785406138827,5.6622623132306025,70.42787532691473,175.64260484316912,-1.8529787557907311
0.00015,0.08225,19301.0,0.014344783395244951,4.786908875024715e-5,-0.225684272988799,2.5867541573799726,63.17087115518166,105.30578711922747,0.57512108338137
0.00015,0.08574999999999999,19725.0,0.016178923978303183,5.987353644743668e-5,0.11031943811525646,1.6796311729846345,55.73960536163079,89.21297633384435,-0.6749571574154888
0.00015,0.08925,15204.0,0.01770019847779611,6.636796253350061e-5,-0.16802876670536554,2.1625672116956887,53.24409170007647,82.07543579864885,1.2438034054378786
0.00015,0.09275,15054.0,0.019537959709511457,6.132464295589375e-5,-0.07621982780978215,2.361485643189061,47.890362629460725,74.63707081805629,-2.4215434329554766
0.00015,0.09625,13646.0,0.020667628912371186,7.01754859573747e-5,-0.08619292118031224,2.2799240799774756,45.59018487719061,68.72088640031657,-1.6693338317664772
0.00015,0.09974999999999999,10103.0,0.023341175604623864,8.574394896263443e-5,0.011024333892985431,3.2570094616663416,48.70729200068813,73.80136743445512,-1.064610970546021
0.00015,0.10325,7549.0,0.024481247373087437,7.553446057006757e-5,-0.18105674231241678,5.208689240802185,46.868535639244584,88.78447193703991,-1.9014586189203917
0.00015,0.10675,2660.0,0.023813726045112935,6.644361573665063e-5,0.3698631610684218,7.656083879152269,44.347990015792064,116.32777208717488,4.605382360511011
0.00015,0.11025,94.0,0.024110185682951948,7.380809545127944e-5,0.023079122469270123,18.167365255936577,37.53123733682412,356.64459228046326,0.9377253251928791
0.00015,0.11374999999999999,28.0,0.02414151898137579,4.280618079457465e-5,-0.8543931937918984,26.10467271510402,26.290247972965098,715.1460256083168,-30.264640348808495
0.00015,0.11725,9.0,0.030348177270042218,2.6373061657208097e-5,-0.6446942356702365,25.37843752406814,12.899895416135225,661.3474503545639,-14.906195267776802
0.00015,0.12075,2.0,0.03902470687351431,3.063042349980059e-10,1.2211815313955325,28.832627999546332,1.5351089039171009,832.4802045626116,35.435319705168574
0.00015,0.12425,0.0,0.0,0.0,0.0,0.0,0.0,0.0,0.0
0.00015,0.12775,2.0,0.024200183889072132,2.8883184357207717e-5,-0.13726415571456219,29.143748457072412,2.5724508634029526,853.5070238625568,-7.255357018682339
0.00015,0.13125,1.0,0.020186354874698182,0.0,3.654552035095482,31.71047369273692,13.355750577220528,1005.5541418177602,115.88757616763344
0.00015,0.13475,0.0,0.0,0.0,0.0,0.0,0.0,0.0,0.0
0.00015,0.13824999999999998,0.0,0.0,0.0,0.0,0.0,0.0,0.0,0.0
0.00015,0.14175,0.0,0.0,0.0,0.0,0.0,0.0,0.0,0.0
0.00015,0.14525,1.0,0.01667144969007416,0.0,0.333210426551529,32.07242392450862,0.1110291883626519,1028.640376393393,10.68686605642698
0.00015,0.14875,0.0,0.0,0.0,0.0,0.0,0.0,0.0,0.0
0.00015,0.15225,0.0,0.0,0.0,0.0,0.0,0.0,0.0,0.0
0.00015,0.15575,1.0,0.02203390933415053,0.0,-2.1431450804809997,27.289736596302518,4.593070835989911,744.7297234955729,-58.485864733988045
0.00015,0.15925,0.0,0.0,0.0,0.0,0.0,0.0,0.0,0.0
0.00015,0.16275,0.0,0.0,0.0,0.0,0.0,0.0,0.0,0.0
0.00015,0.16625,0.0,0.0,0.0,0.0,0.0,0.0,0.0,0.0
0.00015,0.16974999999999998,2.0,0.02509163350181821,9.967208384388289e-5,-0.7199214519743052,32.517809805431625,1.398026549431038,1059.8682338766482,-24.881460641358377
0.00015,0.17325,0.0,0.0,0.0,0.0,0.0,0.0,0.0,0.0
0.00015,0.17675,0.0,0.0,0.0,0.0,0.0,0.0,0.0,0.0
0.00015,0.18025,0.0,0.0,0.0,0.0,0.0,0.0,0.0,0.0
0.00015,0.18375,1.0,0.020880325407579375,0.0,-2.5031304602297237,37.52922317414794,6.265662100929869,1408.4425920550025,-93.94054167596894
0.00015,0.18725,0.0,0.0,0.0,0.0,0.0,0.0,0.0,0.0
0.00015,0.19075,0.0,0.0,0.0,0.0,0.0,0.0,0.0,0.0
0.00015,0.19425,0.0,0.0,0.0,0.0,0.0,0.0,0.0,0.0
0.00015,0.19774999999999998,0.0,0.0,0.0,0.0,0.0,0.0,0.0,0.0
0.00015,0.20124999999999998,0.0,0.0,0.0,0.0,0.0,0.0,0.0,0.0
0.00015,0.20475,0.0,0.0,0.0,0.0,0.0,0.0,0.0,0.0
0.00015,0.20825,0.0,0.0,0.0,0.0,0.0,0.0,0.0,0.0
0.00015,0.21175,0.0,0.0,0.0,0.0,0.0,0.0,0.0,0.0
0.00015,0.21525,0.0,0.0,0.0,0.0,0.0,0.0,0.0,0.0
0.00015,0.21875,0.0,0.0,0.0,0.0,0.0,0.0,0.0,0.0
0.00015,0.22225,0.0,0.0,0.0,0.0,0.0,0.0,0.0,0.0
0.00015,0.22575,0.0,0.0,0.0,0.0,0.0,0.0,0.0,0.0
0.00015,0.22924999999999998,0.0,0.0,0.0,0.0,0.0,0.0,0.0,0.0
0.00015,0.23274999999999998,0.0,0.0,0.0,0.0,0.0,0.0,0.0,0.0
0.00015,0.23625,0.0,0.0,0.0,0.0,0.0,0.0,0.0,0.0
0.00015,0.23975,0.0,0.0,0.0,0.0,0.0,0.0,0.0,0.0
0.00015,0.24325,0.0,0.0,0.0,0.0,0.0,0.0,0.0,0.0
0.00015,0.24675,0.0,0.0,0.0,0.0,0.0,0.0,0.0,0.0
0.00015,0.25025,0.0,0.0,0.0,0.0,0.0,0.0,0.0,0.0
0.00015,0.25375,0.0,0.0,0.0,0.0,0.0,0.0,0.0,0.0
0.00015,0.25725,0.0,0.0,0.0,0.0,0.0,0.0,0.0,0.0
0.00015,0.26075,0.0,0.0,0.0,0.0,0.0,0.0,0.0,0.0
0.00015,0.26425,0.0,0.0,0.0,0.0,0.0,0.0,0.0,0.0
0.00015,0.26775,0.0,0.0,0.0,0.0,0.0,0.0,0.0,0.0
0.00015,0.27125,0.0,0.0,0.0,0.0,0.0,0.0,0.0,0.0
0.00015,0.27475,0.0,0.0,0.0,0.0,0.0,0.0,0.0,0.0
0.00015,0.27825,0.0,0.0,0.0,0.0,0.0,0.0,0.0,0.0
0.00015,0.28175,0.0,0.0,0.0,0.0,0.0,0.0,0.0,0.0
0.00015,0.28525,0.0,0.0,0.0,0.0,0.0,0.0,0.0,0.0
0.00015,0.28875,1.0,0.026680884502866424,0.0,1.7438520692371045,30.90193831583678,3.041020039382531,954.9297916757813,53.88840907550933
0.00015,0.29225,0.0,0.0,0.0,0.0,0.0,0.0,0.0,0.0
0.00015,0.29575,0.0,0.0,0.0,0.0,0.0,0.0,0.0,0.0
0.00015,0.29925,0.0,0.0,0.0,0.0,0.0,0.0,0.0,0.0
0.00015,0.30275,0.0,0.0,0.0,0.0,0.0,0.0,0.0,0.0
0.00015,0.30624999999999997,0.0,0.0,0.0,0.0,0.0,0.0,0.0,0.0
0.00015,0.30974999999999997,0.0,0.0,0.0,0.0,0.0,0.0,0.0,0.0
0.00015,0.31325,0.0,0.0,0.0,0.0,0.0,0.0,0.0,0.0
0.00015,0.31675,0.0,0.0,0.0,0.0,0.0,0.0,0.0,0.0
0.00015,0.32025,0.0,0.0,0.0,0.0,0.0,0.0,0.0,0.0
0.00015,0.32375,0.0,0.0,0.0,0.0,0.0,0.0,0.0,0.0
0.00015,0.32725,0.0,0.0,0.0,0.0,0.0,0.0,0.0,0.0
0.00015,0.33075,0.0,0.0,0.0,0.0,0.0,0.0,0.0,0.0
0.00015,0.33425,0.0,0.0,0.0,0.0,0.0,0.0,0.0,0.0
0.00015,0.33775,0.0,0.0,0.0,0.0,0.0,0.0,0.0,0.0
0.00015,0.34125,0.0,0.0,0.0,0.0,0.0,0.0,0.0,0.0
0.00015,0.34475,0.0,0.0,0.0,0.0,0.0,0.0,0.0,0.0
0.00015,0.34825,0.0,0.0,0.0,0.0,0.0,0.0,0.0,0.0
0.00045,0.00175,0.0,0.0,0.0,0.0,0.0,0.0,0.0,0.0
0.00045,0.0052499999999999995,0.0,0.0,0.0,0.0,0.0,0.0,0.0,0.0
0.00045,0.008749999999999999,0.0,0.0,0.0,0.0,0.0,0.0,0.0,0.0
0.00045,0.01225,4562.0,0.008693845605899567,3.666952445558928e-5,-1.2426919694003715,-5.785751553178169,159.04076834998594,228.98415421013925,8.891686255064077
0.00045,0.01575,31034.0,0.00833901903124652,3.763934427727968e-5,-0.27453018890086633,-2.3616801011021926,170.77424779133696,246.236746220464,2.203965215935671
0.00045,0.01925,81999.0,0.007296977873860618,3.270493774217274e-5,-0.15968280144423305,-1.2347806075748788,177.32541845496306,248.6586046416695,0.40608398692969927
0.00045,0.02275,184891.0,0.006192467819621953,3.072712426936158e-5,0.04723987563523439,-1.1667564184891348,170.9840531525406,253.86130162065166,-0.0907097626475422
0.00045,0.02625,417679.0,0.00467794546669656,2.6045760899998627e-5,0.03797984426135583,-1.8042065352640373,169.62588836234832,250.07606381021867,0.5188636110169863
0.00045,0.02975,1.082534e6,0.0029287192752108777,1.7131491640383826e-5,0.0014272677385207253,-2.0762904195136564,168.28175635997138,250.6687924843133,-0.124558304436077
0.00045,0.03325,7.29799e6,0.0006828279588712652,4.60316458899412e-6,0.009736835794553193,-5.997647177410662,123.55708113480897,256.9220198391543,0.04408539665254289
0.00045,0.03675,6.83384e6,0.0007303726725848713,5.174700617965093e-6,-0.0059564517069288815,5.945023596300135,122.25110212753468,243.79979697386446,0.05951490680014022
0.00045,0.04025,1.301497e6,0.00345489108683492,2.1515312811485997e-5,0.013181869448182603,3.7223230547477257,170.22023587932094,263.89095048015264,-0.7662330529058948
0.00045,0.04375,849383.0,0.005482227745781537,3.195374185769725e-5,0.018599689375880323,2.575600272972966,170.83494887642382,254.96557379104294,0.44582891252300844
0.00045,0.04725,585038.0,0.0071996890650122105,3.822507781936208e-5,-0.0748491923332304,2.408069725392012,170.65169623010001,251.00798477549705,-1.0463047217316015
0.00045,0.050749999999999997,422205.0,0.008783182559821398,4.228932350740008e-5,0.034277177831718963,2.3733745330136773,174.57091217050382,242.83835661093997,0.009079487971709066
0.00045,0.05425,342045.0,0.009912442473537243,4.4867938184592164e-5,0.14077849239232515,3.874281791361494,172.98160597056722,259.16734847753867,1.3725131614650556
0.00045,0.057749999999999996,275597.0,0.010787417536969431,4.610737297473733e-5,-0.10386038942363801,6.079260961933967,182.20695501862005,269.0786840084173,0.4157251817029199
0.00045,0.06125,228418.0,0.011282215537403382,4.6367270156528555e-5,-0.09898700685427045,13.199286059592458,192.1502228414611,396.443226305089,-1.499343978232614
0.00045,0.06475,122211.0,0.01150030096233598,4.710765828699932e-5,0.00747647665228025,27.157469289272385,175.37122861169368,939.7450193370647,-1.1020658600473234
0.00045,0.06824999999999999,47744.0,0.011643536122937897,4.6587845182572325e-5,-0.1352387877194583,36.63822080890909,118.43553629478001,1533.654601262624,-4.484717760344506
0.00045,0.07175,30872.0,0.011776281138656721,4.677717711201656e-5,-0.07502351442632087,27.780769051848313,95.42364163000872,1062.5657519203319,-3.0808174519767877
0.00045,0.07525,38601.0,0.012440830209903055,4.7282734972760094e-5,-0.1799918321487476,12.709421608105359,86.40450539073626,386.77462724626434,-1.1078616524057827
0.00045,0.07875,55876.0,0.013332136703921823,5.067612661371437e-5,-0.11875949753090914,5.375336346503829,71.65477481425334,164.12618249750832,-0.058525849775652596
0.00045,0.08225,57669.0,0.014374159281304907,5.202346701730846e-5,0.002889679036423059,2.6524457933747696,63.705502899363374,106.1314501011583,0.7566970434120248
0.00045,0.08574999999999999,56795.0,0.01614681910276605,5.856935996795621e-5,0.1915608304460158,1.8228025234530412,54.2116545347453,84.9477320860096,0.6511104551876757
0.00045,0.08925,47831.0,0.017482341478248124,5.9187285499604455e-5,-0.04319506393005342,2.0604236452482314,50.29687599203816,78.47119339017866,0.32635087576187755
0.00045,0.09275,43488.0,0.019411959442236944,6.037994434321177e-5,0.059569800838268,2.340526632531784,48.62287751977906,75.2324813248905,1.0368327577378191
0.00045,0.09625,38684.0,0.020987894718232463,6.628111714343139e-5,-0.27632999729095054,1.8637912361272295,47.554600387050776,68.7777916598048,-0.5504712408756336
0.00045,0.09974999999999999,32447.0,0.023076530366750427,7.850182877487533e-5,-0.0025425934200910792,2.945234092286956,47.33967915189063,71.55876733776527,0.07741417877128275
0.00045,0.10325,23445.0,0.023674963459494762,7.134940909497255e-5,-0.059312166309462,5.0546012830010305,46.515789729424505,88.37514227433252,-1.4085418756956625
0.00045,0.10675,8040.0,0.02441361037338251,6.487141443128369e-5,0.13475960999555991,7.300702035473827,44.12985613508872,109.82597929065439,1.0536487581409582
0.00045,0.11025,283.0,0.023008018154243283,6.094963229508708e-5,1.8374332067295778,18.51195392218919,42.88722204569462,389.1248237077404,32.637907460981744
0.00045,0.11374999999999999,81.0,0.024521667796851273,6.0134497219790606e-5,0.2153231262377428,26.458255206221228,17.78762742010011,742.0604868979964,9.742052090511917
0.00045,0.11725,35.0,0.029584845670263597,9.040534041413213e-5,0.7448075681629382,26.82156797649075,13.610446343851274,749.5188293842101,27.13443843895613
0.00045,0.12075,15.0,0.0315895517982555,0.0002277811930887128,-1.5817968877995303,30.677296175444727,11.841834556718961,958.0975991962954,-48.12359200720946
0.00045,0.12425,4.0,0.03082203045672944,0.00011792515863438333,-0.1837328047386632,32.181519804283695,0.18024898466927186,1056.2814907511547,-4.353023980339749
0.00045,0.12775,3.0,0.025726454429917434,9.273763870244724e-5,0.4425867087718126,34.38231025545199,3.5410456447013505,1192.224767817777,17.44759103806382
0.00045,0.13125,2.0,0.02052070133529819,1.3426850514732749e-8,0.8777892065573397,37.720089895941854,1.2545167487747988,1423.949090686742,33.854367877798694
0.00045,0.13475,1.0,0.03942129652961061,0.0,-0.9305402416443821,33.442334580080164,0.8659051413195851,1118.3897421660256,-31.119438101300073
0.00045,0.13824999999999998,0.0,0.0,0.0,0.0,0.0,0.0,0.0,0.0
0.00045,0.14175,2.0,0.028534597630828447,4.717107202524639e-5,-1.981048331514673,34.24627784123686,4.0440753990822405,1174.4457936023146,-68.28603368956828
0.00045,0.14525,1.0,0.01346593843454,0.0,-1.0269804230149537,29.510512288655754,1.0546887892559733,870.8703355389023,-30.306718393591677
0.00045,0.14875,0.0,0.0,0.0,0.0,0.0,0.0,0.0,0.0
0.00045,0.15225,1.0,0.036117129602278406,0.0,0.6874810965422892,31.160869746326235,0.4726302581029883,970.9998033475096,21.422508902415803
0.00045,0.15575,2.0,0.025228868184913374,2.3671479226892413e-5,-0.2725197741807266,29.797197338489845,2.00494684778358,897.4816271612424,-12.427440762531532
0.00045,0.15925,0.0,0.0,0.0,0.0,0.0,0.0,0.0,0.0
0.00045,0.16275,1.0,0.025884868390767788,0.0,-1.4365823491554373,35.357407967040146,2.0637688459049546,1250.1462981477139,-50.7938281973377
0.00045,0.16625,0.0,0.0,0.0,0.0,0.0,0.0,0.0,0.0
0.00045,0.16974999999999998,3.0,0.021639625547879526,1.0442670321716726e-5,0.1083821069546006,31.861954969410956,0.6181058467800751,1015.6342610944478,3.7573030070738085
0.00045,0.17325,2.0,0.02057992016608573,5.189999177105002e-6,0.7405336331626673,30.7967092417614,0.5801578872278448,951.5326521066072,22.49241868934225
0.00045,0.17675,0.0,0.0,0.0,0.0,0.0,0.0,0.0,0.0
0.00045,0.18025,1.0,0.02908689362914091,0.0,-2.4905277231525496,37.53712636597135,6.202728339791422,1409.0358558149017,-93.48725386193217
0.00045,0.18375,2.0,0.030853816318325435,1.3107167778621e-5,-1.277562774143857,34.69844992729717,2.0467462553859876,1226.0270292605746,-47.352565963343636
0.00045,0.18725,4.0,0.02686952266346844,4.556736997961644e-5,-1.3945657784676362,34.82254079096769,3.498826091115811,1221.6811861595716,-49.0853607528547
0.00045,0.19075,0.0,0.0,0.0,0.0,0.0,0.0,0.0,0.0
0.00045,0.19425,0.0,0.0,0.0,0.0,0.0,0.0,0.0,0.0
0.00045,0.19774999999999998,2.0,0.029707918560377654,0.00013631265585636708,-1.381742295618783,38.39075049843772,3.6889183531207506,1489.4321946196183,-58.31226327957788
0.00045,0.20124999999999998,0.0,0.0,0.0,0.0,0.0,0.0,0.0,0.0
0.00045,0.20475,0.0,0.0,0.0,0.0,0.0,0.0,0.0,0.0
0.00045,0.20825,1.0,0.029002237735772006,0.0,-0.2763153300708434,31.062250133368153,0.07635016163215914,964.8633833479298,-8.58297589834472
0.00045,0.21175,0.0,0.0,0.0,0.0,0.0,0.0,0.0,0.0
0.00045,0.21525,0.0,0.0,0.0,0.0,0.0,0.0,0.0,0.0
0.00045,0.21875,0.0,0.0,0.0,0.0,0.0,0.0,0.0,0.0
0.00045,0.22225,0.0,0.0,0.0,0.0,0.0,0.0,0.0,0.0
0.00045,0.22575,0.0,0.0,0.0,0.0,0.0,0.0,0.0,0.0
0.00045,0.22924999999999998,0.0,0.0,0.0,0.0,0.0,0.0,0.0,0.0
0.00045,0.23274999999999998,0.0,0.0,0.0,0.0,0.0,0.0,0.0,0.0
0.00045,0.23625,0.0,0.0,0.0,0.0,0.0,0.0,0.0,0.0
0.00045,0.23975,1.0,0.02697250320812973,0.0,2.9256716991703877,33.34504185575408,8.559554891326544,1111.8918163619917,97.55664526503175
0.00045,0.24325,0.0,0.0,0.0,0.0,0.0,0.0,0.0,0.0
0.00045,0.24675,0.0,0.0,0.0,0.0,0.0,0.0,0.0,0.0
0.00045,0.25025,0.0,0.0,0.0,0.0,0.0,0.0,0.0,0.0
0.00045,0.25375,0.0,0.0,0.0,0.0,0.0,0.0,0.0,0.0
0.00045,0.25725,0.0,0.0,0.0,0.0,0.0,0.0,0.0,0.0
0.00045,0.26075,0.0,0.0,0.0,0.0,0.0,0.0,0.0,0.0
0.00045,0.26425,0.0,0.0,0.0,0.0,0.0,0.0,0.0,0.0
0.00045,0.26775,1.0,0.02766347078877874,0.0,-4.134352868384509,32.12449988891685,17.092873640319215,1031.9834931130188,-132.81401826116124
0.00045,0.27125,0.0,0.0,0.0,0.0,0.0,0.0,0.0,0.0
0.00045,0.27475,0.0,0.0,0.0,0.0,0.0,0.0,0.0,0.0
0.00045,0.27825,0.0,0.0,0.0,0.0,0.0,0.0,0.0,0.0
0.00045,0.28175,0.0,0.0,0.0,0.0,0.0,0.0,0.0,0.0
0.00045,0.28525,0.0,0.0,0.0,0.0,0.0,0.0,0.0,0.0
0.00045,0.28875,0.0,0.0,0.0,0.0,0.0,0.0,0.0,0.0
0.00045,0.29225,0.0,0.0,0.0,0.0,0.0,0.0,0.0,0.0
0.00045,0.29575,0.0,0.0,0.0,0.0,0.0,0.0,0.0,0.0
0.00045,0.29925,0.0,0.0,0.0,0.0,0.0,0.0,0.0,0.0
0.00045,0.30275,0.0,0.0,0.0,0.0,0.0,0.0,0.0,0.0
0.00045,0.30624999999999997,0.0,0.0,0.0,0.0,0.0,0.0,0.0,0.0
0.00045,0.30974999999999997,0.0,0.0,0.0,0.0,0.0,0.0,0.0,0.0
0.00045,0.31325,0.0,0.0,0.0,0.0,0.0,0.0,0.0,0.0
0.00045,0.31675,0.0,0.0,0.0,0.0,0.0,0.0,0.0,0.0
0.00045,0.32025,0.0,0.0,0.0,0.0,0.0,0.0,0.0,0.0
0.00045,0.32375,0.0,0.0,0.0,0.0,0.0,0.0,0.0,0.0
0.00045,0.32725,0.0,0.0,0.0,0.0,0.0,0.0,0.0,0.0
0.00045,0.33075,0.0,0.0,0.0,0.0,0.0,0.0,0.0,0.0
0.00045,0.33425,0.0,0.0,0.0,0.0,0.0,0.0,0.0,0.0
0.00045,0.33775,1.0,0.02701439999349156,0.0,1.3650044131082897,30.60629195542409,1.8632370478051064,936.7451072606574,41.777723588034625
0.00045,0.34125,0.0,0.0,0.0,0.0,0.0,0.0,0.0,0.0
0.00045,0.34475,1.0,0.05114368935939077,0.0,-27.447011953739985,27.76076922218778,753.3384651887457,770.6603078075683,-761.9501646864051
0.00045,0.34825,0.0,0.0,0.0,0.0,0.0,0.0,0.0,0.0
0.00075,0.00175,0.0,0.0,0.0,0.0,0.0,0.0,0.0,0.0
0.00075,0.0052499999999999995,0.0,0.0,0.0,0.0,0.0,0.0,0.0,0.0
0.00075,0.008749999999999999,0.0,0.0,0.0,0.0,0.0,0.0,0.0,0.0
0.00075,0.01225,7530.0,0.008029243320854702,2.489259829801144e-5,-0.13023187418582616,-6.420444490671063,169.3249579220361,256.34359225032324,14.123253377091993
0.00075,0.01575,50884.0,0.008172501212308064,3.7070810722344024e-5,-0.1315023944883688,-2.552661571524442,167.48495585163624,236.82000374882716,1.603664770921252
0.00075,0.01925,136760.0,0.00725980773413216,3.384843845829682e-5,-0.05793908582251225,-1.5004196045757296,172.3469665414234,241.76569875284247,-0.4926024847749054
0.00075,0.02275,299587.0,0.006195040692821687,2.989042919475114e-5,0.1670738808870407,-1.2204997458451834,172.52103292645813,253.2072324712305,-0.25594565575910283
0.00075,0.02625,691436.0,0.004691828495352609,2.6251426024921354e-5,0.07978109905998623,-1.7578454468464275,170.7764374376746,249.64178305125347,0.5119351098673617
0.00075,0.02975,1.806636e6,0.0029565706319585935,1.744276980998844e-5,-0.040272811607721754,-2.0608889539732207,168.71438710124892,251.50697879721656,0.0537252728656474
0.00075,0.03325,8.744115e6,0.000935116356250316,6.200154234005628e-6,0.01821817826692204,-4.48541057811132,141.43633842516022,252.0553569753853,-0.19052443798409752
0.00075,0.03675,8.056703e6,0.001026005747862549,7.1160502298995305e-6,0.024458235946372017,4.5986598734408455,140.3271788652793,239.6039212926818,0.08583823653957665
0.00075,0.04025,2.170095e6,0.0035107880608898838,2.2029610147118175e-5,0.017493509374791768,3.551672220276671,169.35776074135444,262.63300953034593,0.35358694943486696
0.00075,0.04375,1.415024e6,0.0055240802030257575,3.1990513553722534e-5,-0.03879272040762856,2.4898332772873215,170.26402729294054,254.58070509630966,-0.6722835983054328
0.00075,0.04725,971050.0,0.007235039239086935,3.874420322260256e-5,0.011173134459201836,2.444865180603063,170.95445028116,251.2759679041642,-0.3559548188592298
0.00075,0.050749999999999997,713844.0,0.008812509577467537,4.3308455946619706e-5,0.08042369085205525,2.495686143174038,173.62369519338264,243.9895300936288,-0.22185498049672364
0.00075,0.05425,570539.0,0.009921327846009199,4.462486772570722e-5,-0.036853490975018055,4.025841792591981,173.7187295363845,259.0953657289311,-0.8683607229901598
0.00075,0.057749999999999996,459123.0,0.010742575435759285,4.553576457461285e-5,-0.08442242903939985,5.904200592849531,179.26366455812723,265.5471569234212,-0.06025686967300986
0.00075,0.06125,371826.0,0.011283828676743875,4.626246310757941e-5,-0.056849837358407616,12.852202437023985,190.26285021765065,386.8442449194959,-1.5226969819856204
0.00075,0.06475,197118.0,0.011535798611953295,4.7071569706401273e-5,-0.004732434966452184,27.101567165216906,172.9831986962273,936.0845337101086,0.2669043578094314
0.00075,0.06824999999999999,76459.0,0.011628349871982843,4.667425205101982e-5,-0.04140723903453932,36.562097020341575,116.28662757792657,1523.9442337621274,-0.5195931231340384
0.00075,0.07175,51527.0,0.011999362735372802,4.8510018384808705e-5,0.003420846249530967,26.839160627448088,96.14237776995932,1013.5794443001339,2.0051632030593893
0.00075,0.07525,64608.0,0.012445514735920886,4.7596680689766606e-5,-0.006542193783959215,12.551965315829829,83.83818965583431,391.3410432073245,-0.05878308250590645
0.00075,0.07875,91318.0,0.013392333902715088,5.1075255821903945e-5,0.11289920315189657,5.494397415947275,71.6445893441275,166.75538184568956,2.134250189949186
0.00075,0.08225,98327.0,0.014559020734316369,5.4964446816004346e-5,0.09054857782738977,2.59701907236209,61.789167230937956,104.4042031372367,0.49020212522857365
0.00075,0.08574999999999999,94311.0,0.01611822844333451,5.689178629324821e-5,-0.07395306848471359,2.0853030446439633,56.609439473435486,87.09984111992938,0.025915405168438346
0.00075,0.08925,79073.0,0.01749735055042473,6.030485103091943e-5,0.13838594825138611,2.1500682456292854,51.797775561928184,77.69523061103718,0.9266253273686352
0.00075,0.09275,73162.0,0.019592486458813504,6.405839809613578e-5,-0.06550061713952253,2.1111603558732215,48.91310338650683,75.14674878503045,0.25869450228705265
0.00075,0.09625,64888.0,0.02110560886687948,6.773528657068411e-5,0.0012741456098176566,2.385632118095888,48.62727036081869,70.32324802230924,-0.771610452158583
0.00075,0.09974999999999999,53138.0,0.02275900712137455,7.588353694868642e-5,-0.0474884962163763,2.8879267954030268,45.53371292647164,68.95984222205016,0.5343922988995174
0.00075,0.10325,38544.0,0.02380227890339341,7.394825509181928e-5,0.046657215801560556,4.892698214910996,45.78107632328081,85.3150910042224,-0.030505211779328373
0.00075,0.10675,14455.0,0.0243135151439379,6.943578753233099e-5,-0.07822783784601725,7.784300886614809,45.755555469317784,120.21587398049472,-1.3752039683804744
0.00075,0.11025,504.0,0.025145718750585147,6.0977484384012287e-5,0.2996336227858557,20.33843005824629,36.217368218214936,464.00508943060686,9.35139025379821
0.00075,0.11374999999999999,151.0,0.02513321731848603,7.007306556230146e-5,0.01707141701105692,27.195101497942904,18.54120901199547,766.3814402302385,4.235083829222131
0.00075,0.11725,54.0,0.02433637399876957,4.6983509684526186e-5,-0.5136459673602658,30.0614884449764,14.806900245702076,928.3566658149201,-20.057762815748152
0.00075,0.12075,26.0,0.02735706577203713,0.00010220643966034248,-0.3829042056299298,30.4132826703653,9.57316727198526,945.6930337676804,-17.35750003821555
0.00075,0.12425,11.0,0.026498901045505528,0.000166962005650637,-0.9288901904815899,32.66255539270769,10.534984843161574,1101.0070551839817,-40.06145429392773
0.00075,0.12775,4.0,0.023322358532439646,2.5090993791573704e-5,-1.1804693447871553,31.94185594038445,2.4839241457885097,1023.1518801585842,-36.98303026362303
0.00075,0.13125,1.0,0.02469396756139017,0.0,1.6286378436103721,27.157012612033807,2.652461225639843,737.5033340101633,44.22893845936242
0.00075,0.13475,1.0,0.038189132366640316,0.0,0.1530063837682197,13.650341562618182,0.023410953473827725,186.3318247761414,2.0885893996972373
0.00075,0.13824999999999998,2.0,0.023880013255866667,3.575197425967757e-5,0.06669875538375702,33.99934924999277,2.635689702086231,1162.586197365173,6.444591860083044
0.00075,0.14175,1.0,0.02578029256882821,0.0,2.6314466972544115,41.76117971733047,6.92451172049115,1743.9961313831739,109.89231844061719
0.00075,0.14525,2.0,0.025010629816258765,7.384734172056798e-5,-1.210794020208525,31.444720459332707,6.065685128496614,1004.1733799487465,-46.49022334847179
0.00075,0.14875,2.0,0.02210824036522451,3.068606337140033e-5,1.8127345481399186,30.935552989736017,5.631360921513979,971.9126728934227,61.990281143631584
0.00075,0.15225,4.0,0.026253125454396037,8.215441636547816e-5,-0.41622820894701607,35.901309568025,1.4331039194878383,1302.7676459334589,-14.788505309725014
0.00075,0.15575,3.0,0.025831638381246757,2.6262853055815887e-5,-0.9365773518906587,28.378254210576223,1.307006668663853,808.5261822579718,-25.89083181208582
0.00075,0.15925,4.0,0.023728310595481656,2.9933034536433456e-5,0.4159823518883053,29.409274817695398,3.5917965474499978,877.3983954756629,8.534552634074103
0.00075,0.16275,1.0,0.017682107875216464,0.0,0.3587154475832173,19.906659350508278,0.1286767723348279,396.2750864971787,7.140826218804214
0.00075,0.16625,1.0,0.01538882506087784,0.0,0.23293635839589655,25.631480915741484,0.05425934706274156,656.9728139340199,5.970503824806741
0.00075,0.16974999999999998,0.0,0.0,0.0,0.0,0.0,0.0,0.0,0.0
0.00075,0.17325,3.0,0.02521482124073144,1.2788878331289728e-5,-2.1068963384567696,29.231327960248382,19.8596972274009,855.5386755141101,-58.825729506887704
0.00075,0.17675,3.0,0.033811520343619825,1.8439133193940412e-6,1.0546262580382049,32.0498437951029,4.285666301662523,1028.298212285527,34.943893580868824
0.00075,0.18025,2.0,0.026459929910463507,5.111384861247856e-7,-2.171853389962094,32.231796416211665,24.6766738727139,1041.9611213444434,-62.17172832323804
0.00075,0.18375,1.0,0.028087402788554518,0.0,-0.5176087252532446,32.3315028443776,0.26791879245828887,1045.326076175997,-16.735067972799943
0.00075,0.18725,2.0,0.02534384759939385,2.3983572610382804e-6,0.7034919640827845,36.211366207509016,2.5543868784081027,1311.4037623990307,26.01274556431374
0.00075,0.19075,1.0,0.03473414347593416,0.0,2.6161131215928144,25.099817678750494,6.8440478649701,630.0008475065158,65.66396237896646
0.00075,0.19425,0.0,0.0,0.0,0.0,0.0,0.0,0.0,0.0
0.00075,0.19774999999999998,1.0,0.03759769683333221,0.0,2.281170586965652,32.939802515642285,5.203739246837217,1085.0305897695139,75.14130863914038
0.00075,0.20124999999999998,1.0,0.0320732222738404,0.0,-0.7443958701092932,27.476547892014636,0.5541252114357718,754.960684062174,-20.453428775675903
0.00075,0.20475,0.0,0.0,0.0,0.0,0.0,0.0,0.0,0.0
0.00075,0.20825,2.0,0.03301207296883453,2.8109034446086955e-5,-1.4603472583855446,26.313417161656183,2.800771319315394,697.6702690302601,-36.5494699733883
0.00075,0.21175,0.0,0.0,0.0,0.0,0.0,0.0,0.0,0.0
0.00075,0.21525,0.0,0.0,0.0,0.0,0.0,0.0,0.0,0.0
0.00075,0.21875,1.0,0.024380772683342995,0.0,0.82233193168819,28.49673987304883,0.6762298058740299,812.0641833922111,23.43377914662011
0.00075,0.22225,0.0,0.0,0.0,0.0,0.0,0.0,0.0,0.0
0.00075,0.22575,0.0,0.0,0.0,0.0,0.0,0.0,0.0,0.0
0.00075,0.22924999999999998,0.0,0.0,0.0,0.0,0.0,0.0,0.0,0.0
0.00075,0.23274999999999998,0.0,0.0,0.0,0.0,0.0,0.0,0.0,0.0
0.00075,0.23625,0.0,0.0,0.0,0.0,0.0,0.0,0.0,0.0
0.00075,0.23975,0.0,0.0,0.0,0.0,0.0,0.0,0.0,0.0
0.00075,0.24325,0.0,0.0,0.0,0.0,0.0,0.0,0.0,0.0
0.00075,0.24675,0.0,0.0,0.0,0.0,0.0,0.0,0.0,0.0
0.00075,0.25025,0.0,0.0,0.0,0.0,0.0,0.0,0.0,0.0
0.00075,0.25375,0.0,0.0,0.0,0.0,0.0,0.0,0.0,0.0
0.00075,0.25725,1.0,0.03120280112391931,0.0,-0.7301373253141664,30.481192868096706,0.5331005138169249,929.1031186621095,-22.255456633097374
0.00075,0.26075,0.0,0.0,0.0,0.0,0.0,0.0,0.0,0.0
0.00075,0.26425,0.0,0.0,0.0,0.0,0.0,0.0,0.0,0.0
0.00075,0.26775,0.0,0.0,0.0,0.0,0.0,0.0,0.0,0.0
0.00075,0.27125,0.0,0.0,0.0,0.0,0.0,0.0,0.0,0.0
0.00075,0.27475,0.0,0.0,0.0,0.0,0.0,0.0,0.0,0.0
0.00075,0.27825,0.0,0.0,0.0,0.0,0.0,0.0,0.0,0.0
0.00075,0.28175,0.0,0.0,0.0,0.0,0.0,0.0,0.0,0.0
0.00075,0.28525,0.0,0.0,0.0,0.0,0.0,0.0,0.0,0.0
0.00075,0.28875,0.0,0.0,0.0,0.0,0.0,0.0,0.0,0.0
0.00075,0.29225,0.0,0.0,0.0,0.0,0.0,0.0,0.0,0.0
0.00075,0.29575,0.0,0.0,0.0,0.0,0.0,0.0,0.0,0.0
0.00075,0.29925,1.0,0.01889288115052403,0.0,-1.257954950454619,36.4007056313275,1.582450657373283,1325.0113704585574,-45.790447848969755
0.00075,0.30275,0.0,0.0,0.0,0.0,0.0,0.0,0.0,0.0
0.00075,0.30624999999999997,0.0,0.0,0.0,0.0,0.0,0.0,0.0,0.0
0.00075,0.30974999999999997,1.0,0.026010149327605796,0.0,0.4621954433104515,28.84364448835695,0.21362462781694477,831.9558273707243,13.331401050985201
0.00075,0.31325,0.0,0.0,0.0,0.0,0.0,0.0,0.0,0.0
0.00075,0.31675,0.0,0.0,0.0,0.0,0.0,0.0,0.0,0.0
0.00075,0.32025,0.0,0.0,0.0,0.0,0.0,0.0,0.0,0.0
0.00075,0.32375,0.0,0.0,0.0,0.0,0.0,0.0,0.0,0.0
0.00075,0.32725,0.0,0.0,0.0,0.0,0.0,0.0,0.0,0.0
0.00075,0.33075,0.0,0.0,0.0,0.0,0.0,0.0,0.0,0.0
0.00075,0.33425,1.0,0.03091205498615294,0.0,1.3508679756146107,38.449166080336305,1.8248442875411164,1478.3383722732838,51.93974714701386
0.00075,0.33775,0.0,0.0,0.0,0.0,0.0,0.0,0.0,0.0
0.00075,0.34125,0.0,0.0,0.0,0.0,0.0,0.0,0.0,0.0
0.00075,0.34475,0.0,0.0,0.0,0.0,0.0,0.0,0.0,0.0
0.00075,0.34825,0.0,0.0,0.0,0.0,0.0,0.0,0.0,0.0
0.00105,0.00175,0.0,0.0,0.0,0.0,0.0,0.0,0.0,0.0
0.00105,0.0052499999999999995,0.0,0.0,0.0,0.0,0.0,0.0,0.0,0.0
0.00105,0.008749999999999999,0.0,0.0,0.0,0.0,0.0,0.0,0.0,0.0
0.00105,0.01225,10070.0,0.008032772091813871,2.787706721845737e-5,-0.03827679395113096,-7.182641610484793,168.70816546145647,252.02276305918792,2.097875718729962
0.00105,0.01575,69870.0,0.008101744066947868,3.410362584328401e-5,0.31449491565091003,-2.49965823942636,173.03476609231328,244.80744089464807,1.1736175092681502
0.00105,0.01925,187420.0,0.007252942618345135,3.482224020746445e-5,-0.05939291916492597,-1.4875407515167043,170.90741729148826,247.4913943914464,-0.9820244860920098
0.00105,0.02275,418415.0,0.006251873507983216,3.104779899060377e-5,0.09874615735749698,-1.0341396990962188,173.2108762789007,250.4108518170165,-0.5107404380409117
0.00105,0.02625,962843.0,0.004681275800804699,2.5453321326988592e-5,0.019674787681093184,-1.5978381093339338,169.55890706391165,249.70101296547193,0.7574841337688647
0.00105,0.02975,2.500443e6,0.0029652235674152002,1.7350843169253416e-5,-0.008360542115948878,-1.9905398454125793,169.29443246691048,252.83714256617895,-0.0032580190225448024
0.00105,0.03325,9.79959e6,0.0011534203178880892,7.530927913025601e-6,0.03192271357986417,-3.504134197319125,151.11788774430914,249.42057965101222,0.19686702311468893
0.00105,0.03675,9.009212e6,0.0012826573003123347,8.772035906438094e-6,0.005870773323388313,3.811637031699745,149.75375695184465,239.8061245977875,-0.17938422937802756
0.00105,0.04025,3.026675e6,0.0035713291831720854,2.2454181459618818e-5,-0.009802677990257021,3.39462640315809,168.64181608181485,261.31609593510353,-0.14502047742938057
0.00105,0.04375,1.978936e6,0.0055133183853437965,3.16458825005329e-5,0.03602396739714704,2.473626065682869,170.9059105389061,254.62576356626707,-0.9930764333804427
0.00105,0.04725,1.361773e6,0.007241311881398793,3.828694003609769e-5,0.04806189243262023,2.469294268063825,171.03010858836657,252.00415935516094,-0.16394708638236655
0.00105,0.050749999999999997,1.014534e6,0.008757081038337371,4.2948019830089844e-5,0.05356089950210509,2.6126625509855548,173.7198991219743,245.4666668625051,0.1799451393035945
0.00105,0.05425,795478.0,0.009948644951705094,4.482889501050755e-5,0.06521707712946909,3.873238425164942,174.18891832296904,257.0448439495666,-0.2401371155600448
0.00105,0.057749999999999996,642317.0,0.010748686311353443,4.614442828816715e-5,-0.026281120455232204,5.7881728139323565,179.6280994353655,264.38810900690464,-0.9687467532356344
0.00105,0.06125,505080.0,0.011287466506811646,4.669956872929884e-5,-0.09087066698124598,12.425661862680277,191.70364502132952,375.92450961641305,-1.2431401981115882
0.00105,0.06475,260775.0,0.011507420119463112,4.631309979530477e-5,-0.16087693978022966,26.971513086664014,175.03106914184877,928.7335673487632,-4.134742450683115
0.00105,0.06824999999999999,99052.0,0.011688146611911367,4.668636218801102e-5,0.031699054330463786,36.173254562398824,119.1487968698832,1500.5774846455706,2.7103947490088585
0.00105,0.07175,69486.0,0.011796630162762514,4.5983374749575233e-5,0.07775857547600348,26.324734855501315,98.42039975203903,996.8581347752246,2.440005216784985
0.00105,0.07525,91298.0,0.012549975870074724,4.806608178720383e-5,-0.14073214330236783,12.409767252388038,82.10646957948505,382.1670378210389,-1.4761193641047687
0.00105,0.07875,125992.0,0.013360448718126668,5.1315114186466854e-5,0.0071505825123901155,5.3775983305401756,71.59645511096184,163.1255196450754,-0.23415178199796152
0.00105,0.08225,132506.0,0.014541121089576156,5.491742296484335e-5,-0.04697318035243418,2.646846781011308,61.24371971357172,102.18567268448112,0.7811614186776233
0.00105,0.08574999999999999,130515.0,0.016257604945897956,5.867290375283758e-5,-0.10531465914451328,1.9906646891425128,55.730809345333654,85.62691368040969,0.33610788593150437
0.00105,0.08925,113513.0,0.017570989356005134,6.184125400203542e-5,0.027989154885375622,2.1513887702872805,50.816590482909135,76.6744931095101,-0.08015242478765357
0.00105,0.09275,101865.0,0.019657697174778055,6.780133235471822e-5,-0.07420415636278468,2.1324842294207356,48.27143575181791,73.7660395039604,-0.02291430791430047
0.00105,0.09625,90461.0,0.0212280080252941,6.744376278710594e-5,0.05231259189747988,2.4933951843550446,48.39639677309162,72.19220126822252,-0.2922752152821859
0.00105,0.09974999999999999,73334.0,0.022809877372627768,7.002699127026105e-5,0.01984984661603408,2.894436768527398,45.16627807896464,71.20414498921123,0.5304382118334072
0.00105,0.10325,54564.0,0.02379781304864276,7.325839739169078e-5,-0.1346009981455397,4.614427247623002,44.401691587821084,80.41247958888357,-0.19163030881203413
0.00105,0.10675,24195.0,0.024329506625003095,6.906012101222088e-5,-0.212316211487936,8.204801948606816,45.35416697784969,132.31163411339847,0.08274321408392658
0.00105,0.11025,680.0,0.02495383444316118,6.970873377583787e-5,0.5422722295643554,21.04873288611576,36.83299519078395,484.1003124942816,7.254029697455195
0.00105,0.11374999999999999,181.0,0.02603988468216952,6.417789022406774e-5,-0.04788144084033645,26.34022733458096,18.33989449440376,714.8861339846974,-0.5320364022127391
0.00105,0.11725,86.0,0.026112276991001316,6.730263481772683e-5,-0.057471706843979155,29.28792791163546,10.559081711724017,886.6406167020556,-6.460763265800479
0.00105,0.12075,27.0,0.02633176546636138,7.787633252928618e-5,0.38243302869770834,30.122310560549927,7.075570519020941,925.0253531192235,12.096869511169267
0.00105,0.12425,18.0,0.02937472325378226,9.893533498786221e-5,0.09107117071048071,29.551969287827998,5.9403563647696735,925.7373218471455,4.790007564190166
0.00105,0.12775,9.0,0.02066566599981427,1.9057532009479897e-5,0.2704411484153152,30.27802505158242,1.8622524853146867,934.8759264306301,7.334121312682454
0.00105,0.13125,8.0,0.025861135783753448,5.706135888976735e-5,0.32263015506462184,30.645385151815468,4.587347500479772,953.03832978419,12.619906848952859
0.00105,0.13475,5.0,0.02579158961163289,4.807589460201917e-5,-0.36429503850642875,34.82474042302182,3.767833456473719,1217.1210415869825,-12.444803403988237
0.00105,0.13824999999999998,0.0,0.0,0.0,0.0,0.0,0.0,0.0,0.0
0.00105,0.14175,0.0,0.0,0.0,0.0,0.0,0.0,0.0,0.0
0.00105,0.14525,1.0,0.03249193602415533,0.0,-3.154189437652576,34.213298003579126,9.948911008599074,1170.5497602817115,-107.91522319014925
0.00105,0.14875,0.0,0.0,0.0,0.0,0.0,0.0,0.0,0.0
0.00105,0.15225,1.0,0.023936471813378705,0.0,-2.386994907900973,28.046761718737105,5.697744690345175,786.6208429076172,-66.94747740573742
0.00105,0.15575,3.0,0.03007989050841238,4.36559642536208e-5,-0.5674233004514363,31.190460328038032,3.4287853192085187,1033.9605886272334,-29.65896965005986
0.00105,0.15925,2.0,0.02468983118031591,2.1386885052023814e-5,-1.3695016668823556,33.77945348407878,6.75850180840069,1182.124540188637,-32.09915326837
0.00105,0.16275,5.0,0.029488434034875877,0.00011315295437648882,-1.5775082006089638,31.25962392781417,4.097054208102823,997.8689601226718,-51.561039070256456
0.00105,0.16625,5.0,0.026203505147626278,1.5747481433229942e-5,0.6535073663449811,29.569820204413304,3.994455061746829,881.8543578339965,15.468024789700952
0.00105,0.16974999999999998,2.0,0.01950869471553059,1.9588967573530225e-5,-1.8431794534669625,28.077105772961865,3.432253632407444,788.3618285651369,-51.71472414045672
0.00105,0.17325,5.0,0.030881159594254443,6.758222371389542e-5,-0.09251405302863774,31.99348102070831,4.414011245986599,1032.4748862493643,-7.999092809251775
0.00105,0.17675,3.0,0.02554668910086321,1.6430352011441623e-5,-0.9319466003365269,33.18629846110412,3.2182761408182987,1109.8311363651264,-26.820329389652258
0.00105,0.18025,4.0,0.02486899187772388,5.91232652936906e-6,-0.7910792383095615,33.28084697638171,9.012261154783651,1113.8936354266239,-21.725766067021706
0.00105,0.18375,0.0,0.0,0.0,0.0,0.0,0.0,0.0,0.0
0.00105,0.18725,0.0,0.0,0.0,0.0,0.0,0.0,0.0,0.0
0.00105,0.19075,5.0,0.02675924320468678,4.898426780418817e-5,0.39569267589832474,33.830609243215,0.9423942177317808,1157.7668675405369,10.589395027404807
0.00105,0.19425,2.0,0.02637078795158206,1.2981110601278017e-5,-1.6954489764796086,32.354358746410924,3.7034551514581873,1050.5402631440072,-53.09545453647485
0.00105,0.19774999999999998,0.0,0.0,0.0,0.0,0.0,0.0,0.0,0.0
0.00105,0.20124999999999998,0.0,0.0,0.0,0.0,0.0,0.0,0.0,0.0
0.00105,0.20475,1.0,0.02105306141412487,0.0,0.7185918005096749,29.1033732564723,0.5163741757597363,847.0063349055471,20.913445389273548
0.00105,0.20825,1.0,0.03162405225172304,0.0,-1.4231931745645592,30.46929283903172,2.025478812127148,928.3778061106697,-43.36368960231874
0.00105,0.21175,4.0,0.029137543636966214,4.948823804785154e-5,0.14214924411393726,32.68739668236033,6.702652372408539,1105.4610241302287,10.910463386003467
0.00105,0.21525,1.0,0.04256607861773375,0.0,0.809833249534181,34.51114261482741,0.6558298920510911,1191.0189645809567,27.948270768903235
0.00105,0.21875,0.0,0.0,0.0,0.0,0.0,0.0,0.0,0.0
0.00105,0.22225,0.0,0.0,0.0,0.0,0.0,0.0,0.0,0.0
0.00105,0.22575,1.0,0.019724464053827852,0.0,0.5905588055672598,44.278636378025126,0.3487597028330286,1960.59763949737,26.14913861155354
0.00105,0.22924999999999998,2.0,0.023459316244529828,1.6583291584960716e-5,1.4491543992401517,36.9088530416441,3.620562713522276,1411.7747313256632,44.81007015767384
0.00105,0.23274999999999998,1.0,0.02833422788421226,0.0,-0.7487523442978543,27.68582705197077,0.5606300730915326,766.5050195516365,-20.729827908988067
0.00105,0.23625,0.0,0.0,0.0,0.0,0.0,0.0,0.0,0.0
0.00105,0.23975,0.0,0.0,0.0,0.0,0.0,0.0,0.0,0.0
0.00105,0.24325,0.0,0.0,0.0,0.0,0.0,0.0,0.0,0.0
0.00105,0.24675,0.0,0.0,0.0,0.0,0.0,0.0,0.0,0.0
0.00105,0.25025,0.0,0.0,0.0,0.0,0.0,0.0,0.0,0.0
0.00105,0.25375,0.0,0.0,0.0,0.0,0.0,0.0,0.0,0.0
0.00105,0.25725,1.0,0.0289355942945262,0.0,-1.0596740914607774,35.344310154572,1.122909180113224,1249.2202603025814,-37.453449751354015
0.00105,0.26075,0.0,0.0,0.0,0.0,0.0,0.0,0.0,0.0
0.00105,0.26425,0.0,0.0,0.0,0.0,0.0,0.0,0.0,0.0
0.00105,0.26775,0.0,0.0,0.0,0.0,0.0,0.0,0.0,0.0
0.00105,0.27125,0.0,0.0,0.0,0.0,0.0,0.0,0.0,0.0
0.00105,0.27475,0.0,0.0,0.0,0.0,0.0,0.0,0.0,0.0
0.00105,0.27825,0.0,0.0,0.0,0.0,0.0,0.0,0.0,0.0
0.00105,0.28175,0.0,0.0,0.0,0.0,0.0,0.0,0.0,0.0
0.00105,0.28525,0.0,0.0,0.0,0.0,0.0,0.0,0.0,0.0
0.00105,0.28875,0.0,0.0,0.0,0.0,0.0,0.0,0.0,0.0
0.00105,0.29225,0.0,0.0,0.0,0.0,0.0,0.0,0.0,0.0
0.00105,0.29575,2.0,0.029319682120678682,7.250916054347086e-5,-0.15725296304551406,35.38420079203425,0.46892217882565623,1259.0549427472586,-7.329278457943666
0.00105,0.29925,0.0,0.0,0.0,0.0,0.0,0.0,0.0,0.0
0.00105,0.30275,0.0,0.0,0.0,0.0,0.0,0.0,0.0,0.0
0.00105,0.30624999999999997,0.0,0.0,0.0,0.0,0.0,0.0,0.0,0.0
0.00105,0.30974999999999997,0.0,0.0,0.0,0.0,0.0,0.0,0.0,0.0
0.00105,0.31325,0.0,0.0,0.0,0.0,0.0,0.0,0.0,0.0
0.00105,0.31675,0.0,0.0,0.0,0.0,0.0,0.0,0.0,0.0
0.00105,0.32025,0.0,0.0,0.0,0.0,0.0,0.0,0.0,0.0
0.00105,0.32375,1.0,0.025418513218159872,0.0,2.778195359880147,38.170412571388475,7.7183694576595805,1456.9803958700113,106.0448630905423
0.00105,0.32725,0.0,0.0,0.0,0.0,0.0,0.0,0.0,0.0
0.00105,0.33075,0.0,0.0,0.0,0.0,0.0,0.0,0.0,0.0
0.00105,0.33425,1.0,0.044139179283756214,0.0,-0.9113202878729681,38.00669201523372,0.8305046670888695,1444.5086379408303,-34.63626950842203
0.00105,0.33775,1.0,0.032285953974688544,0.0,10.475846671056676,24.477020160349337,109.74336347548923,599.1245159301478,256.4175101641827
0.00105,0.34125,1.0,0.032239166656330906,0.0,-0.12851929625061334,31.313492346885234,0.016517209508752916,980.5348029584401,-4.024387999570657
0.00105,0.34475,0.0,0.0,0.0,0.0,0.0,0.0,0.0,0.0
0.00105,0.34825,1.0,0.0412248475877626,0.0,1.509064803128158,37.24316827713072,2.277276580040226,1387.0535833186761,56.20235440399713
0.0013499999999999999,0.00175,0.0,0.0,0.0,0.0,0.0,0.0,0.0,0.0
0.0013499999999999999,0.0052499999999999995,0.0,0.0,0.0,0.0,0.0,0.0,0.0,0.0
0.0013499999999999999,0.008749999999999999,0.0,0.0,0.0,0.0,0.0,0.0,0.0,0.0
0.0013499999999999999,0.01225,12833.0,0.008226215569733276,2.99350396912102e-5,0.7200963402754543,-5.917553624858575,171.78909987002186,238.3962828990191,-7.82941829874924
0.0013499999999999999,0.01575,90483.0,0.008196882929338066,3.4879065188166344e-5,-0.07740675333318088,-2.225493641658051,171.03608552797928,241.79040547297507,1.1208309588403327
0.0013499999999999999,0.01925,238288.0,0.007271152156760928,3.460980075611513e-5,0.15001778308731528,-1.478646973137165,174.66179374953725,248.29739381422286,-1.7453697112403859
0.0013499999999999999,0.02275,532173.0,0.006215202119913487,3.062326635104922e-5,-0.03417128426647172,-0.764701269180823,170.8530868994075,249.57642461200882,0.644887649204597
0.0013499999999999999,0.02625,1.212171e6,0.0046854815035254314,2.5005211804812714e-5,0.06928291434630265,-1.4560473036784765,170.0571489074912,249.01136896680663,0.24887256316749493
0.0013499999999999999,0.02975,3.167977e6,0.0030110543246759567,1.771644907926568e-5,-0.02061905222325073,-1.996955682647754,168.99159934630967,253.11147324481007,-0.3507059553035391
0.0013499999999999999,0.03325,1.0553775e7,0.001340266945796364,8.598432166999662e-6,0.0009344599435231454,-2.8385339576158763,157.29637006946936,247.74765184302018,0.006535580025135965
0.0013499999999999999,0.03675,9.753054e6,0.001509751516996591,1.0169067002515451e-5,0.0020907002820417906,3.2504301803628146,155.6383953238291,239.40167700979785,0.12449148294552398
0.0013499999999999999,0.04025,3.832028e6,0.0036229140242875968,2.285941220827851e-5,-0.008919365913486214,3.3379775347094456,168.34770265870026,261.0773892586767,-0.4240924600772877
0.0013499999999999999,0.04375,2.549761e6,0.005535673512408962,3.1682102634763684e-5,-0.0023895235410516646,2.4352958961253357,171.76555238901673,252.82740728897468,-0.38102209877172977
0.0013499999999999999,0.04725,1.736519e6,0.00724109402621107,3.8648298413541294e-5,0.040003994713273754,2.4527544009689835,170.23543881314592,250.95659005621854,0.7712689597832443
0.0013499999999999999,0.050749999999999997,1.303208e6,0.008748873407518367,4.322451926127897e-5,-0.021219654258032444,2.7725432057376516,175.16168612259443,250.0143778200602,0.2579411556336098
0.0013499999999999999,0.05425,1.022151e6,0.009954817970852995,4.503011082754738e-5,0.005114684328534256,3.717363646141424,173.14747487262977,256.66975987906835,0.10410392537254169
0.0013499999999999999,0.057749999999999996,827800.0,0.010793132974070871,4.606515915023122e-5,-0.03158754758739702,5.607645782731626,179.4482888588409,265.10960717705524,-0.38857822335880216
0.0013499999999999999,0.06125,625655.0,0.011232010589151615,4.553869615256216e-5,-0.034376683720330564,12.078903304984868,191.73303956763868,367.8613086167058,-0.7429626805548236
0.0013499999999999999,0.06475,309316.0,0.011518141438661696,4.593878979618189e-5,-0.15657197088882702,26.498057366500653,175.68982752713137,906.6017349139252,-2.3644014108229983
0.0013499999999999999,0.06824999999999999,119244.0,0.011672473956360901,4.669043385031443e-5,-0.09723684203607455,35.61332157887949,118.38368853731876,1463.7109912203491,-1.9505650643532844
0.0013499999999999999,0.07175,86639.0,0.011875054976549235,4.662299034633389e-5,0.00019596535270461937,26.118136222077347,96.55138321704045,976.4076180647749,-0.833630952553349
0.0013499999999999999,0.07525,117641.0,0.01230463819394294,4.5311965870273864e-5,-0.13584184924765574,12.247428510584085,81.62348171008405,376.1455298427213,-0.9621549885861257
0.0013499999999999999,0.07875,158895.0,0.013322384620660717,5.00693055970638e-5,-0.039198593910510574,5.224158181012667,70.71925770978648,158.3022565775133,0.3382074175178354
0.0013499999999999999,0.08225,169242.0,0.01452837167357131,5.220183842130035e-5,0.07339355491364298,2.5813672528978056,63.38069471910593,101.03430381643093,0.7348335188315418
0.0013499999999999999,0.08574999999999999,165537.0,0.016325157633785604,5.9479077218455606e-5,0.014011728134232713,2.036275265690533,55.74759283211255,84.96356458683032,0.26305410274660734
0.0013499999999999999,0.08925,146796.0,0.017785157842169493,6.380268397776404e-5,0.03977960979726555,2.0289120435871384,50.657453614319515,76.6021951906943,-0.286510455000224
0.0013499999999999999,0.09275,125348.0,0.019733795250851515,6.854056127532937e-5,0.023125898711368525,2.036083466926556,48.986299123427145,73.6700518117409,-0.3100446047504321
0.0013499999999999999,0.09625,113526.0,0.021466882372251053,6.919688438667103e-5,0.03729093946419091,2.381991739148154,46.67303845795694,71.55957652496205,-0.3368404945093695
0.0013499999999999999,0.09974999999999999,90505.0,0.022887648901532984,7.040524415292658e-5,0.0719314979844844,2.9308129963157548,46.13490676360038,72.58358998710607,0.6941382799831541
0.0013499999999999999,0.10325,70203.0,0.023738191469560337,6.676264174346819e-5,0.029761089536646003,4.52460036740839,46.472446870292096,81.05027542011133,0.4867961559298363
0.0013499999999999999,0.10675,30945.0,0.024413733310708244,6.474012051403441e-5,0.21673559214671767,8.161616386242098,44.81062450453594,130.11812750555163,1.5078754617345658
0.0013499999999999999,0.11025,861.0,0.024892867726836933,6.551805768334925e-5,0.05828862365848725,20.62322339537143,32.11972524644978,473.11361114449267,1.7633993706588607
0.0013499999999999999,0.11374999999999999,240.0,0.025651183168403174,7.603099741681364e-5,0.4881209516647304,27.151452983879754,28.14284639961199,762.8280535985717,11.719710862788975
0.0013499999999999999,0.11725,94.0,0.025169092494221494,6.947495391066603e-5,0.6549275320587161,29.041379928706355,14.458466640885915,864.6262320016357,18.838546958543155
0.0013499999999999999,0.12075,34.0,0.02465738664385806,6.667007262310653e-5,0.7213345983856551,30.930211183236587,8.337657437329337,980.4980935668023,28.27678104924677
0.0013499999999999999,0.12425,20.0,0.027402187084753043,7.226366597703335e-5,0.09393763147550692,31.834389382288915,5.487790340410206,1031.2483167437003,0.7172645602510499
0.0013499999999999999,0.12775,10.0,0.027303715056903044,5.350094581103298e-5,-0.9003952671167662,30.80982174536574,2.653322554070611,963.4026944336256,-27.26325922817523
0.0013499999999999999,0.13125,12.0,0.02740869747450679,3.875704320790559e-5,1.0439383933629212,33.55911342247199,5.859215495499492,1143.0432599651756,34.87301496472042
0.0013499999999999999,0.13475,6.0,0.023137048480016843,7.376218857970987e-5,0.3213762336869274,34.80633940900064,2.2579245707372397,1226.887358268395,7.108349249692204
0.0013499999999999999,0.13824999999999998,3.0,0.02028802340747756,5.744372131269114e-5,0.18766951176986657,32.94184476629469,2.3935817625697826,1093.1111388641311,2.232142511442987
0.0013499999999999999,0.14175,1.0,0.035080151186064286,0.0,-1.7919878085326688,29.45654381650613,3.211220305929717,867.6879736137455,-52.785767400687355
0.0013499999999999999,0.14525,3.0,0.025908581645799632,2.1291821717007776e-6,-0.40685485412967415,33.61792803769196,6.309111714990873,1148.0283534405478,-14.901450380607471
0.0013499999999999999,0.14875,3.0,0.02432230718146725,7.230495100789965e-7,1.0457983006892078,25.069263721729207,2.124685224005976,645.992497255307,28.959292290536236
0.0013499999999999999,0.15225,2.0,0.022893667579872,1.5211574970782398e-5,1.897876032359521,22.261014051857835,4.167295640852659,499.63042216669203,43.76698742606814
0.0013499999999999999,0.15575,1.0,0.01684382847129259,0.0,-0.004803540604235954,36.05247941802645,2.3074002336543515e-5,1299.7812721872208,-0.17317954876787106
0.0013499999999999999,0.15925,3.0,0.019429436698444522,9.572372356622758e-6,-1.6921650187014314,29.329618126133727,3.155008255954164,874.1998068224675,-49.401780331183424
0.0013499999999999999,0.16275,6.0,0.026539122376595368,2.058562604832299e-6,-0.5447977953170471,28.061298516492574,9.24014202981681,790.7437240349678,-13.167918190927457
0.0013499999999999999,0.16625,6.0,0.032957596802583,0.0001307420929424713,0.23012517453326894,34.03466123478381,1.0166801049903262,1168.5312470451913,5.303798041036904
0.0013499999999999999,0.16974999999999998,1.0,0.03762142915921588,0.0,6.360117714436857,26.189280349214417,40.45109734149351,685.8784052097484,166.5669058773917
0.0013499999999999999,0.17325,4.0,0.030180810479580305,7.711990309966058e-5,0.6802175814575179,30.667077966785328,1.2458052390780838,1005.1337796106505,25.463336619263544
0.0013499999999999999,0.17675,5.0,0.025606021380928205,4.281565297040172e-5,0.7941377843568035,34.915985207675014,1.6651319203477426,1230.0006264769645,28.439643347447088
0.0013499999999999999,0.18025,3.0,0.02755631386387031,1.0884229294091109e-6,0.31132295393406406,33.64439293013547,2.4149932791964,1147.2154692107968,13.331412952470792
0.0013499999999999999,0.18375,3.0,0.03620829442922613,6.95201455972585e-5,-0.25345975916997787,31.40094484757225,13.30869250437152,989.9887472599072,-3.7487878395494434
0.0013499999999999999,0.18725,1.0,0.03476718272090143,0.0,-0.8944652829958581,39.03052515335557,0.8000681424848606,1523.3818937467217,-34.91144972677315
0.0013499999999999999,0.19075,3.0,0.02467526162168442,7.263749522640295e-5,1.926842028543049,38.20479790627467,5.751812743059819,1459.84480215523,73.56106818959026
0.0013499999999999999,0.19425,3.0,0.03207363710010125,3.842732540149245e-5,-0.3203681286476029,34.86258446565125,1.5136854642180855,1225.58243061033,-14.182597392764409
0.0013499999999999999,0.19774999999999998,1.0,0.04504119896198364,0.0,-0.8885238413086486,36.50226634077148,0.7894746165738765,1332.4154480126183,-32.43313390557366
0.0013499999999999999,0.20124999999999998,0.0,0.0,0.0,0.0,0.0,0.0,0.0,0.0
0.0013499999999999999,0.20475,1.0,0.02521072714666217,0.0,-0.5585603491833573,30.655031119869655,0.311989663679834,939.730932960177,-17.12268488654108
0.0013499999999999999,0.20825,1.0,0.015063685213875352,0.0,-0.534738413091782,46.60370590285875,0.28594517043591733,2171.9054038801514,-24.920791738690802
0.0013499999999999999,0.21175,0.0,0.0,0.0,0.0,0.0,0.0,0.0,0.0
0.0013499999999999999,0.21525,0.0,0.0,0.0,0.0,0.0,0.0,0.0,0.0
0.0013499999999999999,0.21875,0.0,0.0,0.0,0.0,0.0,0.0,0.0,0.0
0.0013499999999999999,0.22225,0.0,0.0,0.0,0.0,0.0,0.0,0.0,0.0
0.0013499999999999999,0.22575,1.0,0.022694488660538654,0.0,0.8080143314475,32.77411697861682,0.6528871598245504,1074.142743728059,26.481956219259228
0.0013499999999999999,0.22924999999999998,0.0,0.0,0.0,0.0,0.0,0.0,0.0,0.0
0.0013499999999999999,0.23274999999999998,0.0,0.0,0.0,0.0,0.0,0.0,0.0,0.0
0.0013499999999999999,0.23625,0.0,0.0,0.0,0.0,0.0,0.0,0.0,0.0
0.0013499999999999999,0.23975,0.0,0.0,0.0,0.0,0.0,0.0,0.0,0.0
0.0013499999999999999,0.24325,1.0,0.02911389241982152,0.0,-1.1849393360546854,25.403672541994272,1.4040812301297185,645.3465786208737,-30.101810875261336
0.0013499999999999999,0.24675,0.0,0.0,0.0,0.0,0.0,0.0,0.0,0.0
0.0013499999999999999,0.25025,0.0,0.0,0.0,0.0,0.0,0.0,0.0,0.0
0.0013499999999999999,0.25375,0.0,0.0,0.0,0.0,0.0,0.0,0.0,0.0
0.0013499999999999999,0.25725,1.0,0.04656233057367844,0.0,1.7305336420943045,28.660210771121015,2.994746686420178,821.407681445081,49.597458928938465
0.0013499999999999999,0.26075,0.0,0.0,0.0,0.0,0.0,0.0,0.0,0.0
0.0013499999999999999,0.26425,0.0,0.0,0.0,0.0,0.0,0.0,0.0,0.0
0.0013499999999999999,0.26775,0.0,0.0,0.0,0.0,0.0,0.0,0.0,0.0
0.0013499999999999999,0.27125,0.0,0.0,0.0,0.0,0.0,0.0,0.0,0.0
0.0013499999999999999,0.27475,0.0,0.0,0.0,0.0,0.0,0.0,0.0,0.0
0.0013499999999999999,0.27825,0.0,0.0,0.0,0.0,0.0,0.0,0.0,0.0
0.0013499999999999999,0.28175,0.0,0.0,0.0,0.0,0.0,0.0,0.0,0.0
0.0013499999999999999,0.28525,0.0,0.0,0.0,0.0,0.0,0.0,0.0,0.0
0.0013499999999999999,0.28875,0.0,0.0,0.0,0.0,0.0,0.0,0.0,0.0
0.0013499999999999999,0.29225,0.0,0.0,0.0,0.0,0.0,0.0,0.0,0.0
0.0013499999999999999,0.29575,0.0,0.0,0.0,0.0,0.0,0.0,0.0,0.0
0.0013499999999999999,0.29925,0.0,0.0,0.0,0.0,0.0,0.0,0.0,0.0
0.0013499999999999999,0.30275,0.0,0.0,0.0,0.0,0.0,0.0,0.0,0.0
0.0013499999999999999,0.30624999999999997,0.0,0.0,0.0,0.0,0.0,0.0,0.0,0.0
0.0013499999999999999,0.30974999999999997,1.0,0.04118838768509255,0.0,-1.1708941729529099,34.925619689307766,1.3709931642550788,1219.7989106821624,-40.89420458097988
0.0013499999999999999,0.31325,0.0,0.0,0.0,0.0,0.0,0.0,0.0,0.0
0.0013499999999999999,0.31675,0.0,0.0,0.0,0.0,0.0,0.0,0.0,0.0
0.0013499999999999999,0.32025,0.0,0.0,0.0,0.0,0.0,0.0,0.0,0.0
0.0013499999999999999,0.32375,1.0,0.028236687589500813,0.0,-2.8058718992466853,39.65140547221024,7.872917114982201,1572.2339559216243,-111.25676438011097
0.0013499999999999999,0.32725,0.0,0.0,0.0,0.0,0.0,0.0,0.0,0.0
0.0013499999999999999,0.33075,0.0,0.0,0.0,0.0,0.0,0.0,0.0,0.0
0.0013499999999999999,0.33425,0.0,0.0,0.0,0.0,0.0,0.0,0.0,0.0
0.0013499999999999999,0.33775,1.0,0.04534623039477353,0.0,-11.595054317478219,27.406526979103884,134.4452846252703,751.1177210563491,-317.7801689761418
0.0013499999999999999,0.34125,0.0,0.0,0.0,0.0,0.0,0.0,0.0,0.0
0.0013499999999999999,0.34475,0.0,0.0,0.0,0.0,0.0,0.0,0.0,0.0
0.0013499999999999999,0.34825,0.0,0.0,0.0,0.0,0.0,0.0,0.0,0.0
0.00165,0.00175,0.0,0.0,0.0,0.0,0.0,0.0,0.0,0.0
0.00165,0.0052499999999999995,0.0,0.0,0.0,0.0,0.0,0.0,0.0,0.0
0.00165,0.008749999999999999,0.0,0.0,0.0,0.0,0.0,0.0,0.0,0.0
0.00165,0.01225,15309.0,0.008279885087092825,2.9038100357905253e-5,0.1824388129094457,-6.5442360457599404,161.2535161210552,238.2176391186543,0.7072927709854133
0.00165,0.01575,112357.0,0.008197385534282077,3.525228429718425e-5,0.13214252394368828,-2.1903861884196685,171.15467116413822,242.30530468557507,-0.3812187498493052
0.00165,0.01925,281423.0,0.007293015342609945,3.407353671889483e-5,-0.003701580782903241,-1.3651975363708635,174.5659262360636,246.4941681574894,-0.5850893118945257
0.00165,0.02275,637720.0,0.006184157333106894,2.9835695296373006e-5,-0.11808199785549728,-0.7709934870872521,171.99844097551198,249.19348704780555,-0.39394546808551956
0.00165,0.02625,1.444585e6,0.004709379210964928,2.536004794856675e-5,0.059226446924520414,-1.4612964543640765,170.1558054095801,250.61582203274878,-0.39941162407697134
0.00165,0.02975,3.783859e6,0.0030614328562328466,1.8117984040563952e-5,-0.0178368368269948,-1.9775660212243802,169.14718557935467,253.41177507370887,-0.014289315749797658
0.00165,0.03325,1.1134372e7,0.0015191588487079612,9.60731394886336e-6,0.0038113370674073255,-2.2938638439034773,161.25860755722923,246.60564227909774,-0.02332566673487555
0.00165,0.03675,1.0339448e7,0.0017257099990703243,1.1406427178850285e-5,0.027789509171171706,2.9099455676473203,159.68265128301522,240.5264246402805,0.002233535597164073
0.00165,0.04025,4.638033e6,0.0036993812686774317,2.3220907401534084e-5,-0.005315214717321545,3.2945248220558776,167.8041253041389,261.3003217636797,0.30956267475712385
0.00165,0.04375,3.101304e6,0.005598876390865664,3.225294959598313e-5,-0.019550946571914005,2.4471327700770797,170.9632429949793,252.23876240299097,-0.08902964528685484
0.00165,0.04725,2.097738e6,0.0072653426805668305,3.846913664111503e-5,0.02844664013547684,2.4285876355527987,169.45842160579969,250.32618653456942,0.10808517344792742
0.00165,0.050749999999999997,1.583929e6,0.008742393046545954,4.2830407192120376e-5,-0.037219790110781546,2.8665933623486275,174.0867558872403,250.59877480411802,0.2883066913712094
0.00165,0.05425,1.245117e6,0.009952244670654394,4.560288249535609e-5,-0.009026985538397226,3.652306064688151,173.70857026851237,256.63769412459334,-0.3533550312260306
0.00165,0.057749999999999996,1.007635e6,0.01077504121506581,4.5312411596881994e-5,0.0386180889895054,5.521462743066143,179.9638754996728,264.693095445243,0.1366582645522005
0.00165,0.06125,731384.0,0.011246621702515407,4.5327032751702996e-5,-0.051031083306178525,11.763112627201657,189.30301163492447,361.54390827090737,-1.7821916592633593
0.00165,0.06475,340121.0,0.011630915154090734,4.6693172693802734e-5,-0.05860445649859531,25.888308892470548,173.6266991510624,874.276155622093,-0.8635021027316588
0.00165,0.06824999999999999,130770.0,0.011653672600994234,4.6598431186287145e-5,-0.03173725224016102,35.213454476594144,118.77224698459328,1436.8701289623561,-0.009769429075639244
0.00165,0.07175,98864.0,0.011894370998038561,4.581016318926841e-5,0.07761071336448826,25.161439333749357,94.29169166320636,917.8817735028656,1.8959036070203539
0.00165,0.07525,141948.0,0.012441673071212916,4.625531657371742e-5,-0.07577901926479669,11.329407911883736,82.90068111613942,349.2026341484038,0.47985388604609275
0.00165,0.07875,190491.0,0.01332160096002387,4.95904991223392e-5,-0.0475839860005295,5.004769974732945,70.47292712474442,155.40780445188614,-0.556292830513969
0.00165,0.08225,205114.0,0.01456031527245675,5.27393801264622e-5,-0.02185357961189687,2.7912438167392595,62.47762187647948,102.45332402974712,-0.09812546114385971
0.00165,0.08574999999999999,198976.0,0.016321557411595643,6.090814848331008e-5,0.018981918869869892,2.238829410890967,55.58097248745711,86.68918788080201,0.1150959992684925
0.00165,0.08925,180966.0,0.017853276444799414,6.384063918889384e-5,-0.003075370977358491,2.0507163481579394,50.77605633712377,76.55391868403589,0.020972395262447617
0.00165,0.09275,148814.0,0.01950633934883904,6.518960489017853e-5,0.06380848414860538,2.0916653989376743,49.55445318135306,72.27018607502966,0.4943835071047211
0.00165,0.09625,135080.0,0.021307199891409112,6.836912941685781e-5,0.016744275641927635,2.3531078728389385,45.80248693498823,72.12100390663458,-0.12945326788270647
0.00165,0.09974999999999999,110916.0,0.022807038456486087,7.157919794318009e-5,0.021176511379910952,2.933846869235524,46.33564184510349,70.75462679210086,0.0881338147723226
0.00165,0.10325,80229.0,0.023755473574244318,6.89941636775086e-5,-0.18679819299262276,4.5400998381453075,45.38780757116981,84.33520358232406,-0.40752521266654707
0.00165,0.10675,31151.0,0.024338729528015406,6.781642160818774e-5,0.050759400604466605,7.6167021262681285,44.545492479170484,116.57469647885455,0.2270350226685493
0.00165,0.11025,1038.0,0.024295983956588763,6.414329916130077e-5,0.31433944706866646,21.172177008443338,31.494407756895125,487.8280094775217,9.519938708447507
0.00165,0.11374999999999999,287.0,0.02378015754257112,6.177060381060087e-5,0.7844893809199085,27.22542480766969,20.23372879233052,767.1064028404977,24.37161721997697
0.00165,0.11725,106.0,0.024955897222361464,5.561266966219175e-5,-0.07007659246207962,29.38780867034679,16.005590125476502,883.1306425642067,-4.464260407605301
0.00165,0.12075,42.0,0.02535243313844703,4.327766010389666e-5,0.20935678043835468,31.558415278420902,9.47367591889699,1010.6618742073587,12.356136136942787
0.00165,0.12425,25.0,0.02495259592657957,3.292442627510782e-5,0.42103546936264225,31.816958464312485,8.81563030104839,1050.016481074801,9.693202834273684
0.00165,0.12775,10.0,0.026855491099770576,6.696067157668204e-5,0.8672110485102585,30.335951414071545,5.16063750618979,976.0921971404716,30.171659233397936
0.00165,0.13125,7.0,0.023318666629847013,5.419536936269452e-5,0.537675099328992,34.203054805931615,4.1918615601512474,1191.943698050734,22.577577249564214
0.00165,0.13475,4.0,0.031418180495608565,8.81778463094845e-6,-0.10264138943189971,33.16982550957118,1.3015038743770293,1101.2438848566505,-4.058197284858963
0.00165,0.13824999999999998,0.0,0.0,0.0,0.0,0.0,0.0,0.0,0.0
0.00165,0.14175,3.0,0.028890672565025834,0.00014404462231760174,0.7585668650110109,24.634162747043487,3.3717926363952264,642.8430573579222,14.86717426407829
0.00165,0.14525,2.0,0.017565383074725223,1.289690934762752e-5,0.12397935377725011,26.218579381730443,0.060550944850353394,689.962795173598,3.589913426944392
0.00165,0.14875,2.0,0.026192262245855275,6.765570393828641e-6,-2.765053116047485,35.42228743507307,21.677622229499594,1290.1713269772342,-120.24243972136452
0.00165,0.15225,2.0,0.02239526873269787,2.8957414544408335e-6,-3.060316541433508,30.520470884457197,9.505006617993157,966.7413355349704,-91.18527610723129
0.00165,0.15575,1.0,0.02219808515375494,0.0,3.7143438878369346,24.469600644968487,13.796350517111595,598.7613557242422,90.88851159344941
0.00165,0.15925,2.0,0.03472136120775563,1.7248966729294389e-6,0.3493466179020386,31.71339371537877,1.7134962503090465,1082.4895964002671,22.130864363411547
0.00165,0.16275,2.0,0.033374217472224646,1.0910323393431507e-5,-0.18820567362191776,32.44951052511536,1.9328279101541184,1074.2689563112838,-12.464177148256951
0.00165,0.16625,5.0,0.03440668370994353,1.6878831209536038e-6,0.38087314394145155,34.05754695566319,4.915696761995996,1178.679048004076,7.453457452566397
0.00165,0.16974999999999998,7.0,0.02235393105474048,4.095429744226284e-5,-1.7324736836597614,31.901334305720948,15.23085009103191,1028.697506555767,-49.52089159141151
0.00165,0.17325,4.0,0.02818250715212199,1.4288451566589476e-5,-0.006986825167016333,34.03405433213802,0.4642772415314958,1168.3977705570924,-0.25869811134736587
0.00165,0.17675,2.0,0.032509514773201124,4.955891477953283e-5,-0.9890098927650686,25.443114239591218,2.785722793192076,662.1578323072911,-30.33675437576502
0.00165,0.18025,3.0,0.02329881984240906,5.3394328566083186e-5,1.4805476036232865,32.84975120421039,2.5381905329391246,1082.8610647886085,47.769720645597396
0.00165,0.18375,1.0,0.03202019607187491,0.0,0.5875936190736699,35.290478577120346,0.3452662611760931,1245.4178782021902,20.73646002597196
0.00165,0.18725,3.0,0.02096848480585416,1.0220561215235228e-6,-2.474712741158377,36.060131216051275,6.475763583370796,1319.298088014897,-86.75703710300346
0.00165,0.19075,2.0,0.02505029067403606,2.5703647090781716e-6,1.8870827346671821,38.77242595048084,3.9366123711718606,1503.3401360170478,73.0455670822678
0.00165,0.19425,3.0,0.021909275686464467,2.210924934773836e-5,-1.5338038901892443,29.646330289025347,10.45092837243159,894.0014385428386,-36.630766617515135
0.00165,0.19774999999999998,3.0,0.03078453698813464,0.00019945106207102653,-0.2646447981685781,34.25376118432533,1.443143613645404,1182.208009934099,-8.317326209462042
0.00165,0.20124999999999998,2.0,0.02511219357774165,6.580411752017525e-5,-2.550167838338619,35.81919185270492,7.090603990741014,1289.2619972385487,-89.42953276107303
0.00165,0.20475,0.0,0.0,0.0,0.0,0.0,0.0,0.0,0.0
0.00165,0.20825,2.0,0.03369069296995786,4.335600360307036e-6,0.9903224435670144,36.754753840312304,3.045100564442918,1416.218646994912,24.7879979665218
0.00165,0.21175,0.0,0.0,0.0,0.0,0.0,0.0,0.0,0.0
0.00165,0.21525,0.0,0.0,0.0,0.0,0.0,0.0,0.0,0.0
0.00165,0.21875,0.0,0.0,0.0,0.0,0.0,0.0,0.0,0.0
0.00165,0.22225,0.0,0.0,0.0,0.0,0.0,0.0,0.0,0.0
0.00165,0.22575,0.0,0.0,0.0,0.0,0.0,0.0,0.0,0.0
0.00165,0.22924999999999998,0.0,0.0,0.0,0.0,0.0,0.0,0.0,0.0
0.00165,0.23274999999999998,0.0,0.0,0.0,0.0,0.0,0.0,0.0,0.0
0.00165,0.23625,1.0,0.032774592062244194,0.0,1.2272425612712659,35.293005413804515,1.5061243041956567,1245.5962311388348,43.313078358998105
0.00165,0.23975,0.0,0.0,0.0,0.0,0.0,0.0,0.0,0.0
0.00165,0.24325,0.0,0.0,0.0,0.0,0.0,0.0,0.0,0.0
0.00165,0.24675,0.0,0.0,0.0,0.0,0.0,0.0,0.0,0.0
0.00165,0.25025,0.0,0.0,0.0,0.0,0.0,0.0,0.0,0.0
0.00165,0.25375,1.0,0.02465507854034653,0.0,-0.270681493775111,33.89344479613005,0.07326847107232547,1148.7656001483151,-9.174328266600744
0.00165,0.25725,0.0,0.0,0.0,0.0,0.0,0.0,0.0,0.0
0.00165,0.26075,1.0,0.021393747882721536,0.0,2.876863863790399,27.32730327495231,8.276345690783023,746.7815042812192,78.61693128655132
0.00165,0.26425,0.0,0.0,0.0,0.0,0.0,0.0,0.0,0.0
0.00165,0.26775,0.0,0.0,0.0,0.0,0.0,0.0,0.0,0.0
0.00165,0.27125,1.0,0.045680895755046205,0.0,-1.1156960209245694,28.739996732068597,1.2447776111069173,825.9874121593136,-32.06509999535406
0.00165,0.27475,0.0,0.0,0.0,0.0,0.0,0.0,0.0,0.0
0.00165,0.27825,1.0,0.040538408215124166,0.0,0.8816998250631812,39.455752535869586,0.7773945815164444,1556.7564081717792,34.788130108612386
0.00165,0.28175,0.0,0.0,0.0,0.0,0.0,0.0,0.0,0.0
0.00165,0.28525,0.0,0.0,0.0,0.0,0.0,0.0,0.0,0.0
0.00165,0.28875,0.0,0.0,0.0,0.0,0.0,0.0,0.0,0.0
0.00165,0.29225,0.0,0.0,0.0,0.0,0.0,0.0,0.0,0.0
0.00165,0.29575,0.0,0.0,0.0,0.0,0.0,0.0,0.0,0.0
0.00165,0.29925,1.0,0.024130809191055487,0.0,-1.8536481147266515,25.956013061353445,3.4360113332296693,673.7146140411506,-48.11331467699816
0.00165,0.30275,0.0,0.0,0.0,0.0,0.0,0.0,0.0,0.0
0.00165,0.30624999999999997,1.0,0.046951289582743916,0.0,-0.3184218718206793,28.547132124750956,0.10139248845378514,814.938752547988,-9.090031246275446
0.00165,0.30974999999999997,0.0,0.0,0.0,0.0,0.0,0.0,0.0,0.0
0.00165,0.31325,0.0,0.0,0.0,0.0,0.0,0.0,0.0,0.0
0.00165,0.31675,1.0,0.021436705805269293,0.0,-2.816732673966607,26.785187819886374,7.9339829565910716,717.4462865465894,-75.44671371060635
0.00165,0.32025,0.0,0.0,0.0,0.0,0.0,0.0,0.0,0.0
0.00165,0.32375,2.0,0.03698864275783216,9.99512832440011e-6,-0.8423377933449078,35.80217912638856,3.7925734949279333,1309.0344178452528,-20.99362910436932
0.00165,0.32725,2.0,0.026475418488083324,4.443764786022876e-5,0.654527862729819,33.88422294797543,9.453397219768464,1148.1481414497048,22.439662383768322
0.00165,0.33075,0.0,0.0,0.0,0.0,0.0,0.0,0.0,0.0
0.00165,0.33425,0.0,0.0,0.0,0.0,0.0,0.0,0.0,0.0
0.00165,0.33775,1.0,0.03366500059150994,0.0,1.3400586861916057,27.64564091441236,1.7957572824375725,764.2814615686308,37.04678124269233
0.00165,0.34125,0.0,0.0,0.0,0.0,0.0,0.0,0.0,0.0
0.00165,0.34475,1.0,0.02959614049355469,0.0,-0.5029806005874755,33.90273238658234,0.25298948456733755,1149.3952632762193,-17.052416697359643
0.00165,0.34825,0.0,0.0,0.0,0.0,0.0,0.0,0.0,0.0
0.00195,0.00175,0.0,0.0,0.0,0.0,0.0,0.0,0.0,0.0
0.00195,0.0052499999999999995,0.0,0.0,0.0,0.0,0.0,0.0,0.0,0.0
0.00195,0.008749999999999999,0.0,0.0,0.0,0.0,0.0,0.0,0.0,0.0
0.00195,0.01225,16740.0,0.00820901281005596,2.917362928654362e-5,-0.6170006854780303,-6.533344444130042,163.97956778517542,253.96519118220405,1.8808272057653808
0.00195,0.01575,129716.0,0.008224678776832334,3.589508684135097e-5,0.05893233055292151,-2.3062799115229793,175.6541188706532,245.10291891953878,2.7456551362198276
0.00195,0.01925,327280.0,0.007343335848151047,3.4103650963505066e-5,-0.11827810422415222,-1.3533896135478334,175.27463355656852,246.55315791371078,0.5544715306637557
0.00195,0.02275,734942.0,0.006257664737839201,3.0447056304225098e-5,-0.08700940434112377,-0.9112551830320342,170.64957714166337,249.29050769518528,0.06296427191469546
0.00195,0.02625,1.661378e6,0.00473420690301135,2.508591243256297e-5,0.03624388470851081,-1.394479598128848,169.49153355097357,249.9579456736851,-0.7738792809604111
0.00195,0.02975,4.326509e6,0.0031213691425870747,1.8341412645526502e-5,-0.032461075190891094,-1.9277584659682383,168.18945871001944,254.62574866579644,0.15877860860361387
0.00195,0.03325,1.1557387e7,0.001689514310099254,1.0591536794592606e-5,-0.006644622102291322,-1.864880113028901,164.11283873119444,246.89710675445048,0.03210118250137368
0.00195,0.03675,1.080186e7,0.0019217276078757714,1.2668111257084667e-5,-0.0015899666249724904,2.6504040379965277,161.99427821189232,240.2651875150322,0.2545691593469906
0.00195,0.04025,5.406351e6,0.0037565917000747977,2.332386397903958e-5,-0.022419464249577855,3.3262934418280343,167.93252238858872,260.516193913874,0.374293006011365
0.00195,0.04375,3.628875e6,0.005633666738379686,3.2234239132943716e-5,-0.012273177127530522,2.4718159021091206,170.68727327807116,254.6969988052242,-0.15938698282288405
0.00195,0.04725,2.471354e6,0.007302730365403981,3.87771992654507e-5,-0.02676868996494924,2.383205669482325,169.80014909321915,249.4672509579903,-0.14469865031598156
0.00195,0.050749999999999997,1.848486e6,0.008803259103303492,4.3198620797529006e-5,-0.0323289855834094,3.059931355709865,173.10380274253856,253.7092623021863,-0.04700671396313049
0.00195,0.05425,1.462649e6,0.009938818695987197,4.4853435717027466e-5,0.00829821092601537,3.505805352122141,173.23849426458378,256.11326723766854,-0.045223891797787706
0.00195,0.057749999999999996,1.167343e6,0.010780985195402736,4.5484886051665355e-5,0.06323353565785043,5.493736615414594,179.60277797184563,265.1074804738201,0.8537919348619399
0.00195,0.06125,829890.0,0.011306233497087264,4.606297924466573e-5,-0.05142229333096984,11.368855708238744,187.39348779199483,353.4133372435788,-0.5627338112843392
0.00195,0.06475,358751.0,0.011576235917393046,4.721269456940831e-5,-0.015261733104298496,25.11794092868618,174.52491516216062,835.3737988300646,-1.7869562817663374
0.00195,0.06824999999999999,135926.0,0.011717790707972919,4.7487711064909544e-5,0.02140415899988724,34.25012445360451,114.75725945067818,1368.6655421941125,2.451772515993979
0.00195,0.07175,111253.0,0.011957491103456888,4.685905316018254e-5,0.029068687536586833,24.235137296744192,95.29134559367142,875.706690372766,1.9385310500660529
0.00195,0.07525,161799.0,0.0125126477253257,4.685126969419656e-5,0.01437863233114256,10.802143593827042,81.97020521448145,327.33563053834825,-0.34033663290926996
0.00195,0.07875,222087.0,0.013518577165551535,5.2415062930370474e-5,-0.009846200735351284,4.87430742936195,69.97289198271739,153.7729112167051,-0.39011327772963883
0.00195,0.08225,240681.0,0.014512286178620522,5.1476154489042456e-5,-0.03774145443233018,2.9255964461524795,62.398054320439,102.39628814190478,-0.032945085010591665
0.00195,0.08574999999999999,229939.0,0.016330014841378016,6.01247978146156e-5,-0.026315832341486208,2.3773782957830782,55.6932303544904,88.03146445081074,-0.06594291790745531
0.00195,0.08925,214800.0,0.017979504443084875,6.33187679451134e-5,0.08244363523749959,2.105125892969968,51.246598043558954,78.06610615721962,0.1604260392081678
0.00195,0.09275,174400.0,0.019530847555784905,6.461125171883849e-5,-0.0688690024379064,2.1179045482777337,48.90206321999783,74.06941424654985,-0.03635587651643707
0.00195,0.09625,161170.0,0.02130881505002185,7.188060308012417e-5,-0.023760191170853373,2.2318507784209314,46.717306293246,70.77850778877978,-0.12009136556191963
0.00195,0.09974999999999999,126650.0,0.02279273049532054,6.996852982785819e-5,-0.08738063700492041,2.8189221518823318,45.54577539976347,69.8027268169069,-0.12151191166756121
0.00195,0.10325,94199.0,0.023804109402824517,7.20582005845705e-5,0.024041603126558685,4.49582147006989,44.76193810466125,81.32008333465701,0.1267809983975252
0.00195,0.10675,36484.0,0.024593579848314357,7.064881035992554e-5,-0.05412297629660309,7.6432166687808785,44.937873769267426,116.88547863205719,0.5336095470639617
0.00195,0.11025,1164.0,0.024910642386225403,6.873843850032441e-5,-0.0361098235473231,21.632973924065713,32.4305489356892,507.60602951022327,-1.9090221605496265
0.00195,0.11374999999999999,289.0,0.02479858692607322,7.148755758511728e-5,-0.03459265467608702,27.133198185045543,22.467523312446197,762.4771390089172,0.8647594774991554
0.00195,0.11725,116.0,0.02448714957816659,6.764187070170904e-5,0.3127753694570687,29.156024923009657,20.89927018369056,874.1541212187075,8.812917868103812
0.00195,0.12075,38.0,0.023535125843117198,6.041786075831074e-5,0.042443756485468734,30.852279406429208,12.285996786359442,972.0572289575996,-4.476634956853609
0.00195,0.12425,30.0,0.026909216642866687,6.354202037045333e-5,-0.24126702209995668,31.84039664326242,6.269272961890495,1036.4741754220083,-13.007141768751405
0.00195,0.12775,14.0,0.025870004545278446,3.889623033583897e-5,1.0545317207124232,34.97594893301598,11.879648974991309,1249.6241717371036,33.199462970926895
0.00195,0.13125,10.0,0.022524700016410937,2.3568420476119508e-5,0.37385226793984644,33.55751171574538,5.489128092622899,1146.5372370093398,9.94028799128634
0.00195,0.13475,7.0,0.030569799014206013,7.236642319665581e-5,-0.7671037510247252,32.59584551995738,3.644619906044431,1074.0328854805443,-26.593927612555234
0.00195,0.13824999999999998,3.0,0.03167111942841296,0.00010322782684620723,-0.9731673435114687,34.843912591837054,1.993311831705693,1259.590377632369,-33.03572894436713
0.00195,0.14175,4.0,0.030709963851262116,0.0002533770490891215,-0.030049434162126243,31.901641041996466,3.3089433531528853,1062.9815365561772,7.817562873543807
0.00195,0.14525,4.0,0.022527856044852034,9.294872391408362e-5,0.5386649824485208,26.997757764045886,5.750593846307018,843.6907169012002,15.855568489748261
0.00195,0.14875,0.0,0.0,0.0,0.0,0.0,0.0,0.0,0.0
0.00195,0.15225,3.0,0.021348630630534122,4.832231490790552e-5,-1.3416642760358561,34.547117113924095,6.440505186027545,1243.49016427906,-55.40716996572827
0.00195,0.15575,3.0,0.019710981890716184,4.0709227644941254e-5,-1.5213404392317065,34.4108033102585,5.462739735784962,1209.1996336884326,-54.79753624177617
0.00195,0.15925,2.0,0.02214076368659809,1.0888750867002876e-6,-0.49386593008510116,33.30758705885181,0.8583142455938998,1155.7598015354874,-21.78678619179698
0.00195,0.16275,3.0,0.03495451758242131,0.00021306888549220746,-0.9991860545832908,29.7331184034102,4.951142310045483,884.5021049848255,-29.705812824882813
0.00195,0.16625,5.0,0.02684099354285445,2.2787377734596833e-5,1.8404396262290137,30.953830856614285,6.996706974716442,961.3991747060481,55.45400843317637
0.00195,0.16974999999999998,7.0,0.025770353712902094,2.20856141585755e-5,0.6393127921451577,30.70925920606255,4.611171180157839,969.9060001722768,14.908964373717984
0.00195,0.17325,5.0,0.020299728128579525,1.571102603516109e-6,-0.6663228090984088,31.14026269215169,2.5343327576568893,988.7225349853103,-21.01681859886621
0.00195,0.17675,5.0,0.029760874694126693,0.00012164639822215362,-0.5685329694903665,31.272283131194314,4.512869046539035,987.3122348419972,-18.098889614479447
0.00195,0.18025,2.0,0.03335896133693296,1.7744872184466893e-5,1.2093710489956941,28.992668660985245,8.738848006637948,848.0548716847019,27.685444946979757
0.00195,0.18375,3.0,0.02007178416458603,8.003957168911842e-6,-1.0335706270959433,30.622150405800685,1.850895689102281,972.7463838115175,-26.629896486130058
0.00195,0.18725,2.0,0.024456634645905525,1.132392791488398e-7,1.0949647897945827,37.15480639541103,1.2449623444061948,1382.3072841874573,40.393208002849946
0.00195,0.19075,4.0,0.03038497350571667,9.668979520097899e-6,0.7447284417369703,35.49021657334363,3.06225836574791,1264.673160120003,29.21291084973897
0.00195,0.19425,1.0,0.023925598276065385,0.0,-5.116535061669985,40.39397814152449,26.17893103729828,1631.6734700979584,-206.67720544144106
0.00195,0.19774999999999998,0.0,0.0,0.0,0.0,0.0,0.0,0.0,0.0
0.00195,0.20124999999999998,1.0,0.02419197559893315,0.0,-0.9868405979337026,24.599657059197245,0.9738543657301477,605.1431274301128,-24.275940281262237
0.00195,0.20475,0.0,0.0,0.0,0.0,0.0,0.0,0.0,0.0
0.00195,0.20825,2.0,0.03879932879774751,0.00026002617521340054,1.8336555135778314,33.908051254724995,3.5754934623252703,1196.5636126154398,59.01666014900672
0.00195,0.21175,3.0,0.03858936692301643,6.903833077075043e-5,0.6712806399962973,31.65155875064206,2.5127995617219536,1012.6783108483577,24.025608177696483
0.00195,0.21525,0.0,0.0,0.0,0.0,0.0,0.0,0.0,0.0
0.00195,0.21875,0.0,0.0,0.0,0.0,0.0,0.0,0.0,0.0
0.00195,0.22225,0.0,0.0,0.0,0.0,0.0,0.0,0.0,0.0
0.00195,0.22575,1.0,0.02530161138598003,0.0,0.6739904519562353,34.74194614753976,0.4542631293281703,1207.0028221185526,23.41573998581951
0.00195,0.22924999999999998,0.0,0.0,0.0,0.0,0.0,0.0,0.0,0.0
0.00195,0.23274999999999998,0.0,0.0,0.0,0.0,0.0,0.0,0.0,0.0
0.00195,0.23625,0.0,0.0,0.0,0.0,0.0,0.0,0.0,0.0
0.00195,0.23975,0.0,0.0,0.0,0.0,0.0,0.0,0.0,0.0
0.00195,0.24325,1.0,0.03399534980571099,0.0,0.13866728342261792,35.46938555447064,0.019228615491808647,1258.0773116116907,4.91844333950789
0.00195,0.24675,1.0,0.03539519919498963,0.0,-1.9033252612575697,45.11327130079018,3.6226470501411963,2035.207247458699,-85.8652288847601
0.00195,0.25025,0.0,0.0,0.0,0.0,0.0,0.0,0.0,0.0
0.00195,0.25375,1.0,0.025144162143303263,0.0,-1.2866182636755408,39.45897673410129,1.6553865564234633,1557.0108449023471,-50.76864013204296
0.00195,0.25725,1.0,0.017936466645307646,0.0,-2.3941882632802516,31.100302988289304,5.732137440028907,967.2288459633966,-74.45998039902199
0.00195,0.26075,0.0,0.0,0.0,0.0,0.0,0.0,0.0,0.0
0.00195,0.26425,1.0,0.0305741403817339,0.0,-2.9782441951303986,32.69923917523057,8.869938485827916,1069.2402426389338,-97.38631925881099
0.00195,0.26775,0.0,0.0,0.0,0.0,0.0,0.0,0.0,0.0
0.00195,0.27125,0.0,0.0,0.0,0.0,0.0,0.0,0.0,0.0
0.00195,0.27475,0.0,0.0,0.0,0.0,0.0,0.0,0.0,0.0
0.00195,0.27825,0.0,0.0,0.0,0.0,0.0,0.0,0.0,0.0
0.00195,0.28175,0.0,0.0,0.0,0.0,0.0,0.0,0.0,0.0
0.00195,0.28525,0.0,0.0,0.0,0.0,0.0,0.0,0.0,0.0
0.00195,0.28875,0.0,0.0,0.0,0.0,0.0,0.0,0.0,0.0
0.00195,0.29225,0.0,0.0,0.0,0.0,0.0,0.0,0.0,0.0
0.00195,0.29575,0.0,0.0,0.0,0.0,0.0,0.0,0.0,0.0
0.00195,0.29925,0.0,0.0,0.0,0.0,0.0,0.0,0.0,0.0
0.00195,0.30275,2.0,0.024644724809091918,4.5107266351829874e-5,-5.562413857905829,38.28507568198306,33.66861080723622,1468.7491264294404,-210.0955767941369
0.00195,0.30624999999999997,3.0,0.02759747631495492,8.583090478513059e-5,-1.015964674596182,37.949010345310306,2.689938201972672,1509.8233299471508,-33.039156676881305
0.00195,0.30974999999999997,1.0,0.03957028360004854,0.0,-0.3529191902674082,34.158255077092356,0.12455195485900307,1166.7863899117058,-12.05510372275502
0.00195,0.31325,1.0,0.02435058190491106,0.0,4.405155701994844,36.0688240935371,19.405396758817687,1300.9600714905225,158.88878611989398
0.00195,0.31675,0.0,0.0,0.0,0.0,0.0,0.0,0.0,0.0
0.00195,0.32025,0.0,0.0,0.0,0.0,0.0,0.0,0.0,0.0
0.00195,0.32375,0.0,0.0,0.0,0.0,0.0,0.0,0.0,0.0
0.00195,0.32725,0.0,0.0,0.0,0.0,0.0,0.0,0.0,0.0
0.00195,0.33075,0.0,0.0,0.0,0.0,0.0,0.0,0.0,0.0
0.00195,0.33425,0.0,0.0,0.0,0.0,0.0,0.0,0.0,0.0
0.00195,0.33775,0.0,0.0,0.0,0.0,0.0,0.0,0.0,0.0
0.00195,0.34125,1.0,0.038625523066389264,0.0,0.7146772279787592,33.59486726123484,0.5107635401914034,1128.6151062999884,24.009486608573685
0.00195,0.34475,0.0,0.0,0.0,0.0,0.0,0.0,0.0,0.0
0.00195,0.34825,1.0,0.03021858403794201,0.0,0.8326138169788704,37.221236873049534,0.6932457682241239,1385.4204743596622,30.990916105544446
0.00225,0.00175,0.0,0.0,0.0,0.0,0.0,0.0,0.0,0.0
0.00225,0.0052499999999999995,0.0,0.0,0.0,0.0,0.0,0.0,0.0,0.0
0.00225,0.008749999999999999,0.0,0.0,0.0,0.0,0.0,0.0,0.0,0.0
0.00225,0.01225,18769.0,0.008477942372532014,3.2117934186451893e-5,0.038166844450201666,-6.735601681226308,179.73293477934317,257.41472804774855,-4.476541227443754
0.00225,0.01575,147446.0,0.008206845677597913,3.6750390949370844e-5,-0.08324375483283085,-2.4855234029280546,171.22039118059743,248.5888954144354,1.3644076099595945
0.00225,0.01925,358956.0,0.007352079410583016,3.4190449624303294e-5,0.018523100090076922,-1.2675813389287587,174.42474507314247,244.73926418164982,0.21322849828551627
0.00225,0.02275,832884.0,0.0062497028225808075,3.015390803152118e-5,-0.0030853776024879634,-0.9810672248255652,170.72719548345438,249.2117919483407,0.8411278819077065
0.00225,0.02625,1.877992e6,0.004792550027083323,2.5766069626584236e-5,0.0336896550992998,-1.3005263363302952,169.9808060421321,250.23958681039798,-0.2888568379131461
0.00225,0.02975,4.805271e6,0.0032060830911669028,1.8834375152411773e-5,-0.00041109981282794325,-1.8401040229683985,168.49444002840988,255.45178090775607,0.20952457940598704
0.00225,0.03325,1.1789155e7,0.0018636269965331556,1.1756112670705643e-5,-0.0014438280100582015,-1.4238118033083405,165.47691124610844,245.0407590542417,-0.1189029508650158
0.00225,0.03675,1.1215096e7,0.0021078862810824227,1.3720963043221344e-5,0.01867451778320807,2.440187257742145,163.7993035350962,241.16357265452473,0.13005748049249566
0.00225,0.04025,6.107868e6,0.0038571291635006912,2.388489440030307e-5,-0.011240985110510289,3.17635508927269,167.672726172868,259.6997392863429,0.09181106238444632
0.00225,0.04375,4.132001e6,0.005677663470069588,3.242820543763917e-5,-0.003125013286205826,2.5158607162407383,170.51121526851193,255.88513746233122,-0.013041660650916363
0.00225,0.04725,2.850766e6,0.007327445951423933,3.85714192322732e-5,0.0010063612933732845,2.3316687723770335,170.3508131012538,248.92782748300434,-0.40527857398944395
0.00225,0.050749999999999997,2.104531e6,0.008804523070481506,4.2782697650719114e-5,-0.0003756991229404228,3.1784516524683166,171.03184440583138,254.12879861727373,0.09736439451978686
0.00225,0.05425,1.671982e6,0.009998317145812766,4.543988984520161e-5,-0.05252107845187872,3.450356552967592,172.6726774574829,254.46359375100727,0.4700871542945466
0.00225,0.057749999999999996,1.319737e6,0.01083156042315028,4.618616143861386e-5,0.009435086130214368,5.501687680262862,179.28999515548173,268.4937231319324,0.7586399542912964
0.00225,0.06125,912690.0,0.011320077129114323,4.6068407525705754e-5,0.010251534641777896,10.917138041287997,186.53944246652802,342.8153431534485,0.6749653514393894
0.00225,0.06475,356291.0,0.011560801417328324,4.5961596195514164e-5,0.07331129805327559,24.293581170771624,173.88866340183253,795.6109790202116,1.223831696288015
0.00225,0.06824999999999999,132299.0,0.01182006775822522,4.823779971392718e-5,-0.025242953096136826,33.20376200463925,111.77784401973089,1303.0722093459271,-0.9362987280686489
0.00225,0.07175,122691.0,0.011915399858429262,4.6734145369110274e-5,0.11785573175572094,22.95245297477299,92.97720181983813,803.9281634169089,2.1492468333202677
0.00225,0.07525,183782.0,0.012605538885647713,4.8626663300485235e-5,0.012757787107941856,10.319672935381364,81.64326266933193,311.35283757193895,-0.36864496450521844
0.00225,0.07875,255108.0,0.013384924800504568,5.0983948370629095e-5,0.04043517228668262,4.720502780739079,69.53383180608974,149.43938072553973,-0.6462478422787996
0.00225,0.08225,270488.0,0.014670761012561179,5.3313296020004254e-5,-0.0720793834548996,2.8446312576760695,61.37215450223866,102.27667700184846,0.06765207110653493
0.00225,0.08574999999999999,257480.0,0.016365532195344843,5.9889019809216633e-5,-0.040230521804469364,2.335755053449374,55.67601941581986,87.32899177300239,0.059597324252383746
0.00225,0.08925,241644.0,0.017898621768862855,6.215636271466815e-5,0.014755762791712321,1.943478179137675,51.11126053488897,78.19514160561066,0.08473535469195834
0.00225,0.09275,203127.0,0.019741745082245448,6.718854172784304e-5,-0.024507014890925667,2.152112174034101,48.245133362588994,74.03329655593738,0.23231197313709673
0.00225,0.09625,178179.0,0.02131225638816581,7.120843555876257e-5,0.05383258055828492,2.289154464367247,46.94400073127668,70.80220037648765,0.39730584043107886
0.00225,0.09974999999999999,145193.0,0.022784470980994155,7.161507725835997e-5,-0.008473270552288026,2.6946860892552214,44.19752093714797,69.74848937951758,-0.6150993016499053
0.00225,0.10325,105917.0,0.02397172807569318,7.17716023047683e-5,-0.02419082585808306,4.441190963542024,45.01347751665011,79.06508915093613,0.008012911745997883
0.00225,0.10675,45789.0,0.024363653878185468,7.042697607215043e-5,0.013456315920571732,8.419860931942543,44.02320135942109,131.64782908849614,0.45417008003698606
0.00225,0.11025,1195.0,0.02465927522026939,6.805282380735571e-5,-0.14556606419655727,22.085048685459395,30.895921116213596,527.2777773555957,-3.728412084463991
0.00225,0.11374999999999999,273.0,0.024846677579634917,6.751386811012242e-5,0.3947980966475423,26.776380922159273,25.281641205499625,741.3959682727531,15.847998711573204
0.00225,0.11725,124.0,0.02504327682208515,6.406040060852264e-5,-0.09157271264029293,30.35448250774614,14.384413954480596,953.4185267335296,-1.515887414196664
0.00225,0.12075,44.0,0.02461930226054655,3.108105165600678e-5,-0.1662603291301092,31.08848162810104,9.54518491498992,989.035645645243,-3.2920132377294884
0.00225,0.12425,31.0,0.02357794272524669,5.7423078983977476e-5,0.4828832472296106,31.05267963973809,6.374945645954995,991.0273121444251,17.534382666774516
0.00225,0.12775,14.0,0.025498004873360552,7.317003374892678e-5,-0.052045127322866536,33.352134204344175,5.824191012438306,1135.8731050362949,4.692733814649044
0.00225,0.13125,8.0,0.032023771542652894,5.794801588732247e-5,0.5470397689142827,34.20624991436065,18.171390984238514,1182.5940928753823,17.07637402045788
0.00225,0.13475,5.0,0.03339533358868926,3.6494529135683398e-6,-2.489861018292082,33.883563369982724,14.614798640764153,1162.1135965675971,-87.16329746914236
0.00225,0.13824999999999998,6.0,0.023519025786161836,5.543701896886938e-5,-1.0306655560453784,29.80113620480051,1.4634143062329932,947.3118950189931,-27.028546309053713
0.00225,0.14175,8.0,0.019645679033059697,9.49652470074434e-6,-0.1354080177973297,25.952983300628894,3.6529295896151073,742.1450955679554,-5.620164485317939
0.00225,0.14525,2.0,0.01760372361997765,1.566624465068535e-5,3.495204245121703,34.8044513017196,18.276373443953606,1228.1647048001378,111.55427116523026
0.00225,0.14875,1.0,0.012612315242625634,0.0,-0.22625329102751174,30.39016792669566,0.05119055170077992,923.5623066127616,-6.8758755082936265
0.00225,0.15225,2.0,0.03880376965938449,5.8168397613776325e-5,-0.5281374196962476,30.572130874719893,3.945495034433766,958.4606318033404,-25.488889539526724
0.00225,0.15575,7.0,0.02608654104638923,6.198019445854383e-5,0.3634157524180681,28.70478491869559,3.3766579174877966,840.1196410881964,13.526242444971487
0.00225,0.15925,4.0,0.01942419319013372,1.5271063091726915e-5,-1.2171677701434125,29.34564563571254,3.6111791220149465,865.3772330226251,-33.691056851613745
0.00225,0.16275,2.0,0.02569609053515864,4.897129762052702e-6,2.294178461267154,31.94858149571455,5.283565232628133,1021.5252533553405,73.1672159462805
0.00225,0.16625,4.0,0.03303654936617227,0.00021339744609662553,-0.28657904231610987,32.23159645556059,1.3253100157183455,1074.346565191065,-13.936072032101517
0.00225,0.16974999999999998,2.0,0.028102153147059446,1.4173507442225476e-5,1.1471495312870825,35.80206189516918,9.933399387404513,1297.6629513891212,52.766672434609404
0.00225,0.17325,2.0,0.024046628410803315,3.711394939769615e-6,0.35297541660534804,35.27512570981204,0.5248892674933533,1260.083462042856,14.962083635478084
0.00225,0.17675,3.0,0.03359030952623207,0.00022587046638272959,-0.16178734696665753,32.09206199378507,1.3030002444920585,1049.167162959693,-9.855510391057589
0.00225,0.18025,1.0,0.023921843371977093,0.0,-0.6533961693086386,31.352448748386934,0.42692655406720315,982.9760425202294,-20.485569910641445
0.00225,0.18375,4.0,0.030084469153399556,8.699242348302058e-5,-0.6010499967992078,33.87105403420759,4.638865799349276,1151.6102457874936,-23.373474625993552
0.00225,0.18725,8.0,0.025861433288779392,2.238102611162843e-5,-0.3596974216656893,35.13707689143641,3.6540894158812103,1246.270819399827,-16.614870180760924
0.00225,0.19075,0.0,0.0,0.0,0.0,0.0,0.0,0.0,0.0
0.00225,0.19425,3.0,0.025939538105276064,4.643077960051152e-6,1.6822709757543244,33.19552698781095,16.000457152029337,1107.8997201208592,62.2566708581153
0.00225,0.19774999999999998,2.0,0.028929236823465168,5.438784661316718e-5,-1.928176930645293,32.61116572353036,3.718262919650366,1095.721369396575,-62.767026151594905
0.00225,0.20124999999999998,2.0,0.0313517633768783,6.784644384278396e-5,-1.0418643293728371,33.89488177265616,1.8494540120453824,1169.4139633582743,-31.35149931996618
0.00225,0.20475,2.0,0.023980000390139596,1.8749909180029568e-5,0.5026264366249555,37.4537938464541,0.849821670082217,1412.6853513245885,21.256598865458024
0.00225,0.20825,0.0,0.0,0.0,0.0,0.0,0.0,0.0,0.0
0.00225,0.21175,0.0,0.0,0.0,0.0,0.0,0.0,0.0,0.0
0.00225,0.21525,2.0,0.028575496095949983,9.966982291125204e-5,-0.31613243129930546,40.319472632783956,0.2745573420073527,1633.2054437951388,-13.894155972729244
0.00225,0.21875,0.0,0.0,0.0,0.0,0.0,0.0,0.0,0.0
0.00225,0.22225,0.0,0.0,0.0,0.0,0.0,0.0,0.0,0.0
0.00225,0.22575,0.0,0.0,0.0,0.0,0.0,0.0,0.0,0.0
0.00225,0.22924999999999998,0.0,0.0,0.0,0.0,0.0,0.0,0.0,0.0
0.00225,0.23274999999999998,1.0,0.02934160403534775,0.0,-1.0574273941401018,37.97590219698096,1.1181526938779263,1442.1691476746635,-40.156759300272945
0.00225,0.23625,1.0,0.027148642521655414,0.0,-1.4867294348061846,42.85033373568042,2.210364412319117,1836.1511012591916,-63.706852456104535
0.00225,0.23975,0.0,0.0,0.0,0.0,0.0,0.0,0.0,0.0
0.00225,0.24325,0.0,0.0,0.0,0.0,0.0,0.0,0.0,0.0
0.00225,0.24675,0.0,0.0,0.0,0.0,0.0,0.0,0.0,0.0
0.00225,0.25025,0.0,0.0,0.0,0.0,0.0,0.0,0.0,0.0
0.00225,0.25375,0.0,0.0,0.0,0.0,0.0,0.0,0.0,0.0
0.00225,0.25725,0.0,0.0,0.0,0.0,0.0,0.0,0.0,0.0
0.00225,0.26075,1.0,0.027563227996968847,0.0,-0.4658525860794398,35.818356307258924,0.21701863195690188,1282.954648553755,-16.686073914851384
0.00225,0.26425,0.0,0.0,0.0,0.0,0.0,0.0,0.0,0.0
0.00225,0.26775,1.0,0.024491441188044707,0.0,1.7494085326163917,33.3149620012168,3.060430213991037,1109.886693142519,58.28147878871953
0.00225,0.27125,0.0,0.0,0.0,0.0,0.0,0.0,0.0,0.0
0.00225,0.27475,0.0,0.0,0.0,0.0,0.0,0.0,0.0,0.0
0.00225,0.27825,0.0,0.0,0.0,0.0,0.0,0.0,0.0,0.0
0.00225,0.28175,0.0,0.0,0.0,0.0,0.0,0.0,0.0,0.0
0.00225,0.28525,1.0,0.039860779951533365,0.0,-0.8321018074984364,41.16163900669346,0.6923934180421649,1694.2805257173488,-34.250674217067775
0.00225,0.28875,0.0,0.0,0.0,0.0,0.0,0.0,0.0,0.0
0.00225,0.29225,0.0,0.0,0.0,0.0,0.0,0.0,0.0,0.0
0.00225,0.29575,0.0,0.0,0.0,0.0,0.0,0.0,0.0,0.0
0.00225,0.29925,0.0,0.0,0.0,0.0,0.0,0.0,0.0,0.0
0.00225,0.30275,1.0,0.031462202038020054,0.0,0.37295335518980066,32.29063589283899,0.13909420514732962,1042.6851663639018,12.042900997446507
0.00225,0.30624999999999997,1.0,0.04866758205741574,0.0,0.5242116212402339,18.368782369793635,0.27479782384331447,337.41216574884146,9.629129186278547
0.00225,0.30974999999999997,0.0,0.0,0.0,0.0,0.0,0.0,0.0,0.0
0.00225,0.31325,0.0,0.0,0.0,0.0,0.0,0.0,0.0,0.0
0.00225,0.31675,1.0,0.02381149997039723,0.0,-0.49611449436584104,35.307126189233195,0.24612959151987412,1246.5931597424365,-17.51637705688237
0.00225,0.32025,0.0,0.0,0.0,0.0,0.0,0.0,0.0,0.0
0.00225,0.32375,1.0,0.019589864827809802,0.0,-0.9424592908405492,36.26068253897053,0.888229514891671,1314.837098192002,-34.17421715107245
0.00225,0.32725,0.0,0.0,0.0,0.0,0.0,0.0,0.0,0.0
0.00225,0.33075,0.0,0.0,0.0,0.0,0.0,0.0,0.0,0.0
0.00225,0.33425,0.0,0.0,0.0,0.0,0.0,0.0,0.0,0.0
0.00225,0.33775,0.0,0.0,0.0,0.0,0.0,0.0,0.0,0.0
0.00225,0.34125,0.0,0.0,0.0,0.0,0.0,0.0,0.0,0.0
0.00225,0.34475,0.0,0.0,0.0,0.0,0.0,0.0,0.0,0.0
0.00225,0.34825,0.0,0.0,0.0,0.0,0.0,0.0,0.0,0.0
0.0025499999999999997,0.00175,0.0,0.0,0.0,0.0,0.0,0.0,0.0,0.0
0.0025499999999999997,0.0052499999999999995,0.0,0.0,0.0,0.0,0.0,0.0,0.0,0.0
0.0025499999999999997,0.008749999999999999,0.0,0.0,0.0,0.0,0.0,0.0,0.0,0.0
0.0025499999999999997,0.01225,21322.0,0.008352390039339219,3.0300111866716605e-5,-0.1442429194634895,-6.296636128804702,176.6289729666499,247.23945433219572,-3.574073418289583
0.0025499999999999997,0.01575,164666.0,0.008256626436850562,3.523146179676279e-5,-0.13027516392517885,-2.4538642309962393,173.68760510707398,245.2816979357562,-0.7883810925378922
0.0025499999999999997,0.01925,394821.0,0.0074057841207343066,3.399384190317393e-5,-0.12060747868373158,-1.182394884962617,171.63722430648383,244.7712102815995,0.024995944852084614
0.0025499999999999997,0.02275,922668.0,0.006231471949761994,2.9825613395052755e-5,-0.007430599366083652,-0.9485967275548031,171.52515308588886,247.4037518432731,0.1658876834147738
0.0025499999999999997,0.02625,2.095568e6,0.004838182562197296,2.58944225657244e-5,0.04792550994043868,-1.1061566218043288,170.366874542701,249.39192008414622,-0.15279496752424784
0.0025499999999999997,0.02975,5.209898e6,0.003287109511626152,1.9279222435715212e-5,0.015644045053393153,-1.6692555369721749,168.66634043330595,253.26333430952033,0.28854367098617156
0.0025499999999999997,0.03325,1.1972112e7,0.0020321607975802855,1.2780974995988203e-5,0.014745726284379035,-1.0213850071701864,165.9470441363526,243.25291487790577,0.04549286802460523
0.0025499999999999997,0.03675,1.1540994e7,0.002279253161568171,1.4703650835127907e-5,0.025805490274597845,2.2968150394293074,164.91219984679208,242.53915388071113,-0.23950577379783594
0.0025499999999999997,0.04025,6.78048e6,0.003948145760203758,2.4250106619436895e-5,-0.02959493361391229,2.996452495416444,168.23505791032983,257.0914520890507,-0.019892775513875575
0.0025499999999999997,0.04375,4.59253e6,0.005729783982972645,3.2580373187332826e-5,0.0009870177379654242,2.5006043921099272,170.379747474872,255.53857620466695,0.3385407759490713
0.0025499999999999997,0.04725,3.242712e6,0.007395421175228185,3.956804629185333e-5,0.00625518810482092,2.3020454930965117,170.39891140410245,249.39153166380544,0.1606343205681498
0.0025499999999999997,0.050749999999999997,2.364015e6,0.008823141653030648,4.317022027912305e-5,0.0033597830060510315,3.1635437930584853,170.9931492056961,254.31624389819962,-0.853147076722128
0.0025499999999999997,0.05425,1.87734e6,0.00998851944944254,4.544291226796315e-5,0.003665176713794461,3.530521421259436,172.51400192396883,254.3814359035926,0.9558932612036071
0.0025499999999999997,0.057749999999999996,1.453125e6,0.010877528982241527,4.606339182410919e-5,-0.02643778133967033,5.42378145531136,177.83163335173302,268.40732629338174,0.3412232315755367
0.0025499999999999997,0.06125,984659.0,0.01134343200886271,4.62808416454303e-5,0.02093382731752607,10.395977912923497,185.70978980185933,332.96655242437674,0.07485500884454871
0.0025499999999999997,0.06475,342028.0,0.011574481929179729,4.6340749193542525e-5,0.021080803741775175,23.38113352352003,172.2845063753088,757.2447316122789,-0.6630283920560565
0.0025499999999999997,0.06824999999999999,129696.0,0.011763572484875005,4.721879533447705e-5,0.005523308908598669,32.04809208818554,111.13735824590157,1238.1721187214757,0.6791620549044189
0.0025499999999999997,0.07175,131548.0,0.012000326888582323,4.7700554768656734e-5,0.09277189750813515,21.632779613811252,91.37565462848572,745.1643983810291,1.8039576009182445
0.0025499999999999997,0.07525,206468.0,0.01269831205297578,4.973756822777247e-5,-0.010314210235888792,9.82205025874149,80.81504513050106,295.5582487890735,-0.015388709488333499
0.0025499999999999997,0.07875,284634.0,0.013442343216456484,5.115781124472521e-5,-0.004152647334496911,4.50270547354553,69.94620074854447,143.77474300982038,-0.22347573468612422
0.0025499999999999997,0.08225,301160.0,0.014787117439265356,5.4756955996761e-5,-0.02613947318663551,2.785999629748408,61.95262698461385,100.80168679603867,0.2851565645808236
0.0025499999999999997,0.08574999999999999,288447.0,0.016443181643530896,5.949682816960647e-5,-0.08822139987619891,2.2792875770766052,54.06518275028177,86.71070708484129,0.01208283378193895
0.0025499999999999997,0.08925,272495.0,0.01802493175991622,6.350516976531766e-5,0.02702066041632764,1.95183212771546,50.32551244785596,76.62537314196408,0.8296540649844587
0.0025499999999999997,0.09275,223935.0,0.019772284892510435,6.672369889351498e-5,-0.0291404870638167,2.1533041625433254,48.310906870966356,74.2386405096507,-0.30535829571521467
0.0025499999999999997,0.09625,195226.0,0.021357535419244882,6.905146710713543e-5,0.01486248249694886,2.116559622644377,46.52120961088364,70.10160962967778,0.5354275335671498
0.0025499999999999997,0.09974999999999999,159434.0,0.02285327795429291,7.13114053001198e-5,-0.043717015325679745,2.6077299955620634,45.71806456513382,70.34454541357977,0.06768707512135946
0.0025499999999999997,0.10325,116221.0,0.023745054844697133,7.15451525674678e-5,-0.06068860594312927,4.301971765453755,45.95689178724684,77.36500202232119,-0.018009611222981746
0.0025499999999999997,0.10675,46538.0,0.024409298968406132,7.026692689110518e-5,0.12558259578259517,8.263674858411745,43.623940368406636,127.41120346365237,1.7852632334014866
0.0025499999999999997,0.11025,1251.0,0.024923276611645832,6.950996466311957e-5,0.24921396675773894,21.65827925655673,27.41651120368955,505.96497485682346,5.700618653628297
0.0025499999999999997,0.11374999999999999,364.0,0.025752856340074664,8.107706369779699e-5,-0.22742614128874403,27.34021472241292,18.58405527297652,778.0376269824853,-9.769472323382475
0.0025499999999999997,0.11725,123.0,0.02688251776624102,7.131233871670916e-5,0.4543117676301502,29.627820231564485,13.58842739610893,900.8832714302326,14.041882828789655
0.0025499999999999997,0.12075,38.0,0.027379523622433375,4.94379231676108e-5,0.02925990473879031,32.37943145543838,8.737573907015207,1069.7742104452013,-1.255080913973319
0.0025499999999999997,0.12425,18.0,0.02711979065473281,4.5522876248346637e-5,0.17512722151023957,30.723536752487902,7.650006365222918,968.3956843303488,8.971862120104937
0.0025499999999999997,0.12775,21.0,0.02428345476712141,7.867642333580394e-5,-0.700405305525617,31.996964065451753,5.6356370649014025,1042.2087031704134,-23.437717282773065
0.0025499999999999997,0.13125,12.0,0.028698162097482733,2.1849129791395588e-5,-0.2522981681310671,31.303764608123895,2.9666451813281767,988.8385926419604,-8.77190386553223
0.0025499999999999997,0.13475,13.0,0.023089360441757443,3.388969890579426e-5,0.34391994682731825,32.84852037108836,8.34101559794161,1122.5362302455183,0.48072405470908264
0.0025499999999999997,0.13824999999999998,8.0,0.024466544183652638,0.00010487127304336563,0.5668756464942989,33.72310874392758,3.641748895979883,1153.1599044576353,19.950338004657084
0.0025499999999999997,0.14175,4.0,0.02954509757548071,2.6654456750138375e-5,0.19186531172486715,36.855249203047805,6.601808201079995,1370.6606310529035,6.4064392191924995
0.0025499999999999997,0.14525,9.0,0.022525306109339473,2.357304221037029e-5,-0.4968155576622454,29.86767110778305,2.558922748583939,924.5654146990554,-18.485282695741912
0.0025499999999999997,0.14875,2.0,0.02394684262367651,1.5987303342151732e-6,-0.22057524324116493,31.29874158553254,0.23715803487245093,1008.2886691598801,-4.57868343487115
0.0025499999999999997,0.15225,4.0,0.025676757944529366,6.488338688304415e-6,-1.5798177652152419,31.88224337169986,4.455859410752836,1058.5032517493757,-43.832823000309915
0.0025499999999999997,0.15575,4.0,0.02702187908189159,4.4341262586144155e-6,-0.3432547418566203,31.921784765807878,5.176077508661594,1075.9080382513077,-15.327993642843706
0.0025499999999999997,0.15925,2.0,0.024175767002382113,8.474604931485087e-5,1.1650552975253343,33.121802492966026,1.5670729599508404,1100.719814790185,39.465562851231745
0.0025499999999999997,0.16275,1.0,0.0406057998722148,0.0,1.503788463131071,31.663154031238655,2.2613797418461083,1002.5553232059447,47.61468573851875
0.0025499999999999997,0.16625,2.0,0.030435913578092257,9.331983423732814e-5,-0.8725309578738947,33.99864504413693,3.5368758593083314,1160.0938947611344,-33.073477168637886
0.0025499999999999997,0.16974999999999998,6.0,0.025520368171627342,6.10900507886932e-5,0.2539239945487786,33.9529679236205,0.8496514302379725,1164.1346333858303,7.130302213662101
0.0025499999999999997,0.17325,1.0,0.02543800931600299,0.0,-3.624419547134368,36.19488878880062,13.136417053649698,1310.0699744336448,-131.18546243248355
0.0025499999999999997,0.17675,3.0,0.028070001431561936,0.00017710870255996798,-0.25977615344689453,33.32842380252489,1.7548315553029596,1111.3055243738074,-7.720139897769847
0.0025499999999999997,0.18025,2.0,0.03093693971392563,8.39970335894585e-6,-2.0571022172287767,36.094366723191015,4.532899748529483,1341.7735028629522,-70.82357942279944
0.0025499999999999997,0.18375,2.0,0.02588454579829629,6.029245668502995e-5,0.7395498946955108,33.32815682508271,1.3001727419465967,1112.9746497543026,23.358023907445066
0.0025499999999999997,0.18725,4.0,0.037669952397708026,0.00017555478328377456,-0.42160636078233926,37.17511500377364,6.967865549639868,1391.035358057714,-16.643310588291328
0.0025499999999999997,0.19075,3.0,0.026780623543638183,1.469373376297561e-5,1.5289102826552103,38.45526610003936,3.294978002836999,1522.969844497377,53.37200945652528
0.0025499999999999997,0.19425,0.0,0.0,0.0,0.0,0.0,0.0,0.0,0.0
0.0025499999999999997,0.19774999999999998,2.0,0.022145129193694282,1.455073918407759e-5,0.7048153019208069,43.752548838276695,0.5347287873561253,1916.7883774755799,31.145716712861297
0.0025499999999999997,0.20124999999999998,0.0,0.0,0.0,0.0,0.0,0.0,0.0,0.0
0.0025499999999999997,0.20475,0.0,0.0,0.0,0.0,0.0,0.0,0.0,0.0
0.0025499999999999997,0.20825,2.0,0.03322316411821686,2.84031029119144e-5,-0.008079839372441278,37.80515577301266,2.743652933008107,1457.4228142756754,-9.100344319287728
0.0025499999999999997,0.21175,3.0,0.01867855094897396,2.5254701710472717e-5,0.5463911728012325,31.919130724741162,2.825306132357068,1026.98488883519,13.832735453668352
0.0025499999999999997,0.21525,0.0,0.0,0.0,0.0,0.0,0.0,0.0,0.0
0.0025499999999999997,0.21875,0.0,0.0,0.0,0.0,0.0,0.0,0.0,0.0
0.0025499999999999997,0.22225,1.0,0.025557035916912045,0.0,-2.4036263106216627,28.091698177155404,5.777419441112706,789.1435064763963,-67.52194484865333
0.0025499999999999997,0.22575,0.0,0.0,0.0,0.0,0.0,0.0,0.0,0.0
0.0025499999999999997,0.22924999999999998,0.0,0.0,0.0,0.0,0.0,0.0,0.0,0.0
0.0025499999999999997,0.23274999999999998,1.0,0.02178944985318739,0.0,-0.7339260959715969,30.9822569778871,0.5386475143481096,959.9002474438339,-22.738686908169445
0.0025499999999999997,0.23625,0.0,0.0,0.0,0.0,0.0,0.0,0.0,0.0
0.0025499999999999997,0.23975,1.0,0.017631720072532553,0.0,0.747721036173847,28.097741476575433,0.5590867479368914,789.4830760844674,21.00927237100986
0.0025499999999999997,0.24325,0.0,0.0,0.0,0.0,0.0,0.0,0.0,0.0
0.0025499999999999997,0.24675,0.0,0.0,0.0,0.0,0.0,0.0,0.0,0.0
0.0025499999999999997,0.25025,0.0,0.0,0.0,0.0,0.0,0.0,0.0,0.0
0.0025499999999999997,0.25375,0.0,0.0,0.0,0.0,0.0,0.0,0.0,0.0
0.0025499999999999997,0.25725,0.0,0.0,0.0,0.0,0.0,0.0,0.0,0.0
0.0025499999999999997,0.26075,1.0,0.05860986360606848,0.0,3.011080742615028,31.045200340074633,9.066607238547068,963.80446415537,93.47960489462425
0.0025499999999999997,0.26425,0.0,0.0,0.0,0.0,0.0,0.0,0.0,0.0
0.0025499999999999997,0.26775,0.0,0.0,0.0,0.0,0.0,0.0,0.0,0.0
0.0025499999999999997,0.27125,3.0,0.03598575743199284,1.0251690971621033e-5,1.2616524975791454,32.908387260575594,1.7344494983926029,1118.339827477629,43.4104909598762
0.0025499999999999997,0.27475,1.0,0.019346330692045884,0.0,-0.6504052503644131,30.42194044588579,0.4230269897015949,925.4944604930218,-19.786589792277613
0.0025499999999999997,0.27825,0.0,0.0,0.0,0.0,0.0,0.0,0.0,0.0
0.0025499999999999997,0.28175,0.0,0.0,0.0,0.0,0.0,0.0,0.0,0.0
0.0025499999999999997,0.28525,1.0,0.021116147772630958,0.0,0.490512775912913,33.939469931247075,0.2406027833337916,1151.8876192140244,16.647743608988844
0.0025499999999999997,0.28875,2.0,0.03593392715945283,1.6630554560546642e-5,2.194119773056823,27.50266236505307,24.619863340573932,768.078249532012,45.13339923791354
0.0025499999999999997,0.29225,0.0,0.0,0.0,0.0,0.0,0.0,0.0,0.0
0.0025499999999999997,0.29575,1.0,0.03196984929278425,0.0,1.313192435220073,35.43872881591529,1.7244743719192257,1255.9035000879846,46.53787059487557
0.0025499999999999997,0.29925,0.0,0.0,0.0,0.0,0.0,0.0,0.0,0.0
0.0025499999999999997,0.30275,1.0,0.04502602187434926,0.0,0.13926575595632582,36.83422914296898,0.0193949507820869,1356.7604365567454,5.129746766664102
0.0025499999999999997,0.30624999999999997,0.0,0.0,0.0,0.0,0.0,0.0,0.0,0.0
0.0025499999999999997,0.30974999999999997,1.0,0.03889778837233333,0.0,2.6316048878247615,28.94138595452026,6.925344285623176,837.6038209685026,76.16229273833842
0.0025499999999999997,0.31325,0.0,0.0,0.0,0.0,0.0,0.0,0.0,0.0
0.0025499999999999997,0.31675,1.0,0.025975927566023065,0.0,-0.6887551659722608,36.019181242782,0.4743836786534766,1297.3814174003785,-24.808397155057257
0.0025499999999999997,0.32025,1.0,0.029570967281353555,0.0,-3.076188995516009,38.74248838131014,9.462938736133792,1500.980405975951,-119.17921641749308
0.0025499999999999997,0.32375,1.0,0.032957940874521585,0.0,1.4566837464494113,34.20312937282843,2.121927537169893,1169.8540588944388,49.82314263510562
0.0025499999999999997,0.32725,0.0,0.0,0.0,0.0,0.0,0.0,0.0,0.0
0.0025499999999999997,0.33075,0.0,0.0,0.0,0.0,0.0,0.0,0.0,0.0
0.0025499999999999997,0.33425,0.0,0.0,0.0,0.0,0.0,0.0,0.0,0.0
0.0025499999999999997,0.33775,1.0,0.029220409105838716,0.0,0.7954495318106897,24.596989601694276,0.6327399576578454,605.0118974658564,19.565663862620113
0.0025499999999999997,0.34125,0.0,0.0,0.0,0.0,0.0,0.0,0.0,0.0
0.0025499999999999997,0.34475,0.0,0.0,0.0,0.0,0.0,0.0,0.0,0.0
0.0025499999999999997,0.34825,2.0,0.03149923076912048,3.031753769055237e-5,3.5819706401250886,26.63962594632814,25.473984822241672,709.7699330976129,96.54826497084609
0.0028499999999999997,0.00175,0.0,0.0,0.0,0.0,0.0,0.0,0.0,0.0
0.0028499999999999997,0.0052499999999999995,0.0,0.0,0.0,0.0,0.0,0.0,0.0,0.0
0.0028499999999999997,0.008749999999999999,0.0,0.0,0.0,0.0,0.0,0.0,0.0,0.0
0.0028499999999999997,0.01225,22810.0,0.008296492542743571,3.0416713992874374e-5,-0.5466636318103543,-6.575921531908071,181.54080987654498,258.1466152211664,4.653527967260433
0.0028499999999999997,0.01575,177915.0,0.008185109609954286,3.3166538773156345e-5,-0.2650816570340585,-2.600958868147971,173.02134427051766,246.67598197655883,-0.06117537043940824
0.0028499999999999997,0.01925,430006.0,0.0074276184546141644,3.316675209405587e-5,-0.08615764739462803,-1.1105212221566656,172.16265969799147,244.9833397247695,0.007296312920193483
0.0028499999999999997,0.02275,998617.0,0.006295111904098927,3.0283347837672593e-5,-0.006500805842073268,-1.0039059446062535,172.02091456084634,246.32704940965854,-0.21890725987785026
0.0028499999999999997,0.02625,2.293303e6,0.004909740102671798,2.609484646517414e-5,0.019593891611297726,-0.9702909182125257,170.04619467026865,249.07025955546402,0.5882648512431368
0.0028499999999999997,0.02975,5.534398e6,0.003385076144940245,1.9697613667315173e-5,0.016308577498617,-1.4994779587960703,169.15289262644052,251.92185917235597,0.1281621017261542
0.0028499999999999997,0.03325,1.2013294e7,0.002204355208180232,1.3768358166035419e-5,0.006700719480910589,-0.6536194573340632,165.54359092431253,241.73507052746137,0.18373603945322595
0.0028499999999999997,0.03675,1.1781605e7,0.0024472959721082567,1.5624666788543655e-5,0.028231267603346995,2.2896219250941074,165.0182555137558,244.5611009666105,0.1560347684206493
0.0028499999999999997,0.04025,7.385316e6,0.004049532802433741,2.487231394589123e-5,-0.029283668946617047,2.738357886852845,168.37084166916313,254.63781904835403,-0.4558975885749799
0.0028499999999999997,0.04375,5.007409e6,0.005812718249962692,3.3105669930884654e-5,0.009941172461484078,2.455424393999405,169.7565130232465,254.37328847964076,0.26814722951209574
0.0028499999999999997,0.04725,3.614208e6,0.007417919481354609,3.927986474669346e-5,-0.02838336150733145,2.307324373929356,170.5779103325798,249.71390898171205,-0.09315946134410251
0.0028499999999999997,0.050749999999999997,2.642228e6,0.008878346844648543,4.344583445903291e-5,0.032696306643392625,3.059248366545549,170.43040023610686,253.91631738402492,0.16851022895755485
0.0028499999999999997,0.05425,2.078351e6,0.009988038793441218,4.557723611673452e-5,0.030480177315397334,3.5337045101980564,172.9963451839257,255.2337102489265,0.3743512197813493
0.0028499999999999997,0.057749999999999996,1.574179e6,0.010880480714762143,4.60162692342663e-5,-0.031193192282789908,5.247415069482585,175.59182434531792,266.32465567782964,0.5177741536612773
0.0028499999999999997,0.06125,1.050477e6,0.011331470489617019,4.6356767797607666e-5,-0.06337806249091844,9.749433820780316,184.57176913304622,324.8143047464094,-0.254329289318242
0.0028499999999999997,0.06475,320389.0,0.01158291698925451,4.595361760793992e-5,-0.015347312083767843,22.205251771832387,172.69708046567607,707.0650749547017,-1.1164819430255613
0.0028499999999999997,0.06824999999999999,119853.0,0.011725716830542705,4.550487416553629e-5,0.06043870636465007,30.53864930426516,107.70060723194646,1147.7904729647269,2.023148692171389
0.0028499999999999997,0.07175,137667.0,0.01199486910001758,4.8864688984019256e-5,0.10857372973680421,20.15690693138965,92.03028545511722,681.8260492512472,0.9036911414003218
0.0028499999999999997,0.07525,223842.0,0.01269963645107428,4.888573299009222e-5,0.03814156872836133,9.264544506110292,81.22022044839694,276.8091966429181,-0.40695301285186
0.0028499999999999997,0.07875,315088.0,0.013434869471958,5.077385118778672e-5,-0.05226900440288893,4.386830217277357,68.45964647170759,140.47828693019542,-0.4558842800484833
0.0028499999999999997,0.08225,335340.0,0.014844086146803024,5.643470071743261e-5,-0.053662218652875945,2.7500643771189757,61.11229696748456,100.34722624774584,-0.03482186203471973
0.0028499999999999997,0.08574999999999999,316863.0,0.016474664432072912,5.976119218679576e-5,-0.016408069347451315,2.2510978142055538,54.40767600190507,84.51725540459313,-0.4509876107783024
0.0028499999999999997,0.08925,294229.0,0.018057031020590114,6.388195399390328e-5,0.005223459589515387,1.9150148570696761,50.1039956260222,76.99544187748192,0.3156001964920714
0.0028499999999999997,0.09275,245448.0,0.01982342804011883,6.618337392026401e-5,-0.13607296421345477,2.105498158899388,47.56369885639599,73.30310083326621,-0.5872499641875475
0.0028499999999999997,0.09625,212835.0,0.02132660818131961,6.894440559634354e-5,-0.05985881326534636,1.8989744402192328,45.701661417868216,69.70114555306694,0.41674080050397905
0.0028499999999999997,0.09974999999999999,171514.0,0.022944174787169917,7.088844376161897e-5,0.05368597137174398,2.5536710561423,44.72030887331844,68.70040496413954,-0.30098510261706857
0.0028499999999999997,0.10325,122695.0,0.023726278717065678,7.127257935504261e-5,-0.16376571165843587,4.057425248048178,46.25448860911628,76.76084879458061,-0.8079775936947666
0.0028499999999999997,0.10675,41585.0,0.02446669020430787,7.341202899478079e-5,-0.02739781997276106,7.423238379429111,45.63472841596272,113.64718863671285,0.9079558058964383
0.0028499999999999997,0.11025,1182.0,0.024952806704257296,6.452677332468251e-5,0.02892777420606815,21.37458050515244,28.735052881080982,495.7704815911121,2.154576551359557
0.0028499999999999997,0.11374999999999999,322.0,0.025298838285626457,5.930509891385031e-5,-0.0979744507093091,27.31828129464622,19.02390798084455,777.7688626290644,-1.604861850410812
0.0028499999999999997,0.11725,141.0,0.02527094053493303,6.193140241683984e-5,0.19400057898235878,29.795714078931212,17.255804658139496,917.0577440099363,7.629401983946822
0.0028499999999999997,0.12075,60.0,0.02681742258637869,6.513869238303785e-5,-0.10895472976398629,31.416804355185324,9.71109356101513,1007.1158686202655,-3.7146516755930867
0.0028499999999999997,0.12425,34.0,0.025306727554917165,4.326080582680257e-5,0.6395006507048253,31.68869759361828,7.946559277798744,1030.884106924838,15.941420945604552
0.0028499999999999997,0.12775,26.0,0.024751054949923773,7.304857118072065e-5,0.4984921090291617,32.01079942540432,7.08492228775419,1043.4470384385859,18.41784806799096
0.0028499999999999997,0.13125,11.0,0.026422570613618048,2.3262333836435155e-5,0.72414267511088,29.826097677055788,1.6298091833549666,915.0729655640123,21.906246352548166
0.0028499999999999997,0.13475,6.0,0.02941858968021499,7.020187121185407e-5,0.5865118732614124,33.90620135026725,4.033301963300627,1160.4613041379487,17.658656058145347
0.0028499999999999997,0.13824999999999998,4.0,0.02787926598305584,4.889712681000571e-5,1.3382861833665372,35.260606967185524,9.152699330846769,1274.5046782248319,34.14277017343977
0.0028499999999999997,0.14175,4.0,0.03403102117351823,9.367319295358872e-5,-0.7054650814390664,34.36836607126911,2.6611670227128488,1218.3546803788313,-29.277207767697902
0.0028499999999999997,0.14525,3.0,0.031264674268920545,3.9171716270299754e-5,1.2912274328095812,35.64615993461752,1.8388133551502304,1287.2381425175195,46.84837451788636
0.0028499999999999997,0.14875,7.0,0.02568311716870951,6.469171444456558e-5,-0.8047109417893716,29.113309030875687,9.353958407358878,881.7291348604891,-11.669993430523842
0.0028499999999999997,0.15225,2.0,0.028974652235242933,0.00011227054461707051,1.3733974939185223,25.533676313454258,1.9702862626462445,654.3498501673083,34.6204733816098
0.0028499999999999997,0.15575,6.0,0.027009827309768565,3.7501875361153835e-5,-0.26098988882140284,31.993788185693433,3.2270815675209996,1040.0658106002256,-8.854199313498762
0.0028499999999999997,0.15925,8.0,0.030326701249343103,3.520653877628274e-5,0.14113784043473104,30.923081015711208,7.30322796430401,982.0147859550093,7.630014245562993
0.0028499999999999997,0.16275,3.0,0.025532114703796665,0.00010041039508075255,1.8524496214298,32.595222087947796,13.03812718688761,1090.6573016194125,53.997726530418674
0.0028499999999999997,0.16625,3.0,0.01975260533104334,2.9685988500501395e-5,0.9785341336279723,32.61019055071575,12.450074561370403,1080.6026440075266,26.290996985235893
0.0028499999999999997,0.16974999999999998,6.0,0.02041468056411791,4.799081121866786e-5,-0.1340459831107232,32.81707300417373,1.79597165210237,1086.7556426455067,-2.912469029305935
0.0028499999999999997,0.17325,4.0,0.027659215918120005,3.7418030766218024e-5,-1.0719875921077446,32.00621698520148,11.249937046810619,1043.6174578063858,-21.51731691021709
0.0028499999999999997,0.17675,0.0,0.0,0.0,0.0,0.0,0.0,0.0,0.0
0.0028499999999999997,0.18025,4.0,0.030520936266510038,0.0001478862191301743,-0.42611623900117546,35.1858863084021,2.5604151011025125,1247.2768983759047,-12.15624259325059
0.0028499999999999997,0.18375,4.0,0.024248544465747594,1.864250865485043e-5,0.9236730517347218,36.282223049927566,10.387646582299242,1322.0897834610764,33.59748662592261
0.0028499999999999997,0.18725,3.0,0.021813092487125374,1.088028282056764e-5,-0.9622828471536153,36.67708387748978,3.809441305435162,1352.418683433223,-39.310920910641315
0.0028499999999999997,0.19075,0.0,0.0,0.0,0.0,0.0,0.0,0.0,0.0
0.0028499999999999997,0.19425,2.0,0.028751460409948623,1.5273495477249315e-5,1.2204498591478672,32.361060780923225,2.508579633322491,1047.8282714391069,38.71963274296876
0.0028499999999999997,0.19774999999999998,2.0,0.02671265846471657,0.0001761082509942126,-0.731433231138807,39.05236853660844,1.1275481022976426,1547.018539727555,-24.959297614951232
0.0028499999999999997,0.20124999999999998,1.0,0.02128636013354395,0.0,0.6374394277709143,34.317598858789985,0.40632902407691074,1177.6975914328236,21.87539057901887
0.0028499999999999997,0.20475,0.0,0.0,0.0,0.0,0.0,0.0,0.0,0.0
0.0028499999999999997,0.20825,0.0,0.0,0.0,0.0,0.0,0.0,0.0,0.0
0.0028499999999999997,0.21175,0.0,0.0,0.0,0.0,0.0,0.0,0.0,0.0
0.0028499999999999997,0.21525,0.0,0.0,0.0,0.0,0.0,0.0,0.0,0.0
0.0028499999999999997,0.21875,0.0,0.0,0.0,0.0,0.0,0.0,0.0,0.0
0.0028499999999999997,0.22225,1.0,0.029409542488376073,0.0,-0.2466845695972827,42.49297160192945,0.060853276877396605,1805.6526355623826,-10.482360410531522
0.0028499999999999997,0.22575,0.0,0.0,0.0,0.0,0.0,0.0,0.0,0.0
0.0028499999999999997,0.22924999999999998,0.0,0.0,0.0,0.0,0.0,0.0,0.0,0.0
0.0028499999999999997,0.23274999999999998,0.0,0.0,0.0,0.0,0.0,0.0,0.0,0.0
0.0028499999999999997,0.23625,2.0,0.025322622623521605,2.2542652756518934e-5,-0.8775889022301854,34.87477716055294,0.7702921616194058,1224.0354511058122,-30.63751624171604
0.0028499999999999997,0.23975,0.0,0.0,0.0,0.0,0.0,0.0,0.0,0.0
0.0028499999999999997,0.24325,1.0,0.02307168528492194,0.0,0.231216882175777,29.203381593916085,0.05346124660308714,852.8374965198767,6.75231484113475
0.0028499999999999997,0.24675,0.0,0.0,0.0,0.0,0.0,0.0,0.0,0.0
0.0028499999999999997,0.25025,1.0,0.023367482296594057,0.0,0.2094463097359217,28.94767659883629,0.043867756661995654,837.967980470814,6.062984039055158
0.0028499999999999997,0.25375,0.0,0.0,0.0,0.0,0.0,0.0,0.0,0.0
0.0028499999999999997,0.25725,2.0,0.026182412061188702,6.62627215704887e-6,1.641592910915445,28.85201432909331,2.8992155084397284,832.6031582129696,47.17994002007974
0.0028499999999999997,0.26075,1.0,0.02694923483672852,0.0,2.0346952677499095,28.91226067941878,4.139984832603876,835.9188175946653,58.82763998436517
0.0028499999999999997,0.26425,0.0,0.0,0.0,0.0,0.0,0.0,0.0,0.0
0.0028499999999999997,0.26775,0.0,0.0,0.0,0.0,0.0,0.0,0.0,0.0
0.0028499999999999997,0.27125,0.0,0.0,0.0,0.0,0.0,0.0,0.0,0.0
0.0028499999999999997,0.27475,0.0,0.0,0.0,0.0,0.0,0.0,0.0,0.0
0.0028499999999999997,0.27825,1.0,0.029087320187903217,0.0,2.1764135472212436,37.37145930888121,4.736775928528156,1396.6259708753637,81.33575031927651
0.0028499999999999997,0.28175,0.0,0.0,0.0,0.0,0.0,0.0,0.0,0.0
0.0028499999999999997,0.28525,0.0,0.0,0.0,0.0,0.0,0.0,0.0,0.0
0.0028499999999999997,0.28875,0.0,0.0,0.0,0.0,0.0,0.0,0.0,0.0
0.0028499999999999997,0.29225,0.0,0.0,0.0,0.0,0.0,0.0,0.0,0.0
0.0028499999999999997,0.29575,2.0,0.02230655540956531,2.7185199791301265e-5,-2.8446659932175353,36.417171625948924,8.830471609813781,1327.123499731253,-102.77359749796841
0.0028499999999999997,0.29925,2.0,0.028395837854514144,2.3484222744463435e-6,-0.5110087231435929,33.21033907260875,7.534974494551907,1112.9156074836728,-25.494758703602784
0.0028499999999999997,0.30275,0.0,0.0,0.0,0.0,0.0,0.0,0.0,0.0
0.0028499999999999997,0.30624999999999997,1.0,0.02797966976854221,0.0,-8.729121964886128,16.49405729240131,76.19757027785745,272.0539259650168,-143.97863780119047
0.0028499999999999997,0.30974999999999997,0.0,0.0,0.0,0.0,0.0,0.0,0.0,0.0
0.0028499999999999997,0.31325,0.0,0.0,0.0,0.0,0.0,0.0,0.0,0.0
0.0028499999999999997,0.31675,1.0,0.026392925543402442,0.0,0.7507649990127535,36.74874833888994,0.5636480837426198,1350.470504475066,27.589674010366632
0.0028499999999999997,0.32025,0.0,0.0,0.0,0.0,0.0,0.0,0.0,0.0
0.0028499999999999997,0.32375,1.0,0.03588081719778098,0.0,-1.1253358543860905,31.60920124195254,1.2663807851668722,999.141603154254,-35.57096748607454
0.0028499999999999997,0.32725,0.0,0.0,0.0,0.0,0.0,0.0,0.0,0.0
0.0028499999999999997,0.33075,0.0,0.0,0.0,0.0,0.0,0.0,0.0,0.0
0.0028499999999999997,0.33425,1.0,0.028532224917612727,0.0,2.23406304785136,35.258006329414506,4.991037701774909,1243.1270103250333,78.76860908145431
0.0028499999999999997,0.33775,0.0,0.0,0.0,0.0,0.0,0.0,0.0,0.0
0.0028499999999999997,0.34125,0.0,0.0,0.0,0.0,0.0,0.0,0.0,0.0
0.0028499999999999997,0.34475,0.0,0.0,0.0,0.0,0.0,0.0,0.0,0.0
0.0028499999999999997,0.34825,0.0,0.0,0.0,0.0,0.0,0.0,0.0,0.0
0.00315,0.00175,0.0,0.0,0.0,0.0,0.0,0.0,0.0,0.0
0.00315,0.0052499999999999995,0.0,0.0,0.0,0.0,0.0,0.0,0.0,0.0
0.00315,0.008749999999999999,0.0,0.0,0.0,0.0,0.0,0.0,0.0,0.0
0.00315,0.01225,25932.0,0.008252536899056176,3.480952115180784e-5,-0.1595972350004219,-6.4159625051080065,178.99133134052104,249.24013731435184,2.3595729950284925
0.00315,0.01575,189777.0,0.00817899649731069,3.446832232699991e-5,-0.11528284918888965,-2.640273464286929,172.27044735688128,244.8131091449351,-1.5485848815435956
0.00315,0.01925,469839.0,0.007510161678241906,3.320730579128855e-5,-0.0660574002208508,-1.0989632409569607,171.28512223936482,242.8696512666273,0.31670142679817964
0.00315,0.02275,1.071823e6,0.006333990926139277,3.009835988737075e-5,0.025064053448940207,-0.913767625310528,170.82999954256212,246.60733647046393,0.014854559234195232
0.00315,0.02625,2.466542e6,0.004966264087534645,2.6406128354139323e-5,0.0011909714529516223,-0.9366019289350878,170.45044646077756,250.3235850520233,0.42513320384510184
0.00315,0.02975,5.785276e6,0.003514051775454797,2.0398159405240073e-5,0.025444728421656158,-1.4032669066277061,169.8712020485644,251.35923669662466,-0.15050344622869732
0.00315,0.03325,1.1934041e7,0.002404631199835334,1.4973422092909651e-5,-0.015256590142364647,-0.3955088880667268,165.42301164552208,240.27893000256995,-0.015249912470019444
0.00315,0.03675,1.1917305e7,0.0026311074611046347,1.67528812906332e-5,0.016457852651071143,2.2051720702197635,165.30579024513207,245.34786992300164,0.054957569209678224
0.00315,0.04025,7.904533e6,0.004145973063290319,2.5326558707709544e-5,-0.004995609615828506,2.572909671531425,168.07186135458002,252.99585973650045,-0.0022541416757914084
0.00315,0.04375,5.419147e6,0.005880249467488067,3.331844785863906e-5,-0.012894132914263313,2.4244354783926156,169.66195858272332,253.5495373221778,0.35840772494862766
0.00315,0.04725,3.955793e6,0.007450946628876644,3.9096039267832475e-5,-0.034619859636067445,2.299605974400988,171.18991910272453,250.05475588645356,-0.41267763187188317
0.00315,0.050749999999999997,2.890245e6,0.008883373357488688,4.296453580780336e-5,0.033608050090479444,2.8485758329564432,170.3667558878997,252.7167748825623,-0.09281742611279238
0.00315,0.05425,2.240852e6,0.010018010771717897,4.539955849539213e-5,0.005433956912864625,3.4920325344866727,172.30367051825115,252.82618203975278,0.6581650115403641
0.00315,0.057749999999999996,1.694731e6,0.01091421194297741,4.614769475525876e-5,-0.020661666970298042,5.071301204113385,174.2780926305032,264.114651094326,-0.11501922079883904
0.00315,0.06125,1.110803e6,0.0113696552630227,4.564555760239217e-5,-0.029140230953309216,9.098069428310414,183.34572093998804,313.8811792722174,-0.25326949085046746
0.00315,0.06475,275168.0,0.011547175461421564,4.592558536875073e-5,-0.14563017651523483,20.760051459431253,172.69803230475512,646.5380685848495,-4.241973546664624
0.00315,0.06824999999999999,110017.0,0.011751317617514792,4.610585365339421e-5,-0.03078667689269945,28.716582452111194,108.15824354325481,1046.015589088536,-0.9141372634641952
0.00315,0.07175,143186.0,0.012061703297118495,4.811180286483637e-5,0.06239167047461842,18.410870448736546,91.09528032522336,606.9014578451458,0.2655105232266678
0.00315,0.07525,239709.0,0.012610122914131067,4.804247069461905e-5,-0.012765330509699163,8.604966871544562,81.06410286714399,258.23750993871,-0.7353200110323762
0.00315,0.07875,338487.0,0.013372127337185265,4.892141176276007e-5,0.01486217228675008,4.15017835726163,68.81046702054248,133.2981932522848,-0.055099072182956996
0.00315,0.08225,359294.0,0.014752661004366459,5.535146678060252e-5,0.00803842949125178,2.7584978751009346,61.12700727881379,99.53252083696704,0.5089647401194654
0.00315,0.08574999999999999,344861.0,0.01646063199294953,5.959466071584235e-5,0.04043596846706754,2.324872604301003,54.451467741043096,84.83949106305882,0.026046115512323463
0.00315,0.08925,313242.0,0.01826424854697863,6.62642889379995e-5,-0.056351615829720085,1.9925184560369802,50.513248198121246,76.78837833204376,0.16766845935716615
0.00315,0.09275,266660.0,0.019838122161320467,6.513994453180105e-5,-0.06068489554584144,2.0794557728591223,46.98473278720772,72.58740457211643,-0.6429413793130905
0.00315,0.09625,228910.0,0.02142788286371082,7.006292774899175e-5,0.02914416840289162,1.9544566494614282,45.425834806155905,70.2485309658119,0.16683074572295725
0.00315,0.09974999999999999,184982.0,0.023121961985365397,7.317142405282238e-5,0.05540198214918237,2.3864606185080253,44.71911295769736,68.69869452596527,0.2547946358078999
0.00315,0.10325,126138.0,0.02386284811387351,7.357055749835907e-5,0.031177796729497304,3.9314303010980782,45.87884433714718,75.89286943108101,0.17627883921173032
0.00315,0.10675,40040.0,0.024665002430940816,7.831895332769271e-5,-0.12099438035061336,7.167267358278633,45.33442142096592,110.6900077157399,-0.6051869146139225
0.00315,0.11025,1086.0,0.024751060540888666,6.694773198258726e-5,-0.01711340028865469,21.59822185632586,30.573819741594495,500.7622382981464,0.5814318175468616
0.00315,0.11374999999999999,326.0,0.025097393033814867,7.365981491563686e-5,0.31740780475644603,26.725717910822226,20.85248405047193,742.3830808288728,4.034511898786999
0.00315,0.11725,144.0,0.024763196765714573,5.4934172938784014e-5,-0.5573427146473453,29.51906280407566,12.568025681750612,897.2699873341875,-20.02217159533773
0.00315,0.12075,74.0,0.02644041506269536,5.679353580250244e-5,-0.1951119368588582,30.53884835798564,8.94018667218736,962.501114543018,-5.532936706583081
0.00315,0.12425,45.0,0.02527895896807519,3.801638015122938e-5,0.6512316234876135,32.43359270201392,8.158091024789673,1079.517107008002,19.135108120976263
0.00315,0.12775,24.0,0.02743259546023459,4.647012281460643e-5,-0.34395726397168114,32.569252375865005,4.78766852910134,1079.9929457766184,-12.320308444174595
0.00315,0.13125,13.0,0.02413235651319932,2.455962735850711e-5,-0.3544655622386665,34.037170356418926,6.3270971933294184,1173.158550160718,-10.603801733527241
0.00315,0.13475,8.0,0.025798997237975824,2.6102869852043122e-5,0.47431464905575993,34.825452666087756,2.713832407026066,1234.855292596625,18.098749133319142
0.00315,0.13824999999999998,4.0,0.031523240203890135,6.897968914020943e-5,2.2812889315343803,34.03348845042202,8.281180718688521,1169.3576672947527,77.03578951701999
0.00315,0.14175,5.0,0.024045342498634967,7.242469811877411e-6,1.3264169990696035,35.750525852689286,5.261440042871933,1337.8180640307417,54.22971293661635
0.00315,0.14525,3.0,0.022440406221598198,5.630610708295068e-6,-1.1160359089660963,27.873704190492482,4.690613827249027,810.7252311544371,-31.552776670803027
0.00315,0.14875,1.0,0.03254683457034593,0.0,2.6292056581340333,30.783629394972042,6.912722392764015,947.6318387269868,80.93649258316164
0.00315,0.15225,2.0,0.027207086315273202,5.682079786748563e-5,0.8297920018896148,29.988339402979317,1.3176230409162335,899.316597145161,24.9847127612709
0.00315,0.15575,2.0,0.021657860019431936,4.067729164348212e-8,0.05105258041354199,29.88676385236456,0.7796104146180514,893.2278943009871,1.4410610166221112
0.00315,0.15925,3.0,0.025579991047123427,2.4112762571498303e-5,1.020362485694303,38.82092582910592,1.2705970517918592,1507.451186553834,39.9093098633888
0.00315,0.16275,6.0,0.024545753763440134,4.0171792417420776e-5,-0.4770869126978429,30.843766251786732,5.909385126752332,983.8514302120517,-5.584613131468441
0.00315,0.16625,6.0,0.027341288476552164,6.84297054597619e-5,1.2830873402700134,30.826988653017683,3.6770777501941274,957.6068971037228,40.854505818863814
0.00315,0.16974999999999998,3.0,0.027460606215362733,3.418780194630931e-6,-0.8968178618638181,33.89749662689932,4.5874528615986145,1165.168531678452,-32.98962014907222
0.00315,0.17325,7.0,0.028118158360817762,3.737603655720051e-5,0.2783882267230102,33.78764844688549,4.00907610129797,1154.1814459187515,9.079294520836841
0.00315,0.17675,5.0,0.02919696422597937,2.1043297879146698e-5,-0.36752811986550826,33.13009720915596,1.3197575185794355,1107.110642218191,-12.383971235322136
0.00315,0.18025,3.0,0.023247616774832842,1.0600657239722614e-5,-0.3802367595867202,31.917136150936415,1.3414826656805205,1029.6514258359484,-9.149310538744444
0.00315,0.18375,3.0,0.0348594640278588,5.3727197030903876e-5,-2.9475834593073182,33.43212663111409,8.847294724112317,1152.674939586219,-97.0352915576296
0.00315,0.18725,4.0,0.03224888624582955,6.878431760275536e-5,0.5331807935655215,35.480284015960834,7.595134833669309,1278.7579584470116,11.519452871435446
0.00315,0.19075,2.0,0.030806586490810514,0.00011258021634959356,-1.6641205520588818,34.60960594703181,2.7825128953269433,1199.8005164276929,-57.756142842985106
0.00315,0.19425,1.0,0.029084697071978964,0.0,1.5704093000075734,35.81731520687676,2.4661853695502765,1282.8800686287655,56.24784490218195
0.00315,0.19774999999999998,0.0,0.0,0.0,0.0,0.0,0.0,0.0,0.0
0.00315,0.20124999999999998,1.0,0.02376016095662414,0.0,0.3011167876779372,40.36582500845198,0.09067131982147991,1629.3998286129672,12.154827558514802
0.00315,0.20475,0.0,0.0,0.0,0.0,0.0,0.0,0.0,0.0
0.00315,0.20825,2.0,0.02153563035727067,3.0981046422284322e-6,1.091923020883781,31.34508631880164,1.1943245112973413,983.9862512869286,34.281063494171036
0.00315,0.21175,0.0,0.0,0.0,0.0,0.0,0.0,0.0,0.0
0.00315,0.21525,1.0,0.021668007884904483,0.0,-0.574816271921695,29.254447347366735,0.33041374646595606,855.8226895998527,-16.815932361342867
0.00315,0.21875,1.0,0.032598266085881525,0.0,0.8471119305932582,36.16729586003222,0.717598622953437,1308.0732898271037,30.637747820329448
0.00315,0.22225,0.0,0.0,0.0,0.0,0.0,0.0,0.0,0.0
0.00315,0.22575,0.0,0.0,0.0,0.0,0.0,0.0,0.0,0.0
0.00315,0.22924999999999998,1.0,0.04688152171564008,0.0,0.6250971677067407,30.459385705429927,0.39074646907498917,927.774177552149,19.040075734551433
0.00315,0.23274999999999998,1.0,0.02391288281418811,0.0,0.6998599312757094,34.35748853017164,0.48980392340524076,1180.437018100876,24.0454295615319
0.00315,0.23625,0.0,0.0,0.0,0.0,0.0,0.0,0.0,0.0
0.00315,0.23975,0.0,0.0,0.0,0.0,0.0,0.0,0.0,0.0
0.00315,0.24325,0.0,0.0,0.0,0.0,0.0,0.0,0.0,0.0
0.00315,0.24675,0.0,0.0,0.0,0.0,0.0,0.0,0.0,0.0
0.00315,0.25025,0.0,0.0,0.0,0.0,0.0,0.0,0.0,0.0
0.00315,0.25375,0.0,0.0,0.0,0.0,0.0,0.0,0.0,0.0
0.00315,0.25725,0.0,0.0,0.0,0.0,0.0,0.0,0.0,0.0
0.00315,0.26075,0.0,0.0,0.0,0.0,0.0,0.0,0.0,0.0
0.00315,0.26425,1.0,0.028337930457268692,0.0,1.5653640707438077,39.9752257721978,2.4503646739756246,1598.0186755381874,62.575782143670324
0.00315,0.26775,0.0,0.0,0.0,0.0,0.0,0.0,0.0,0.0
0.00315,0.27125,0.0,0.0,0.0,0.0,0.0,0.0,0.0,0.0
0.00315,0.27475,1.0,0.029751935944071436,0.0,0.511672153171099,37.10761354051239,0.26180839233074865,1376.9749826720183,18.986932519315005
0.00315,0.27825,1.0,0.04136318545260839,0.0,0.5306759330716057,28.489876875805802,0.2816169459414193,811.6730843985741,15.118891994163405
0.00315,0.28175,0.0,0.0,0.0,0.0,0.0,0.0,0.0,0.0
0.00315,0.28525,0.0,0.0,0.0,0.0,0.0,0.0,0.0,0.0
0.00315,0.28875,0.0,0.0,0.0,0.0,0.0,0.0,0.0,0.0
0.00315,0.29225,1.0,0.02753008385181162,0.0,7.842866724094631,24.99785366008491,61.51055845191085,624.8926876110205,196.05483464446712
0.00315,0.29575,0.0,0.0,0.0,0.0,0.0,0.0,0.0,0.0
0.00315,0.29925,1.0,0.026793827299524123,0.0,-0.3840986136639777,33.46378731608147,0.1475317450185896,1119.8250615359352,-12.853394316053095
0.00315,0.30275,0.0,0.0,0.0,0.0,0.0,0.0,0.0,0.0
0.00315,0.30624999999999997,1.0,0.04280655792856271,0.0,-4.014854178384381,29.46989610594478,16.11905407369052,868.4747764951793,-118.317335517506
0.00315,0.30974999999999997,0.0,0.0,0.0,0.0,0.0,0.0,0.0,0.0
0.00315,0.31325,0.0,0.0,0.0,0.0,0.0,0.0,0.0,0.0
0.00315,0.31675,0.0,0.0,0.0,0.0,0.0,0.0,0.0,0.0
0.00315,0.32025,0.0,0.0,0.0,0.0,0.0,0.0,0.0,0.0
0.00315,0.32375,0.0,0.0,0.0,0.0,0.0,0.0,0.0,0.0
0.00315,0.32725,0.0,0.0,0.0,0.0,0.0,0.0,0.0,0.0
0.00315,0.33075,0.0,0.0,0.0,0.0,0.0,0.0,0.0,0.0
0.00315,0.33425,0.0,0.0,0.0,0.0,0.0,0.0,0.0,0.0
0.00315,0.33775,0.0,0.0,0.0,0.0,0.0,0.0,0.0,0.0
0.00315,0.34125,1.0,0.027577742241829396,0.0,0.509043542298151,32.38325261146057,0.2591253279554494,1048.6750496976679,16.484485620473738
0.00315,0.34475,0.0,0.0,0.0,0.0,0.0,0.0,0.0,0.0
0.00315,0.34825,0.0,0.0,0.0,0.0,0.0,0.0,0.0,0.0
0.00345,0.00175,0.0,0.0,0.0,0.0,0.0,0.0,0.0,0.0
0.00345,0.0052499999999999995,0.0,0.0,0.0,0.0,0.0,0.0,0.0,0.0
0.00345,0.008749999999999999,0.0,0.0,0.0,0.0,0.0,0.0,0.0,0.0
0.00345,0.01225,27638.0,0.008364339075327755,3.257262994401417e-5,-0.34670199821738645,-6.393646241922315,176.39859836866086,248.5606500089506,7.844961199770774
0.00345,0.01575,202336.0,0.008205513147428824,3.3256957112271316e-5,-0.04042224170007197,-2.724493569651438,171.05341856825916,245.3927567890128,-1.7704557260235536
0.00345,0.01925,502505.0,0.00751525373507952,3.3063472545541e-5,-0.10147220036442788,-1.0337805521290044,171.11701331329894,244.2903933061641,0.4894916950795246
0.00345,0.02275,1.144021e6,0.0063953012701395764,3.0491236262074934e-5,0.043662397311115125,-0.7997918286537253,170.83672835967658,247.35776234283725,-0.5468800840494406
0.00345,0.02625,2.623687e6,0.005046563482962954,2.661094994934981e-5,-0.011507205411182997,-0.8270273986583538,169.88344832407398,249.1172549125167,0.31236177167994816
0.00345,0.02975,6.031412e6,0.0036471880526671918,2.1165338407931375e-5,0.003958943983720138,-1.194179990120764,169.24333223998744,249.19625753972525,0.02468902445486327
0.00345,0.03325,1.1794364e7,0.0026060006708767763,1.6127132534224633e-5,-0.017823867328498867,-0.2655263971087477,165.6869142929793,240.38580374833745,-0.41561138265940745
0.00345,0.03675,1.202688e7,0.002830977935952144,1.793506771262719e-5,0.022132347768168425,2.084336982535009,166.0464929921913,245.4433929458624,0.08246190735610895
0.00345,0.04025,8.358535e6,0.00424837623353767,2.5669118070466457e-5,-0.0058000670801249985,2.495100258224232,167.44547316529474,252.0348794395662,0.013936109868384299
0.00345,0.04375,5.838816e6,0.005949930013498141,3.338830276047528e-5,0.005723579532585914,2.443671732230812,169.08910082753212,252.68132749361914,0.23930817249520148
0.00345,0.04725,4.289393e6,0.007491936660288917,3.882457807083842e-5,0.0005050742789546277,2.298144497175434,170.4798917936628,250.4672993483558,-0.2656597833025461
0.00345,0.050749999999999997,3.113027e6,0.00891711276727502,4.2944113857528915e-5,-0.0024022836165045725,2.6956071552379757,170.00578273646545,252.14536284760217,-0.35526573579017534
0.00345,0.05425,2.405272e6,0.010059021965147848,4.534111039756342e-5,-0.01854117650209602,3.4301499694963087,170.8525429210671,251.89733589910878,-0.1851405529286484
0.00345,0.057749999999999996,1.814734e6,0.010899124246692201,4.604786174373019e-5,-0.09328185280994943,4.862607500206716,175.3129912525611,263.6963556500987,-0.3171123146734406
0.00345,0.06125,1.166356e6,0.011398382033391571,4.5683517847348325e-5,0.013238209382681882,8.30630521800643,181.54008694734108,302.06027643647815,0.6903146183343148
0.00345,0.06475,184832.0,0.011607389981415878,4.614143221864418e-5,0.11939727884392498,18.533316568530434,171.2168247400859,565.5006062036209,1.6218996390098064
0.00345,0.06824999999999999,98063.0,0.011803322751523276,4.6783236303555176e-5,0.008349092496764365,26.235641389015584,103.10356848737787,923.6928722968634,-1.2356293876451316
0.00345,0.07175,147701.0,0.012158032510258137,4.930587705234747e-5,0.04464482783527324,16.688953808664056,91.0312735062275,534.9618835346366,-0.6338370892137994
0.00345,0.07525,257713.0,0.012690155884995486,4.851751471552865e-5,-0.017248884989372715,7.82021788550963,79.90434616568267,235.56721850449176,-0.0660117116596015
0.00345,0.07875,365275.0,0.013491418319738015,4.961691940157053e-5,-0.05502200251919144,4.022425192362953,68.31930279129759,131.97877699086686,-0.6423289725090603
0.00345,0.08225,380172.0,0.01488040318494133,5.651410110083831e-5,0.009948866348229765,2.7909834156438595,60.148203282361095,98.90110922094539,0.5553870158171406
0.00345,0.08574999999999999,374592.0,0.016450914758094994,6.0435969872164215e-5,0.030501135484651075,2.2837973823270827,54.341448569449554,85.39386527944013,-0.20780628383675775
0.00345,0.08925,334935.0,0.01821059953863223,6.368327215512722e-5,0.004253390663396699,1.9623928621324858,50.76528554588022,77.55273961165432,0.10143699197079284
0.00345,0.09275,286437.0,0.019868117461070502,6.640850010980915e-5,-0.0030148839825725952,2.023955985796909,47.054970349951894,72.52999526296198,0.44006049081658893
0.00345,0.09625,243937.0,0.021656715618552657,7.20157448283861e-5,-0.0028093965328712107,1.860363451876165,45.10461419512067,68.43736580921689,-0.36873916072992513
0.00345,0.09974999999999999,192111.0,0.023108703110313367,7.418242255987613e-5,0.040086494574766825,2.327189563586744,44.77552306089582,67.46377703232201,0.3547419705062067
0.00345,0.10325,132723.0,0.024021285591125156,7.49195029966616e-5,0.06804454873630428,3.736255832843946,44.419011016217915,73.96152990209491,0.3160396150218559
0.00345,0.10675,44135.0,0.024683920085812588,7.353618237474613e-5,0.05719496636428948,7.664736468748835,43.42626406903535,120.05271076970796,0.6120916200533335
0.00345,0.11025,1068.0,0.025125848748967887,7.411093067322107e-5,-0.31930003995645184,21.88438947265869,32.12681558899291,514.6161909272653,-6.5116515143931615
0.00345,0.11374999999999999,325.0,0.024973326977576333,6.668894343348332e-5,-0.5382850687377715,26.215201064704694,18.370005280807224,714.9245452209107,-13.24335054225426
0.00345,0.11725,130.0,0.023085143911995076,4.630413773657454e-5,0.04649078895095698,29.848464494484688,11.76293453020792,913.4021761869368,-1.0115386707822132
0.00345,0.12075,53.0,0.024990974868816827,5.9483375035778454e-5,0.7823041263787418,31.717132512879218,10.504168383191308,1031.8017963238356,19.89042385463402
0.00345,0.12425,32.0,0.0279148869504294,0.00013789088866866605,0.016339259494368014,31.06046725511465,5.957079791928522,988.2258452354677,-0.9107294851063128
0.00345,0.12775,31.0,0.025797827777179504,4.7974572913508144e-5,-0.05526846563415382,31.41449893605591,4.691370685903528,1010.2425086801015,-2.239701046920938
0.00345,0.13125,13.0,0.022526763139420414,2.9672389986401767e-5,-0.2541531341781782,28.203477106453555,7.359482170084496,852.090227938012,-1.4831735639444474
0.00345,0.13475,11.0,0.024531649083040164,4.707739005334749e-5,1.7984274577008175,33.44724799166978,6.852212511468879,1141.820688279235,64.54263489283261
0.00345,0.13824999999999998,10.0,0.027923172260359695,3.662415175433754e-5,0.7040033042943936,30.81064009670371,2.4107335673235877,1025.8485325879915,28.089448080734172
0.00345,0.14175,8.0,0.02519065401558434,2.463363244194243e-5,-0.3243418609919383,32.11271765187321,5.723415217211595,1069.9472300962527,-9.295080869203254
0.00345,0.14525,7.0,0.025014443924359864,6.636003856992003e-5,-0.7225308773093095,37.4419201489259,28.292855297649062,1418.938985340039,-31.088737546304657
0.00345,0.14875,7.0,0.030813122496906202,0.00018377708113913397,0.3713617395580114,28.674090401283117,6.058070110165838,840.2761671923835,15.813696501814839
0.00345,0.15225,4.0,0.02906796677826554,8.189743568829033e-6,0.5247120559729678,29.08039167627405,3.4497232439503165,858.4056106929394,13.028288085146945
0.00345,0.15575,7.0,0.02409586482685526,7.051617968599609e-5,0.5239718157219663,32.45884203090053,1.5181759347690953,1100.3583583973755,12.774679712488187
0.00345,0.15925,4.0,0.02268092612405754,3.4413191985843993e-6,1.7466356740836737,32.8618810698504,4.877737653296557,1085.6374854920934,59.36558552042611
0.00345,0.16275,4.0,0.02950554771525519,3.757303635930694e-5,-1.2113387464476058,24.902418547583498,4.7244419707617995,673.2159024303744,-33.72825235768498
0.00345,0.16625,3.0,0.021107482240733874,2.404679356169901e-5,-0.16505811725484998,30.242882990898323,8.251767949127094,920.674225182929,-9.001379755834265
0.00345,0.16974999999999998,3.0,0.025482259993366122,6.3212577823369695e-6,-0.4288916052395625,37.50856649916385,0.3630275085248976,1413.525746451357,-15.00334660489975
0.00345,0.17325,1.0,0.015708492885716515,0.0,-1.3262606836191115,31.271583016550117,1.758967400913833,977.9119043609858,-41.47427106938156
0.00345,0.17675,5.0,0.02425533476764902,6.306105290595105e-7,0.8108510575483997,33.507187424694884,3.5514712317245967,1127.716385322795,27.738564793699815
0.00345,0.18025,2.0,0.029733591645736746,1.0916635017285795e-5,-1.4565398556903928,41.354013915761925,3.7682815409877453,1712.6191467827764,-58.2191308636726
0.00345,0.18375,2.0,0.031125354244595026,1.540006352546854e-5,0.17049913472286304,38.6409463601653,2.3755100941470695,1504.3360448322157,11.717707818166396
0.00345,0.18725,1.0,0.03464686814710347,0.0,-2.2114233060165067,34.50002990904138,4.890393038392976,1190.2520637247499,-76.29417019912066
0.00345,0.19075,2.0,0.03271898141342913,0.0002952361972236444,-0.14417372008565027,42.425800518047865,0.2219659495540869,1853.2404742668407,-2.842351443664274
0.00345,0.19425,1.0,0.027305527391940185,0.0,3.5365259826382904,29.930181429573295,12.507016025875727,895.8157604071741,105.84886429076401
0.00345,0.19774999999999998,1.0,0.021351011051124653,0.0,-2.1561491777671153,35.65216197020866,4.648979276785807,1271.0766531499926,-76.87137971768541
0.00345,0.20124999999999998,0.0,0.0,0.0,0.0,0.0,0.0,0.0,0.0
0.00345,0.20475,2.0,0.024024618299044447,1.4488884779446312e-8,1.5944578274613153,23.965031928814042,2.989134090927533,591.4682660793119,40.979132911656706
0.00345,0.20825,0.0,0.0,0.0,0.0,0.0,0.0,0.0,0.0
0.00345,0.21175,2.0,0.03148511618163184,6.442358569824903e-7,0.1334199254313166,43.07047965732866,0.020635851047372814,1890.4974453519678,6.063393344158476
0.00345,0.21525,0.0,0.0,0.0,0.0,0.0,0.0,0.0,0.0
0.00345,0.21875,0.0,0.0,0.0,0.0,0.0,0.0,0.0,0.0
0.00345,0.22225,0.0,0.0,0.0,0.0,0.0,0.0,0.0,0.0
0.00345,0.22575,0.0,0.0,0.0,0.0,0.0,0.0,0.0,0.0
0.00345,0.22924999999999998,1.0,0.01867587204323745,0.0,3.3854200941956996,35.69519723899372,11.46106921418402,1274.147105930665,120.8432379991682
0.00345,0.23274999999999998,2.0,0.027828204537997663,1.465814652400019e-5,0.23217862288151564,22.65768749063781,0.053910379686545086,565.8171674321468,5.247146646548871
0.00345,0.23625,0.0,0.0,0.0,0.0,0.0,0.0,0.0,0.0
0.00345,0.23975,0.0,0.0,0.0,0.0,0.0,0.0,0.0,0.0
0.00345,0.24325,0.0,0.0,0.0,0.0,0.0,0.0,0.0,0.0
0.00345,0.24675,0.0,0.0,0.0,0.0,0.0,0.0,0.0,0.0
0.00345,0.25025,1.0,0.03572642774796854,0.0,0.36506456480324845,31.81616378291923,0.13327213647498518,1012.2682778615413,11.614953985120284
0.00345,0.25375,0.0,0.0,0.0,0.0,0.0,0.0,0.0,0.0
0.00345,0.25725,0.0,0.0,0.0,0.0,0.0,0.0,0.0,0.0
0.00345,0.26075,2.0,0.03302880892690275,2.471565655461285e-5,0.3294359482173288,35.44387440658315,0.3244276919386665,1269.7026442033905,9.973405441833087
0.00345,0.26425,0.0,0.0,0.0,0.0,0.0,0.0,0.0,0.0
0.00345,0.26775,1.0,0.02672052725566378,0.0,-1.3483533205954017,35.58919083226528,1.8180566771606461,1266.590504095395,-47.986803635988316
0.00345,0.27125,1.0,0.017764280312582367,0.0,2.034209748391767,32.016522941789205,4.1380093004520955,1025.0577412821144,65.12832307779625
0.00345,0.27475,0.0,0.0,0.0,0.0,0.0,0.0,0.0,0.0
0.00345,0.27825,2.0,0.0335205066608246,6.463055223984412e-6,0.2913605818940155,33.948610144839414,0.15002085523916425,1183.9021463147797,11.321212693666112
0.00345,0.28175,0.0,0.0,0.0,0.0,0.0,0.0,0.0,0.0
0.00345,0.28525,0.0,0.0,0.0,0.0,0.0,0.0,0.0,0.0
0.00345,0.28875,0.0,0.0,0.0,0.0,0.0,0.0,0.0,0.0
0.00345,0.29225,1.0,0.032748115073807774,0.0,-2.0454829408077715,34.07612318339165,4.184000461135609,1161.1821712096819,-69.70212866049184
0.00345,0.29575,1.0,0.02382795284187311,0.0,2.091772955363671,32.68848278999724,4.375514096790867,1068.5369071119455,68.37688425198702
0.00345,0.29925,0.0,0.0,0.0,0.0,0.0,0.0,0.0,0.0
0.00345,0.30275,0.0,0.0,0.0,0.0,0.0,0.0,0.0,0.0
0.00345,0.30624999999999997,0.0,0.0,0.0,0.0,0.0,0.0,0.0,0.0
0.00345,0.30974999999999997,2.0,0.02966436488889927,1.281044997939052e-5,-1.0626612751578506,39.302157678478466,5.82532157330076,1565.1953189337346,-31.94463480267865
0.00345,0.31325,0.0,0.0,0.0,0.0,0.0,0.0,0.0,0.0
0.00345,0.31675,1.0,0.02456115410328411,0.0,-0.9962017024045386,35.77928762847623,0.992417831873701,1280.1574232012324,-35.64338724630967
0.00345,0.32025,0.0,0.0,0.0,0.0,0.0,0.0,0.0,0.0
0.00345,0.32375,0.0,0.0,0.0,0.0,0.0,0.0,0.0,0.0
0.00345,0.32725,0.0,0.0,0.0,0.0,0.0,0.0,0.0,0.0
0.00345,0.33075,0.0,0.0,0.0,0.0,0.0,0.0,0.0,0.0
0.00345,0.33425,0.0,0.0,0.0,0.0,0.0,0.0,0.0,0.0
0.00345,0.33775,0.0,0.0,0.0,0.0,0.0,0.0,0.0,0.0
0.00345,0.34125,0.0,0.0,0.0,0.0,0.0,0.0,0.0,0.0
0.00345,0.34475,2.0,0.03681565937197207,9.024372111873306e-7,1.0481506033526937,30.746712785293347,1.1486082386388694,983.8360222376637,33.6140320739466
0.00345,0.34825,0.0,0.0,0.0,0.0,0.0,0.0,0.0,0.0
0.00375,0.00175,0.0,0.0,0.0,0.0,0.0,0.0,0.0,0.0
0.00375,0.0052499999999999995,0.0,0.0,0.0,0.0,0.0,0.0,0.0,0.0
0.00375,0.008749999999999999,0.0,0.0,0.0,0.0,0.0,0.0,0.0,0.0
0.00375,0.01225,29617.0,0.00835075064964451,3.0927565364576665e-5,-0.25667522635038337,-6.306860946335925,182.67436894964865,252.74587990835653,4.562814186714256
0.00375,0.01575,214758.0,0.008223660927479896,3.376858151107964e-5,0.11626204360267894,-2.6729230488911884,173.35488367533273,239.86355457468073,1.5093222337294696
0.00375,0.01925,536150.0,0.007515569569550796,3.2073263492725776e-5,0.020315879162444855,-1.027579277343988,171.5116202167169,243.24239515383152,0.7278955097634685
0.00375,0.02275,1.216093e6,0.006448816030621564,3.1016026059353733e-5,0.025981144526352157,-0.7559712515014966,169.82734091090256,246.97020762907317,0.1287140258540881
0.00375,0.02625,2.760197e6,0.005117020797609321,2.6575390764840914e-5,-0.019688433080671742,-0.8468024926438548,170.2416711963751,247.86367698663858,-0.06074591094658012
0.00375,0.02975,6.222517e6,0.0037770087021353742,2.1751187741245885e-5,-0.0029792097333944246,-1.1134400041165984,169.23452012647866,247.83898632664162,-0.020721836304404245
0.00375,0.03325,1.1601591e7,0.002805198151529963,1.7134228008579013e-5,0.006313983916853724,-0.1702569595751287,165.53710234507707,239.16716669952743,-0.23938168358695636
0.00375,0.03675,1.2104565e7,0.003021139103232821,1.8977587149407383e-5,-0.0018279135268547161,1.9247352788813215,166.44487049909307,244.79815214830097,-0.16344939880626685
0.00375,0.04025,8.716848e6,0.004370528052993771,2.6346450136656666e-5,0.02450153227295368,2.476617578344258,167.4148803720567,250.72353113890736,0.16299679502872413
0.00375,0.04375,6.271345e6,0.006033340141726369,3.3827145315478326e-5,-0.025322793616272484,2.420264055813085,168.7470800481163,252.5153540388162,0.22398601442928665
0.00375,0.04725,4.604158e6,0.0075533365373172436,3.9115101640203186e-5,-0.0029402703198049755,2.2807305599965124,169.93734504069218,249.72136648231066,-0.19511325761379997
0.00375,0.050749999999999997,3.321922e6,0.008953490924733102,4.3143696740658586e-5,-0.020988079346051357,2.5576955627867988,170.2325313693313,250.77174920844135,0.14804859322277394
0.00375,0.05425,2.537046e6,0.010062486523903706,4.541267463962994e-5,-0.026323994615335886,3.2858882114436647,170.3513490892358,249.6832908890127,0.39340917510016155
0.00375,0.057749999999999996,1.939329e6,0.010913896975031987,4.595769285159705e-5,-0.03138945904960246,4.696320999323555,175.222953315588,262.3115702604999,-0.2823194702802701
0.00375,0.06125,1.218409e6,0.011393546359960424,4.542579787912482e-5,0.029457884320904074,7.675008855323568,180.13466618390893,292.9316194594558,-0.08926056894362915
0.00375,0.06475,102400.0,0.011523006961592239,4.5057951386696724e-5,0.09131583145002746,13.622177221145806,174.18879618503664,399.08581307331366,1.6315001106860956
0.00375,0.06824999999999999,85371.0,0.011848717182365071,4.7056879377160586e-5,0.04500828211158962,23.394339471726045,101.6879052898206,794.1255593680637,0.5579567035563888
0.00375,0.07175,151975.0,0.01216625945661077,4.824363972976808e-5,0.0036662761045180847,15.032941991824593,89.45374624924544,472.76447792241623,0.2758079835127738
0.00375,0.07525,272628.0,0.012725505333945654,4.8468028553574785e-5,-0.06365349476215507,7.079816210089133,78.12671594295561,218.34111730551595,-0.06953771772781872
0.00375,0.07875,389900.0,0.01353579202120555,5.0357078294629324e-5,-0.017659518230379274,3.8984567053848345,67.620932382503,127.05698741998785,-0.10071634360219926
0.00375,0.08225,408557.0,0.01489981310155665,5.471222854610765e-5,0.034286000200031086,2.8338492857385353,61.24632046505059,98.93985824327866,0.18533726643609225
0.00375,0.08574999999999999,399585.0,0.016538835475213922,6.186554085968418e-5,0.011290562764093317,2.232526452125457,53.21008214100928,85.24417583897987,-1.0186939659743925
0.00375,0.08925,354152.0,0.01823786714403806,6.370716860958667e-5,0.014747629573805947,1.78829316237881,49.96744353667856,75.16850800681749,0.38121649049157985
0.00375,0.09275,302978.0,0.01979459787914899,6.574200558894141e-5,-0.012593334985491634,1.8952762790055664,46.70635203965897,71.4127676236072,0.20497232487037062
0.00375,0.09625,263341.0,0.021701846845150783,7.320534054281771e-5,0.0549740240009577,1.8463864518957538,45.28604530231012,67.87871600162309,0.284452397334571
0.00375,0.09974999999999999,198955.0,0.023018658485187006,7.236178103730042e-5,-0.04279890788089206,2.224649469853609,44.56645529435067,66.96085224282811,-0.4076773722040044
0.00375,0.10325,138988.0,0.024015753421967413,7.286418646397833e-5,-0.0879849550740207,3.4326974078711485,44.35475204681109,72.35327486280568,-0.711211459304307
0.00375,0.10675,42165.0,0.024966292438803266,7.067462612817785e-5,-0.13829095268689962,7.349963303750815,42.71770870192658,116.56656367501614,0.15480301853371886
0.00375,0.11025,802.0,0.024927531021296585,7.162562231277232e-5,-0.05392239579060181,21.826987141334744,27.556246694549444,505.33320271627247,-1.464171789219325
0.00375,0.11374999999999999,279.0,0.02406369033444365,6.784129738249133e-5,-0.46757518354853533,25.75287170873949,18.301279367685645,687.9010211139671,-14.195870098188005
0.00375,0.11725,132.0,0.02497209166591808,5.46282826603964e-5,0.08167956872348657,28.868425838642732,11.374823978545182,863.8119014174446,0.7335697176587235
0.00375,0.12075,57.0,0.028379540087087114,6.57724129604593e-5,0.21170895617109955,31.349082333069425,7.916880066375917,1019.6821491483411,8.24310740533231
0.00375,0.12425,27.0,0.025916924627627413,4.758557445494084e-5,0.7002086043103608,31.521940746263358,5.482796383450679,1017.5420689785939,24.870393690951722
0.00375,0.12775,26.0,0.025511820552910524,5.766403252593017e-5,-0.5284275938430036,33.28699092687514,3.5824449525888262,1140.0703668237759,-18.586986545152882
0.00375,0.13125,11.0,0.025961569626001053,6.240997434425865e-5,-0.601436970487935,31.898382493646288,6.4689725568157845,1040.9454935180675,-12.346598801562761
0.00375,0.13475,9.0,0.025528376206547524,2.114013325839184e-5,0.05440102008896566,29.46954911195993,7.1036858304908534,914.9190005309104,5.990026679097059
0.00375,0.13824999999999998,12.0,0.026166937113743197,8.323583540760533e-5,0.04796835366038482,33.66308824094587,5.00992895928347,1162.2105003744455,6.0864363830592065
0.00375,0.14175,6.0,0.021474674756218046,6.597706091335765e-5,1.7809722514266593,36.455985084466384,5.869547165272142,1341.0783419746324,62.73214039226331
0.00375,0.14525,7.0,0.030421185349080154,1.5828778410466166e-5,0.49359670476054995,29.531989634565733,8.488835947106075,881.7006366912153,16.062801327434887
0.00375,0.14875,5.0,0.023993834535633904,2.6114695532672385e-5,2.311843199776357,30.662019067895105,8.666134742023102,979.2431059202544,69.91035173835786
0.00375,0.15225,5.0,0.0223387411428596,5.452517339356558e-6,0.9770056423481862,36.14320536662719,4.224706280858411,1316.5035855316287,38.46381358347347
0.00375,0.15575,2.0,0.03296728136279692,4.887195889764209e-6,0.2248691994791936,27.771215411393428,0.48818491856567414,771.4782046273888,5.92229929807657
0.00375,0.15925,6.0,0.028846982821756257,8.641111802246036e-5,0.7173197998888674,29.09229917536819,3.091632487797176,848.6875780467028,22.227161670076832
0.00375,0.16275,5.0,0.024616398334137105,2.5350079119300934e-5,1.5394236165211381,32.306940363881246,9.242096913398418,1081.2072396843066,57.2713917718314
0.00375,0.16625,5.0,0.026180322537945232,9.656034221894045e-5,-1.1595175038320726,31.35557649763202,2.6700864626843543,1005.1657150361975,-32.78842142618171
0.00375,0.16974999999999998,1.0,0.03260376007555553,0.0,-0.31748118913265067,29.21275936125342,0.1007943054530819,853.3853094984993,-9.274501579856707
0.00375,0.17325,5.0,0.0230657117754705,2.3384795243620553e-5,-1.036720792524911,28.701438706542497,1.6055865946964158,828.0784570756091,-28.567136475600375
0.00375,0.17675,3.0,0.023165464139036147,1.6806786753938946e-5,-0.05517545807870128,33.763620501994865,1.7559864017381683,1163.1303742131297,-5.666453451639658
0.00375,0.18025,3.0,0.019047846759492736,8.278921812856044e-6,0.04096335506062143,34.85333201721998,2.122465082158202,1237.5480284592502,3.7455297309717537
0.00375,0.18375,2.0,0.02542640056739256,1.6521625958583994e-5,-1.2169847798554092,32.06149856215758,1.4928823578105934,1030.6159282699743,-38.840420450491514
0.00375,0.18725,0.0,0.0,0.0,0.0,0.0,0.0,0.0,0.0
0.00375,0.19075,1.0,0.023589799023719184,0.0,-3.008980151077896,35.37708004678512,9.053961549580759,1251.5377926366416,-106.44893166387031
0.00375,0.19425,0.0,0.0,0.0,0.0,0.0,0.0,0.0,0.0
0.00375,0.19774999999999998,1.0,0.04997765629076274,0.0,-0.5642596880850361,36.40599022805276,0.31838899559782224,1325.396124485073,-20.542432690507923
0.00375,0.20124999999999998,0.0,0.0,0.0,0.0,0.0,0.0,0.0,0.0
0.00375,0.20475,3.0,0.025030683343866073,1.750415064717442e-5,-0.20927325782267014,37.135305451214116,0.6237134004314046,1397.8426348602034,-6.581234089454705
0.00375,0.20825,1.0,0.027888599032318526,0.0,-2.222056919167364,25.636428114063573,4.937536952019556,657.2264464475492,-56.965602473591694
0.00375,0.21175,0.0,0.0,0.0,0.0,0.0,0.0,0.0,0.0
0.00375,0.21525,1.0,0.021885685823422003,0.0,-0.13707849347846457,33.234541249593924,0.018790513374325454,1104.53473207096,-4.555740845942222
0.00375,0.21875,1.0,0.028613808224640044,0.0,-0.4631510136884332,31.663562483512475,0.21450886148062323,1002.5811891472987,-14.665011061225846
0.00375,0.22225,0.0,0.0,0.0,0.0,0.0,0.0,0.0,0.0
0.00375,0.22575,0.0,0.0,0.0,0.0,0.0,0.0,0.0,0.0
0.00375,0.22924999999999998,0.0,0.0,0.0,0.0,0.0,0.0,0.0,0.0
0.00375,0.23274999999999998,1.0,0.027534749297981154,0.0,-0.5337896565093424,38.89718930208783,0.28493139739636175,1512.991335602456,-20.76291731674033
0.00375,0.23625,1.0,0.028302773483908614,0.0,-0.13941019401282764,20.667909938380735,0.019435202194694245,427.1625012210171,-2.881317334349307
0.00375,0.23975,0.0,0.0,0.0,0.0,0.0,0.0,0.0,0.0
0.00375,0.24325,0.0,0.0,0.0,0.0,0.0,0.0,0.0,0.0
0.00375,0.24675,0.0,0.0,0.0,0.0,0.0,0.0,0.0,0.0
0.00375,0.25025,2.0,0.02392265177761506,3.6018394016034893e-7,0.3994579794338513,29.146280022299212,1.8017615749069382,878.1684517979984,18.503466613597077
0.00375,0.25375,0.0,0.0,0.0,0.0,0.0,0.0,0.0,0.0
0.00375,0.25725,2.0,0.025619514150806724,4.19865975077663e-5,-2.0759315163586676,27.705043844882653,4.393071976221897,767.766545526094,-57.38542674904721
0.00375,0.26075,0.0,0.0,0.0,0.0,0.0,0.0,0.0,0.0
0.00375,0.26425,1.0,0.025978626370935294,0.0,2.3164613497154565,32.293349247834854,5.365993184725554,1042.860405642636,74.80629538547215
0.00375,0.26775,3.0,0.03049912812567043,3.115788020606884e-5,-1.374334248513824,31.57833274326303,25.191475249901895,998.8961575720982,-42.12448247405612
0.00375,0.27125,1.0,0.04214473920931129,0.0,1.5601365706375054,33.238790889692154,2.434026119040556,1104.8172198086822,51.857053230781474
0.00375,0.27475,0.0,0.0,0.0,0.0,0.0,0.0,0.0,0.0
0.00375,0.27825,0.0,0.0,0.0,0.0,0.0,0.0,0.0,0.0
0.00375,0.28175,0.0,0.0,0.0,0.0,0.0,0.0,0.0,0.0
0.00375,0.28525,0.0,0.0,0.0,0.0,0.0,0.0,0.0,0.0
0.00375,0.28875,0.0,0.0,0.0,0.0,0.0,0.0,0.0,0.0
0.00375,0.29225,2.0,0.033568969946185315,1.0162927988980566e-5,-0.5149233326400311,30.20787222782293,1.1639956555712643,912.7446413675112,-15.100950180566016
0.00375,0.29575,0.0,0.0,0.0,0.0,0.0,0.0,0.0,0.0
0.00375,0.29925,0.0,0.0,0.0,0.0,0.0,0.0,0.0,0.0
0.00375,0.30275,1.0,0.03904612551856901,0.0,-0.00557565639590733,41.22635715123357,3.108794424522232e-5,1699.6125239610674,-0.22986400193023537
0.00375,0.30624999999999997,0.0,0.0,0.0,0.0,0.0,0.0,0.0,0.0
0.00375,0.30974999999999997,0.0,0.0,0.0,0.0,0.0,0.0,0.0,0.0
0.00375,0.31325,0.0,0.0,0.0,0.0,0.0,0.0,0.0,0.0
0.00375,0.31675,1.0,0.018294675430465875,0.0,0.20174956448155332,35.97171745313731,0.04070288676849644,1293.9644565283434,7.257278329823943
0.00375,0.32025,0.0,0.0,0.0,0.0,0.0,0.0,0.0,0.0
0.00375,0.32375,0.0,0.0,0.0,0.0,0.0,0.0,0.0,0.0
0.00375,0.32725,0.0,0.0,0.0,0.0,0.0,0.0,0.0,0.0
0.00375,0.33075,0.0,0.0,0.0,0.0,0.0,0.0,0.0,0.0
0.00375,0.33425,1.0,0.036238317608705245,0.0,1.1789290719930938,28.015015593594725,1.3898737567904973,784.8410987093556,33.02771633562868
0.00375,0.33775,0.0,0.0,0.0,0.0,0.0,0.0,0.0,0.0
0.00375,0.34125,0.0,0.0,0.0,0.0,0.0,0.0,0.0,0.0
0.00375,0.34475,0.0,0.0,0.0,0.0,0.0,0.0,0.0,0.0
0.00375,0.34825,0.0,0.0,0.0,0.0,0.0,0.0,0.0,0.0
0.00405,0.00175,0.0,0.0,0.0,0.0,0.0,0.0,0.0,0.0
0.00405,0.0052499999999999995,0.0,0.0,0.0,0.0,0.0,0.0,0.0,0.0
0.00405,0.008749999999999999,0.0,0.0,0.0,0.0,0.0,0.0,0.0,0.0
0.00405,0.01225,30347.0,0.008353056349864777,3.0135765834878697e-5,-0.3032318152370009,-6.676480898513247,174.28463670563775,256.734984668277,-1.066720424730953
0.00405,0.01575,229342.0,0.008282260507028436,3.407832685818235e-5,0.08705034481871585,-2.3857167836306634,173.1816924127865,240.09159166442134,0.8701055873381264
0.00405,0.01925,559470.0,0.007605779375931491,3.398442045740236e-5,0.02575310195348593,-1.21832162454272,169.21682854238614,242.55879045759556,0.35207459102515826
0.00405,0.02275,1.280456e6,0.006505684709975949,3.134069670886715e-5,-0.057859020908615034,-0.7440926186184442,170.14315312710346,244.80521535800966,0.5600728307457318
0.00405,0.02625,2.913796e6,0.0052166763104085166,2.724710785977813e-5,-0.015180143385889832,-0.8102121820218604,169.43436816463117,247.17571378809905,-0.12238529363763312
0.00405,0.02975,6.402371e6,0.0038916852092915964,2.2257596630287117e-5,-0.01072592479281211,-0.9843484774455166,169.02532041830986,246.3345590625471,0.12372464883128026
0.00405,0.03325,1.1455204e7,0.0030050681286856247,1.8232575080815363e-5,-0.012033774731389193,-0.07860068171990207,165.68972305228345,238.8767906673222,0.05996961571443244
0.00405,0.03675,1.2130105e7,0.0032290032204223885,2.0167886001919684e-5,-0.011508120333439464,1.7910126758832763,166.6298117556551,243.80568416023536,-0.40577134640345514
0.00405,0.04025,9.078691e6,0.004500239005247172,2.6904526928143586e-5,0.02484510258528245,2.4441928011714458,167.33567478626745,250.06007147736568,0.06285460252444201
0.00405,0.04375,6.682589e6,0.006115889272729518,3.429070193008766e-5,0.006495328232871231,2.334905257371185,169.1464600151892,252.07444325828362,-0.09181644266601417
0.00405,0.04725,4.917053e6,0.007610901264701565,3.9303698840483596e-5,0.013713880287478384,2.1561448081147963,170.09262864800823,248.83943785348438,-0.06137402389005625
0.00405,0.050749999999999997,3.527986e6,0.009006411991827886,4.338959746305799e-5,0.0036973023320424846,2.4482056493453395,170.60065244435097,250.67261688857064,0.04332634481214642
0.00405,0.05425,2.679102e6,0.010084828663749696,4.502304486058915e-5,0.016092201387293784,3.197049260512568,170.64722756805358,250.1841276324016,0.07195406186552315
0.00405,0.057749999999999996,2.036697e6,0.010945162448878921,4.599605256926718e-5,-0.046069995803797566,4.52397885240597,174.3516437391261,261.01186502896735,0.012316762041228783
0.00405,0.06125,1.251536e6,0.011394815719835751,4.5201615782026976e-5,-0.018456987985221895,7.108239432323948,180.8793663288143,286.83602666021847,0.56470156625004
0.00405,0.06475,92863.0,0.011621219851643518,4.7083810329586976e-5,0.01640676169544888,11.694999764515519,173.98919558004368,338.1603850138155,-0.7366030336635471
0.00405,0.06824999999999999,74316.0,0.011861029412824775,4.758457730004303e-5,-0.12129892152558112,20.293817748634293,100.8327507204203,666.1915984758526,-2.285884332351098
0.00405,0.07175,155560.0,0.012209827913932549,4.818439163019806e-5,0.0488801691727438,13.463346090514113,89.90856437319192,416.02516790591545,-0.3295450472702834
0.00405,0.07525,284897.0,0.012815479617836639,4.89935026254489e-5,-0.0920614267702742,6.528536823560158,78.44742002286335,202.45567876187394,-0.41356641708316755
0.00405,0.07875,417884.0,0.013577314237851412,5.079330371009749e-5,-0.002407577592425391,3.671400056308392,67.19472155826114,123.79962894155886,-0.10922385395356424
0.00405,0.08225,426225.0,0.014980475671709674,5.506461862916135e-5,-0.022689005679751007,2.741642781767329,60.73008236472572,97.26846886589897,-0.27799382900892067
0.00405,0.08574999999999999,422801.0,0.01657832379810434,6.181592393380795e-5,0.026274258826198504,2.1303943364639317,53.29576447867511,84.32282852307702,0.014788950012030701
0.00405,0.08925,376853.0,0.01838635918458774,6.465059103899849e-5,0.04145543474512005,1.7364445250895564,50.37691315102699,75.4263336896588,-0.10647943019529936
0.00405,0.09275,329398.0,0.019872529523877778,6.56936004099357e-5,-0.0236781653980853,1.782284898802465,46.53366885190423,70.8914783772819,1.0016376677890453
0.00405,0.09625,276982.0,0.02174323215670053,7.344415039089789e-5,0.01081767883923896,1.954141703683694,45.021511598284675,68.22993451453561,0.11093043569835292
0.00405,0.09974999999999999,207574.0,0.023083825873987752,7.290946007728214e-5,0.007575965137058802,2.191828497539735,44.493630022815964,67.60202844526418,-0.2716371907630347
0.00405,0.10325,141881.0,0.023925560997538835,6.826500673470554e-5,-0.10459496773219601,3.2571871086251525,44.38853091710136,71.05924736223632,-0.5629970892990533
0.00405,0.10675,35450.0,0.025034279184031533,7.7031708520009e-5,-0.009917896860434903,6.44692599542811,46.04794041026079,101.98260494521553,0.7796537038190169
0.00405,0.11025,639.0,0.024513598948225173,7.143592358151993e-5,-0.0021069617035673806,21.40942383596142,22.627491608903842,497.0362006309344,-2.350441112641694
0.00405,0.11374999999999999,268.0,0.023812245648251337,6.228103766611613e-5,-0.4595370078393881,26.20891664015552,17.48043132067128,710.2170472103353,-12.900734060786416
0.00405,0.11725,104.0,0.02430627451767377,6.162299513641418e-5,-0.10934483421668316,28.590656157787688,12.40816780984474,853.9822559740275,-8.707742201844328
0.00405,0.12075,57.0,0.02510211071000111,6.351322310492523e-5,-0.0802382710561731,29.634443710070123,6.6707016183324646,899.8108092076078,-3.392283198705011
0.00405,0.12425,30.0,0.02396563342249893,5.680024273815047e-5,0.44674077063010187,32.64123670136738,5.72154258191431,1089.3555606078853,17.838320048012342
0.00405,0.12775,21.0,0.025843953464542886,5.217495389846391e-5,-0.11872585747852851,32.6703294582494,6.151094377310558,1085.684626541148,-3.9567736044049786
0.00405,0.13125,26.0,0.027515750596743882,6.748669951737016e-5,-0.3190896682392202,33.30056023804386,4.724068597046008,1141.0940531234473,-8.635486822202115
0.00405,0.13475,11.0,0.022559102782838087,0.00013054295144054396,0.2904464465300801,32.04712760699822,5.78519106165276,1073.90165137346,13.638079332730346
0.00405,0.13824999999999998,5.0,0.023889347774716404,1.3008147553723171e-5,0.5049578393212089,32.91158686935619,1.3253533086685931,1089.700206099501,16.596891627668803
0.00405,0.14175,4.0,0.03368163214446918,8.742833935630403e-5,-0.39283971224680314,36.10140846368017,2.343842589218474,1348.373242329204,-23.3772065773933
0.00405,0.14525,6.0,0.02584316278711859,3.2801036561959386e-5,0.32929626059066863,31.032379256007417,2.942338376448957,996.3786841035727,12.677111990227466
0.00405,0.14875,2.0,0.026575453113871828,1.685828631522184e-6,0.28855710256729505,36.336330585732156,4.138641688439677,1330.370793278393,4.103603704793372
0.00405,0.15225,4.0,0.031063624855067962,3.4136627241819865e-5,2.1827906344287378,35.48888243280556,5.11264850305462,1268.4697335122978,79.14341731140573
0.00405,0.15575,6.0,0.02797878086255156,4.459218523973083e-5,1.9982441748605875,29.788204208683574,10.215937773223539,899.0064259193414,54.84837470215065
0.00405,0.15925,1.0,0.027192414685614685,0.0,1.0171737427342258,31.797172358416688,1.034642422907953,1011.0601699908583,32.34324881617597
0.00405,0.16275,2.0,0.022493056097621957,2.192908125338415e-5,0.1943069542643172,34.15201932573605,1.1221019142609636,1166.6252570983672,7.17185812284324
0.00405,0.16625,1.0,0.030716203464102823,0.0,0.9806071394486869,34.42391990586462,0.9615903619377365,1185.0062616853825,33.75634162750062
0.00405,0.16974999999999998,2.0,0.021327427902036487,1.6170273642648171e-6,1.2540802888092029,34.84305078963753,12.179084898400497,1214.2506476217598,42.19484318350547
0.00405,0.17325,2.0,0.03449869132634037,3.5108896018126947e-5,-0.02180216939411883,33.64653759772497,0.49604028341085826,1165.6340130979172,3.3436237666932485
0.00405,0.17675,1.0,0.02326746717080806,0.0,3.414189079286899,44.14765526600372,11.656687069121924,1949.0154654859057,150.72844248531266
0.00405,0.18025,2.0,0.02046551668003111,6.267899387612683e-7,2.9644804786171783,34.56208809562925,9.838711464372231,1194.874890860248,101.86365963099371
0.00405,0.18375,1.0,0.02213712169830652,0.0,0.18788407939227916,35.26909629719968,0.03530042728908426,1243.9091536211442,6.626501688797004
0.00405,0.18725,1.0,0.028057921703946765,0.0,-3.2613768898228694,36.44988184511901,10.636579217470693,1328.5938865231362,-118.87680228644531
0.00405,0.19075,2.0,0.030375133369020906,2.8980632735797395e-5,-1.0042698323830122,33.897222649082316,1.02458999407819,1149.0895115860544,-34.00898677606266
0.00405,0.19425,2.0,0.028429815296229857,3.236091947285767e-5,-0.10052331553216143,38.362082386838246,2.51472893919648,1480.3130641880805,-8.514535401225544
0.00405,0.19774999999999998,4.0,0.03898903253768854,8.345302079122187e-5,1.5250951370722845,34.362495094656424,4.458607986900159,1192.1793460681447,51.34095024530975
0.00405,0.20124999999999998,0.0,0.0,0.0,0.0,0.0,0.0,0.0,0.0
0.00405,0.20475,0.0,0.0,0.0,0.0,0.0,0.0,0.0,0.0
0.00405,0.20825,1.0,0.025933295129025626,0.0,-1.2528087122807983,33.728053505520734,1.569529669566672,1137.5815932712694,-42.25479927998929
0.00405,0.21175,0.0,0.0,0.0,0.0,0.0,0.0,0.0,0.0
0.00405,0.21525,1.0,0.04765950446992143,0.0,0.17809630118566577,39.85245832114067,0.03171829249601538,1588.2184342382545,7.0975754201510615
0.00405,0.21875,2.0,0.026194034347445584,2.2630155710087106e-5,-0.8442412238404956,42.33408078895242,0.7205698491662236,1841.953996824459,-36.36435986432498
0.00405,0.22225,0.0,0.0,0.0,0.0,0.0,0.0,0.0,0.0
0.00405,0.22575,0.0,0.0,0.0,0.0,0.0,0.0,0.0,0.0
0.00405,0.22924999999999998,0.0,0.0,0.0,0.0,0.0,0.0,0.0,0.0
0.00405,0.23274999999999998,1.0,0.026808671725067547,0.0,0.07961629637341912,46.368991206349655,0.00633875464822011,2150.083345494532,3.691727346421199
0.00405,0.23625,1.0,0.04550466326459846,0.0,1.610469364157814,24.236573930548285,2.593611572890874,587.4115158909327,39.03225980729395
0.00405,0.23975,0.0,0.0,0.0,0.0,0.0,0.0,0.0,0.0
0.00405,0.24325,0.0,0.0,0.0,0.0,0.0,0.0,0.0,0.0
0.00405,0.24675,1.0,0.023670662853936146,0.0,-2.422789703802491,30.41604606078244,5.869909948851361,925.1358579716389,-73.691683226446
0.00405,0.25025,0.0,0.0,0.0,0.0,0.0,0.0,0.0,0.0
0.00405,0.25375,0.0,0.0,0.0,0.0,0.0,0.0,0.0,0.0
0.00405,0.25725,1.0,0.03184978892099579,0.0,2.7108813720927416,29.85864296591418,7.348877813559425,891.5385597659363,80.94323901226471
0.00405,0.26075,0.0,0.0,0.0,0.0,0.0,0.0,0.0,0.0
0.00405,0.26425,0.0,0.0,0.0,0.0,0.0,0.0,0.0,0.0
0.00405,0.26775,1.0,0.05879129039106868,0.0,-2.7628814788526137,29.06742009204055,7.633514066186805,844.9149108071626,-80.30983661032717
0.00405,0.27125,1.0,0.023348824565245042,0.0,-0.5663716440990085,33.01738947940757,0.32077683923941397,1090.1480080348936,-18.70011316330937
0.00405,0.27475,1.0,0.027040008848033877,0.0,-1.9754276318008046,24.033420709409224,3.9023143284821353,577.6053109954602,-47.47628335606068
0.00405,0.27825,0.0,0.0,0.0,0.0,0.0,0.0,0.0,0.0
0.00405,0.28175,1.0,0.028618811685312048,0.0,-2.546510497469422,36.692447106752006,6.484715713721964,1346.3356746817938,-93.43770173518551
0.00405,0.28525,0.0,0.0,0.0,0.0,0.0,0.0,0.0,0.0
0.00405,0.28875,0.0,0.0,0.0,0.0,0.0,0.0,0.0,0.0
0.00405,0.29225,0.0,0.0,0.0,0.0,0.0,0.0,0.0,0.0
0.00405,0.29575,0.0,0.0,0.0,0.0,0.0,0.0,0.0,0.0
0.00405,0.29925,0.0,0.0,0.0,0.0,0.0,0.0,0.0,0.0
0.00405,0.30275,0.0,0.0,0.0,0.0,0.0,0.0,0.0,0.0
0.00405,0.30624999999999997,0.0,0.0,0.0,0.0,0.0,0.0,0.0,0.0
0.00405,0.30974999999999997,0.0,0.0,0.0,0.0,0.0,0.0,0.0,0.0
0.00405,0.31325,0.0,0.0,0.0,0.0,0.0,0.0,0.0,0.0
0.00405,0.31675,2.0,0.03263035666635231,4.0488614677736407e-5,0.3345001540580784,33.881163591941835,0.38399790824451685,1156.0444334640638,12.818890768428437
0.00405,0.32025,0.0,0.0,0.0,0.0,0.0,0.0,0.0,0.0
0.00405,0.32375,0.0,0.0,0.0,0.0,0.0,0.0,0.0,0.0
0.00405,0.32725,1.0,0.04209630805099797,0.0,-0.9639855376950799,40.88052920823168,0.9292681168852723,1671.2176683450834,-39.40823893005663
0.00405,0.33075,0.0,0.0,0.0,0.0,0.0,0.0,0.0,0.0
0.00405,0.33425,0.0,0.0,0.0,0.0,0.0,0.0,0.0,0.0
0.00405,0.33775,0.0,0.0,0.0,0.0,0.0,0.0,0.0,0.0
0.00405,0.34125,0.0,0.0,0.0,0.0,0.0,0.0,0.0,0.0
0.00405,0.34475,0.0,0.0,0.0,0.0,0.0,0.0,0.0,0.0
0.00405,0.34825,2.0,0.03302511447375766,8.765913697512571e-6,-0.9934820975931598,39.65657000483166,3.142788735209941,1572.6531932886674,-39.253868283865
0.00435,0.00175,0.0,0.0,0.0,0.0,0.0,0.0,0.0,0.0
0.00435,0.0052499999999999995,0.0,0.0,0.0,0.0,0.0,0.0,0.0,0.0
0.00435,0.008749999999999999,0.0,0.0,0.0,0.0,0.0,0.0,0.0,0.0
0.00435,0.01225,31206.0,0.008512973109585938,3.0476317701299653e-5,-0.2942639292171085,-6.785767165467984,168.10225578198785,255.4813380204904,1.389385680142416
0.00435,0.01575,236506.0,0.008310163758035252,3.464407896859012e-5,0.08283518720310912,-2.457483739539535,173.9024572196089,241.7000392489516,-0.7135471327081141
0.00435,0.01925,583150.0,0.007650989186025407,3.391302030940632e-5,0.04488478997836809,-1.1204213421358393,169.45778066683312,243.33473911623892,-0.10296019423731903
0.00435,0.02275,1.346685e6,0.0065392105054019704,3.148740752102256e-5,-0.015061821995421047,-0.6383935416749084,170.76203349153528,246.14714586666523,0.15590901414519426
0.00435,0.02625,3.043544e6,0.005300069553830582,2.755671691090456e-5,0.025224462252679897,-0.7247996858204241,169.19301014260841,247.0400511154142,-0.0980504880833753
0.00435,0.02975,6.498208e6,0.004025614390926076,2.2762598542974993e-5,0.007533812236568561,-0.8760535079425534,168.2608283863886,244.43927070307552,-0.08612778864885204
0.00435,0.03325,1.1314752e7,0.0031848593018178307,1.9094498768743484e-5,0.004203206321098536,0.053036656122698075,166.22161359854394,239.88518031140734,0.14481990962509397
0.00435,0.03675,1.2157463e7,0.0034236738483672956,2.1198094499421244e-5,-0.008363031898909228,1.701315295384266,167.1509887129733,243.13829416498598,0.036088211504134826
0.00435,0.04025,9.394328e6,0.004631746321985374,2.7547365330353933e-5,-0.012830354024221865,2.4505132213556693,167.89403226040292,249.5681324987566,-0.04815622557136357
0.00435,0.04375,7.038088e6,0.006194658509640444,3.459501533720822e-5,0.00834720788253985,2.200102734758831,168.9756170471174,250.82623024936692,0.4488889821911098
0.00435,0.04725,5.209705e6,0.007676849481364727,3.929692571096193e-5,0.008658090894118417,2.0471927253018074,169.98190794728464,248.55005616063278,-0.19149493844809345
0.00435,0.050749999999999997,3.724623e6,0.009035494410461857,4.327651640807768e-5,-0.0003917829572957727,2.328495134292547,170.61454143777314,249.1585578092355,0.0011438442021143023
0.00435,0.05425,2.830772e6,0.010133915346463645,4.511053283362906e-5,-0.0009587411754448602,3.1992550348660203,171.09182666741063,250.5649651303318,-0.00430749660680895
0.00435,0.057749999999999996,2.13289e6,0.010957704170151218,4.6155731337760074e-5,-0.062071276935455715,4.410932037924461,173.53143776873398,259.52590050324704,0.4253000938887025
0.00435,0.06125,1.263773e6,0.011454569362780507,4.5820056947182245e-5,-0.050444345197780696,6.522745315317648,179.0690231992723,282.6988306660078,-1.6856555169790974
0.00435,0.06475,88880.0,0.01179313295592362,4.900888586244853e-5,-0.12344451271041804,10.638671915716952,172.03108700149693,315.3525841031352,-5.334298061539969
0.00435,0.06824999999999999,66229.0,0.01204291667636523,4.787613497971627e-5,0.007946148275377532,17.161029225955204,100.8174294708795,548.62557282831,-1.7594936444147578
0.00435,0.07175,155987.0,0.012261890139882025,4.6886709431268334e-5,-0.04134825752998523,11.811673032847448,89.15951029532178,366.2212063640551,-0.6162865020532194
0.00435,0.07525,295713.0,0.0128443645125884,4.9181379245122735e-5,-0.05081465955641357,5.908318449049538,77.8210896649213,188.1464342467042,-0.3560783568486531
0.00435,0.07875,436822.0,0.013694283824669938,5.129719196896347e-5,0.007430138387012984,3.4242072447421736,67.33119079447009,119.34973497961866,-0.2768884462392139
0.00435,0.08225,449545.0,0.014865038148768824,5.398057515212078e-5,-0.021846467820551135,2.695272323105766,60.06957376408442,96.09349784472899,-0.4202887377233784
0.00435,0.08574999999999999,447328.0,0.016614633057497333,6.081462575973966e-5,0.04991811713369849,1.9677926324140904,53.417796703739974,82.3625059346606,-0.24893962618846793
0.00435,0.08925,398092.0,0.018371711770155237,6.447013815911515e-5,0.029332572567166752,1.7205103383301512,49.876765659221846,73.82340383767449,0.16509717641186678
0.00435,0.09275,343052.0,0.019953531718916104,6.478963280794623e-5,-0.037139247832726104,1.7321215789358861,46.69321679745333,70.14207907806039,0.020182788397485267
0.00435,0.09625,281004.0,0.02174325229146586,7.391620803947622e-5,0.018972836362413068,1.9052383143173204,45.07967622827226,69.21411720407899,0.555764205044411
0.00435,0.09974999999999999,210089.0,0.02308488441428846,7.279892495759269e-5,-0.009321906511657489,2.1749864424872207,44.56330206212695,68.34646210903114,-0.38604943773288597
0.00435,0.10325,141215.0,0.02407772032203224,6.846670266116527e-5,-0.06924541394911275,3.0890673494124,45.0514263523426,70.51267816631639,0.023865563738485373
0.00435,0.10675,30458.0,0.0251101098401565,7.908870899703652e-5,0.18567481528240684,5.115194081533345,44.5029804816585,83.20784844268609,1.0099522586167229
0.00435,0.11025,431.0,0.024965643265979165,7.648066608386661e-5,0.05203733112774775,20.623968716880633,26.372995550199555,461.29717460877316,0.298121311155815
0.00435,0.11374999999999999,238.0,0.02587248860628063,8.117347946599543e-5,-0.48832469043044086,25.449967580023056,16.219516780413368,677.382502581012,-12.518782302116758
0.00435,0.11725,111.0,0.026133298943000805,8.664351822242003e-5,0.10957933473736607,27.87552335947878,11.043759691170171,800.8256109774056,2.84501826757309
0.00435,0.12075,63.0,0.025696928314719494,8.89766796323055e-5,0.38810361051951175,32.06575083209272,8.202591353432524,1056.1201708549793,7.829543278627105
0.00435,0.12425,38.0,0.025663581526775156,4.6249347512209686e-5,-0.21985598268606277,30.233080573812916,4.729180374763695,938.619769723866,-8.127621960272126
0.00435,0.12775,24.0,0.026583819031134093,9.06072576319621e-5,0.7650574890901877,33.64451805965417,6.0467546310050695,1160.7499333533362,25.513323189044936
0.00435,0.13125,16.0,0.030180222789643087,0.00013126973566718645,-0.3885530102020646,34.60768853316117,3.303348452238968,1216.96637657841,-12.315445471091703
0.00435,0.13475,11.0,0.02491571994298211,4.3034737986039746e-5,0.745587139639755,35.36941995578899,3.2303109410305644,1292.7216583910606,27.64552427615609
0.00435,0.13824999999999998,10.0,0.027869218193593934,7.972429633986076e-5,-0.39705267668572364,31.351780703910975,3.271871059654857,1003.5214630977944,-13.473138223767709
0.00435,0.14175,9.0,0.026175897292040156,5.805267041483523e-5,0.16561117229443117,30.28214048219279,1.9690058692219878,948.803956687362,-0.3514472464713183
0.00435,0.14525,2.0,0.03231853166189235,1.0258424835153687e-5,-1.0600580030242142,28.187003078055728,9.138090567909774,799.7003230603848,-23.428497265217317
0.00435,0.14875,9.0,0.026049406105071022,7.391861821327274e-5,0.054186007440368056,31.58989655336008,2.597497394095363,1018.209520922441,0.2820461018125293
0.00435,0.15225,0.0,0.0,0.0,0.0,0.0,0.0,0.0,0.0
0.00435,0.15575,6.0,0.023955375325132228,1.0898586418185402e-5,-0.7940570784320897,34.058292246644946,6.127677216754149,1190.2629097582776,-27.2600576609657
0.00435,0.15925,2.0,0.023302106075619097,4.863818985717875e-5,-2.7077097528396585,28.494245654145075,15.943317371558429,819.6325793709493,-69.00550799666262
0.00435,0.16275,5.0,0.02767464904451297,6.06119294120531e-5,0.16106912650652275,34.27856079834013,4.402623553591662,1184.2249542362774,8.624962330751112
0.00435,0.16625,3.0,0.02335949280163197,0.00010235966844102303,-0.1089322039393396,35.442402857801945,0.045100755534875456,1271.0948602209178,-3.838722832686427
0.00435,0.16974999999999998,4.0,0.024613882207954914,8.798803691881847e-6,-1.3051059682716826,30.66382209992591,2.4672248354891892,955.2854731208243,-39.14365885255004
0.00435,0.17325,1.0,0.03624604685261745,0.0,1.340005366333637,27.829311980840686,1.7956143818029449,774.470605326963,37.2914273956995
0.00435,0.17675,5.0,0.028672747235592485,5.5985902586918956e-5,-0.5393778360594097,31.50455565658106,3.8112840835143165,997.629411985127,-14.198630419663308
0.00435,0.18025,1.0,0.029566806906872,0.0,-0.9462633411942932,32.30152988166783,0.8954143108881873,1043.38883269628,-30.565753591514305
0.00435,0.18375,0.0,0.0,0.0,0.0,0.0,0.0,0.0,0.0
0.00435,0.18725,1.0,0.029658590283986506,0.0,2.031533070798537,31.966501000579395,4.127126617748133,1021.8571862200434,64.94100394039155
0.00435,0.19075,2.0,0.021576709205871958,1.783420542076753e-5,2.5226065204734356,33.32014411761222,7.103439637263839,1124.6300268885534,80.7897134218517
0.00435,0.19425,0.0,0.0,0.0,0.0,0.0,0.0,0.0,0.0
0.00435,0.19774999999999998,1.0,0.032826551017853874,0.0,-0.40314420181292365,37.59609224212645,0.1625252474553793,1413.4661518784808,-15.15664659823712
0.00435,0.20124999999999998,0.0,0.0,0.0,0.0,0.0,0.0,0.0,0.0
0.00435,0.20475,2.0,0.030851040105925216,1.4306861416566088e-7,-0.09975529690561291,38.204215094879615,0.06291902416780737,1467.6937360494258,-3.1547814823992955
0.00435,0.20825,0.0,0.0,0.0,0.0,0.0,0.0,0.0,0.0
0.00435,0.21175,0.0,0.0,0.0,0.0,0.0,0.0,0.0,0.0
0.00435,0.21525,1.0,0.02814687608763951,0.0,-2.5162079977099507,25.90907136362628,6.3313026877395195,671.2799789254792,-65.1926125783943
0.00435,0.21875,2.0,0.020662038912375072,6.736416088675083e-6,-1.3841825194533715,28.855644494587533,2.0301586559813463,833.0397697066687,-39.73002171905082
0.00435,0.22225,0.0,0.0,0.0,0.0,0.0,0.0,0.0,0.0
0.00435,0.22575,0.0,0.0,0.0,0.0,0.0,0.0,0.0,0.0
0.00435,0.22924999999999998,0.0,0.0,0.0,0.0,0.0,0.0,0.0,0.0
0.00435,0.23274999999999998,2.0,0.03227228958118829,5.354707949517212e-5,1.8841283522565533,27.261504231370363,4.047258302901411,745.9742462638962,52.54096958520623
0.00435,0.23625,0.0,0.0,0.0,0.0,0.0,0.0,0.0,0.0
0.00435,0.23975,2.0,0.035083831107238256,3.3296669890170436e-5,-3.096855110617854,31.559861421595784,13.234296546940731,997.77238461499,-100.25973439275444
0.00435,0.24325,0.0,0.0,0.0,0.0,0.0,0.0,0.0,0.0
0.00435,0.24675,0.0,0.0,0.0,0.0,0.0,0.0,0.0,0.0
0.00435,0.25025,1.0,0.032756725348186584,0.0,0.04379250605445663,43.390187222646574,0.0019177835865296204,1882.708347216322,1.9001650366517568
0.00435,0.25375,0.0,0.0,0.0,0.0,0.0,0.0,0.0,0.0
0.00435,0.25725,0.0,0.0,0.0,0.0,0.0,0.0,0.0,0.0
0.00435,0.26075,1.0,0.032782387341746065,0.0,2.7112751100642285,38.942221828092386,7.3510127224537944,1516.4966409083552,105.58307677310678
0.00435,0.26425,0.0,0.0,0.0,0.0,0.0,0.0,0.0,0.0
0.00435,0.26775,2.0,0.021148297630214793,2.8190591550619967e-7,-1.321482516593076,35.46098956034767,2.763885189625017,1276.058323971799,-42.51332917993551
0.00435,0.27125,0.0,0.0,0.0,0.0,0.0,0.0,0.0,0.0
0.00435,0.27475,0.0,0.0,0.0,0.0,0.0,0.0,0.0,0.0
0.00435,0.27825,0.0,0.0,0.0,0.0,0.0,0.0,0.0,0.0
0.00435,0.28175,1.0,0.02219166693451929,0.0,2.592883265048089,35.64468667620624,6.7230436261664375,1270.5436882449148,92.42251157061774
0.00435,0.28525,0.0,0.0,0.0,0.0,0.0,0.0,0.0,0.0
0.00435,0.28875,0.0,0.0,0.0,0.0,0.0,0.0,0.0,0.0
0.00435,0.29225,0.0,0.0,0.0,0.0,0.0,0.0,0.0,0.0
0.00435,0.29575,0.0,0.0,0.0,0.0,0.0,0.0,0.0,0.0
0.00435,0.29925,0.0,0.0,0.0,0.0,0.0,0.0,0.0,0.0
0.00435,0.30275,1.0,0.025740344075446012,0.0,0.2656365577201261,40.56287930362367,0.07056278079739789,1645.3471774003413,10.774983629431537
0.00435,0.30624999999999997,0.0,0.0,0.0,0.0,0.0,0.0,0.0,0.0
0.00435,0.30974999999999997,1.0,0.02947604666055652,0.0,-0.3740950775147386,34.06879253396101,0.13994712702075826,1160.6826247220774,-12.74496758382569
0.00435,0.31325,0.0,0.0,0.0,0.0,0.0,0.0,0.0,0.0
0.00435,0.31675,0.0,0.0,0.0,0.0,0.0,0.0,0.0,0.0
0.00435,0.32025,1.0,0.03147156628270848,0.0,-0.06694640768596562,38.27025647999099,0.0044818215020555165,1464.6125310442924,-2.562056192555944
0.00435,0.32375,1.0,0.03600127038733353,0.0,1.5887506950977073,44.190024710690864,2.524128771173448,1952.7582839314691,70.20693247549497
0.00435,0.32725,0.0,0.0,0.0,0.0,0.0,0.0,0.0,0.0
0.00435,0.33075,0.0,0.0,0.0,0.0,0.0,0.0,0.0,0.0
0.00435,0.33425,0.0,0.0,0.0,0.0,0.0,0.0,0.0,0.0
0.00435,0.33775,0.0,0.0,0.0,0.0,0.0,0.0,0.0,0.0
0.00435,0.34125,1.0,0.032226610091079744,0.0,-0.3931881330981656,29.74887659684088,0.15459690800922077,884.995658774067,-11.696905250879576
0.00435,0.34475,0.0,0.0,0.0,0.0,0.0,0.0,0.0,0.0
0.00435,0.34825,3.0,0.030345824736816185,1.4386177846473187e-5,-4.120152078162467,28.2153935347726,19.910647743274886,797.0438620687094,-117.0357336882904
0.00465,0.00175,0.0,0.0,0.0,0.0,0.0,0.0,0.0,0.0
0.00465,0.0052499999999999995,0.0,0.0,0.0,0.0,0.0,0.0,0.0,0.0
0.00465,0.008749999999999999,0.0,0.0,0.0,0.0,0.0,0.0,0.0,0.0
0.00465,0.01225,32072.0,0.008531154926407427,3.248119181341628e-5,-0.023312761699775232,-6.906920590212723,166.10925987129758,260.31166716885497,-1.6293745286076216
0.00465,0.01575,244303.0,0.008299444728756754,3.394868197555464e-5,0.08109077247034954,-2.6782772095355782,173.08696785844643,244.59105513280295,-0.9141829490244539
0.00465,0.01925,605963.0,0.007684720871807794,3.4395022276660156e-5,0.03691248813321086,-0.9792371918658935,169.5976613985203,242.89224350180376,0.7267922411599724
0.00465,0.02275,1.398918e6,0.006562116010750267,3.112410409311438e-5,-0.030479809859113232,-0.6808708791494035,171.44512709006696,244.68993143820484,-0.06632580660504339
0.00465,0.02625,3.132548e6,0.0053668960724875675,2.7373130747071722e-5,0.02449838119744982,-0.7081186125293394,169.68353279169347,247.1227552045167,-0.19109451612325892
0.00465,0.02975,6.530526e6,0.004160710799651331,2.3343429125866707e-5,0.014566770520263254,-0.7763493491446515,168.4864621399577,245.84179711415572,-0.034053737444905356
0.00465,0.03325,1.1122833e7,0.00336218405462682,2.0005904686016807e-5,0.006639125356832538,0.09617908792861071,166.73032182111254,239.97680293608832,0.07483999482145588
0.00465,0.03675,1.2164024e7,0.0036013334749829284,2.1991323543863098e-5,0.00845265861932939,1.626326896324935,167.33109946084858,243.36689994854507,0.31004654039796575
0.00465,0.04025,9.693098e6,0.004762396720606849,2.8123678308962812e-5,-0.015926355589853225,2.3884963632148697,168.29948462111864,249.5645718439577,-0.43751128456953037
0.00465,0.04375,7.385084e6,0.006272156419610053,3.470349129207333e-5,-0.0020537843397319478,2.145330866849165,169.80982033410632,251.01594216574665,0.1247166862901658
0.00465,0.04725,5.485198e6,0.00772825198043181,3.966534478363147e-5,-0.023488764887131558,2.0690648267297775,170.08372840320203,249.55713520934438,-0.06849524595173505
0.00465,0.050749999999999997,3.926371e6,0.009086299712711268,4.330466986044035e-5,-0.0012238525163484034,2.2352442582548533,171.15504843900675,248.42386442316104,-0.4362128527962863
0.00465,0.05425,2.971215e6,0.010171668796662767,4.525787492902433e-5,0.040200581670839494,3.1583716200897465,170.67699830482118,250.97545598180915,0.6338284340023106
0.00465,0.057749999999999996,2.216426e6,0.010994886944171998,4.6481410101726535e-5,-0.03140202768534321,4.260491099341238,173.07089184080365,259.0573415960724,0.3876489205898061
0.00465,0.06125,1.265507e6,0.011483423140874163,4.6776749136867476e-5,-0.025971619740674197,6.039511303548177,177.65632054168938,275.83016443335333,-1.133931256234793
0.00465,0.06475,82600.0,0.01180706376726419,4.8191989547988804e-5,0.08144674824461384,10.031099693391148,173.83849115155087,299.7057423002693,0.6145855369725356
0.00465,0.06824999999999999,60423.0,0.012126936038546532,4.767060337911492e-5,-0.1475860800813422,13.913110822700304,101.78783696030177,444.59251913636126,0.3496552027497199
0.00465,0.07175,159708.0,0.012381904491882853,4.743955016414829e-5,0.019179058374614064,10.267676868199585,87.73443418632237,317.6915291685675,0.23582752447211505
0.00465,0.07525,313498.0,0.012936595594499932,4.929309211175971e-5,0.001812586164025262,5.373489449154348,77.02688946390228,175.82449138923386,0.24935991754541298
0.00465,0.07875,457023.0,0.01367109774277595,4.9629251551720164e-5,0.03991358527831748,3.0891507026556067,67.09784571298864,115.87495728704174,0.0894233119190135
0.00465,0.08225,471938.0,0.01496119325805379,5.485407561463656e-5,-0.0635460792407839,2.5765659142392012,58.94766980410606,94.81980425443365,-0.5908023901252207
0.00465,0.08574999999999999,466213.0,0.01673247302848875,6.084130940959537e-5,0.00961505721988443,2.0552392198229237,53.37553967707805,81.85934959186115,-0.1557511896861703
0.00465,0.08925,423801.0,0.018502302987411467,6.627451115392017e-5,0.018705115486862142,1.7644326842848324,48.881400361629325,73.75464134340547,-0.06618382634755106
0.00465,0.09275,358684.0,0.019968501076162513,6.532278671751543e-5,-0.010465313947300946,1.6985057021961611,46.54597027649238,70.16622464197,0.22791933898300662
0.00465,0.09625,283915.0,0.02180157127130813,7.23912493553809e-5,0.04484443062287986,1.9078624197447973,45.331441545656716,68.83994703407313,-0.14282835142322525
0.00465,0.09974999999999999,215851.0,0.023290093277010676,7.311895590982955e-5,-0.006501571688750525,2.0469471674514965,44.928867941300055,68.40725804594688,-0.37262349935228617
0.00465,0.10325,140547.0,0.024292595929439394,7.447660801836569e-5,0.002218050974069611,2.8970515163883577,44.442015654185894,69.4098217992527,0.24293994439880484
0.00465,0.10675,22739.0,0.024910979274554382,7.568864109857303e-5,0.04037750880098428,4.35844508023268,45.42158423918717,76.95186274094166,-1.0869242233230962
0.00465,0.11025,310.0,0.024631949284220578,8.653231235232759e-5,0.9146648296131626,20.316394538760992,22.303825889681832,450.45931499856874,17.327878086205054
0.00465,0.11374999999999999,193.0,0.02433918172577864,6.601704729979996e-5,-0.1779368340572413,25.2010286500139,16.066493371541696,661.5217902174696,-0.4696174652160304
0.00465,0.11725,105.0,0.025098228525132424,7.76017822205796e-5,0.9143378638745292,27.452657029398534,12.74837626493783,769.8085660145193,22.86194914188604
0.00465,0.12075,52.0,0.02593583147936517,8.950533286561962e-5,-0.6321887673782182,29.78464170643019,8.653596919115575,914.9150653207432,-23.07621863733678
0.00465,0.12425,30.0,0.02426488023413866,4.7963530782985e-5,0.26456693595662567,31.812001033994125,7.207367449409338,1034.7562367576274,5.08781402870121
0.00465,0.12775,23.0,0.026705735628836904,0.00011067980836964397,-1.1632599430011736,30.617616809224387,6.904994779803665,963.7233746897679,-36.198670014841014
0.00465,0.13125,19.0,0.033860513170492906,0.0001359662707408736,-1.0861811085802555,32.7463185608776,6.60813744633259,1086.3205793995414,-31.730284916164994
0.00465,0.13475,14.0,0.02654512195049439,5.726906980900251e-5,-0.8452584795241556,33.299338232052094,5.041348767937759,1140.8302116461214,-20.370624743001777
0.00465,0.13824999999999998,7.0,0.024141977423838827,1.4884106847296676e-5,-0.9620167229678191,31.3352018975467,4.520874414651184,1003.957653317452,-23.956826471577365
0.00465,0.14175,6.0,0.02552338732114974,2.5529897053028653e-5,-0.9096576319839506,33.58395127003269,7.128092206740943,1143.420179331832,-33.93055345285532
0.00465,0.14525,6.0,0.022559625927133373,3.941567968198452e-5,-0.7822205591153357,29.947372989026743,5.354887341827565,914.907951998179,-29.182707045150252
0.00465,0.14875,4.0,0.0258214812456248,5.8683572429290404e-5,-0.8644885121358741,33.00025418826105,3.9896135247760216,1100.3023372093467,-32.287938660630765
0.00465,0.15225,9.0,0.030471982829057134,0.00012459366197257245,0.7706619674623396,33.361926822218685,3.797957260475215,1135.3922364101677,29.787546490965106
0.00465,0.15575,3.0,0.02429881473995268,3.0507833049674735e-6,0.5768172594966855,31.39962464572004,1.8879184761624035,1025.982177927617,20.880618204887917
0.00465,0.15925,3.0,0.032118044993667424,0.0002449656321100271,-0.6425677784074897,35.51048848115955,1.6572246398068526,1267.4802292730549,-24.391489627376068
0.00465,0.16275,3.0,0.027322662424061388,6.001377418942399e-5,-0.8187124473497716,37.79220753688167,3.6972963003986568,1454.6500197661549,-31.079503412213285
0.00465,0.16625,0.0,0.0,0.0,0.0,0.0,0.0,0.0,0.0
0.00465,0.16974999999999998,3.0,0.023953908939436996,8.035978556237728e-6,-1.27785629382581,31.350196519010467,2.878299747603328,989.4483106852637,-40.74258632320366
0.00465,0.17325,0.0,0.0,0.0,0.0,0.0,0.0,0.0,0.0
0.00465,0.17675,0.0,0.0,0.0,0.0,0.0,0.0,0.0,0.0
0.00465,0.18025,3.0,0.026914463986043396,0.00011347615234074064,-0.6924895845641259,29.397371498802713,1.600110539569638,880.126343447752,-23.768443698082827
0.00465,0.18375,1.0,0.019451379622910617,0.0,-1.7863067179842689,25.074693978803797,3.19089169071573,628.7402781306594,-44.79109430573692
0.00465,0.18725,2.0,0.03709482046487879,1.1511355271279493e-5,1.0829183065471222,26.96185338795354,4.01324402283515,778.3892001338561,17.108699377535473
0.00465,0.19075,2.0,0.024269341241813593,1.509217040833762e-5,0.442252452886827,31.98679140903426,2.5098069411856065,1031.9627545664987,9.631429653489924
0.00465,0.19425,0.0,0.0,0.0,0.0,0.0,0.0,0.0,0.0
0.00465,0.19774999999999998,0.0,0.0,0.0,0.0,0.0,0.0,0.0,0.0
0.00465,0.20124999999999998,2.0,0.022563623120073945,2.416163170940341e-6,-0.4836515742067191,35.60868897070362,0.23427717924573824,1268.2015033126386,-17.23113308182033
0.00465,0.20475,0.0,0.0,0.0,0.0,0.0,0.0,0.0,0.0
0.00465,0.20825,0.0,0.0,0.0,0.0,0.0,0.0,0.0,0.0
0.00465,0.21175,0.0,0.0,0.0,0.0,0.0,0.0,0.0,0.0
0.00465,0.21525,0.0,0.0,0.0,0.0,0.0,0.0,0.0,0.0
0.00465,0.21875,3.0,0.029691670376245094,9.96219709645907e-5,0.85561995862999,36.12966975048223,0.8597326860806166,1328.1244802416127,32.56432077179117
0.00465,0.22225,2.0,0.024166884452353432,5.072019362337114e-6,-1.7529130594674567,36.27590918094673,5.039979690977177,1334.7999556527086,-69.67945959909189
0.00465,0.22575,1.0,0.047906582415820693,0.0,-0.2747161867333223,37.322867568897614,0.07546898325329762,1392.9964435654692,-10.253195856480337
0.00465,0.22924999999999998,0.0,0.0,0.0,0.0,0.0,0.0,0.0,0.0
0.00465,0.23274999999999998,2.0,0.03346222121999426,6.6787206829715955e-6,0.04201240503954248,34.31214876836691,0.05704124025977128,1191.4744431534345,2.325960790566004
0.00465,0.23625,1.0,0.028920132919349605,0.0,2.447857859340057,42.00866081794039,5.992008099532885,1764.72758371676,102.83123054354608
0.00465,0.23975,0.0,0.0,0.0,0.0,0.0,0.0,0.0,0.0
0.00465,0.24325,2.0,0.03150613402346877,2.132956906138981e-6,0.6773285470452959,41.8630104574858,2.1250877751342694,1777.7347637922576,34.83803850304252
0.00465,0.24675,1.0,0.017550881410972087,0.0,-0.956277689356393,35.44626871670682,0.9144670191608021,1256.4379659369883,-33.8964759447182
0.00465,0.25025,0.0,0.0,0.0,0.0,0.0,0.0,0.0,0.0
0.00465,0.25375,0.0,0.0,0.0,0.0,0.0,0.0,0.0,0.0
0.00465,0.25725,0.0,0.0,0.0,0.0,0.0,0.0,0.0,0.0
0.00465,0.26075,1.0,0.03357302186354539,0.0,0.4991178290630699,24.714216323132376,0.24911860728863186,610.7924884665828,12.335305998196917
0.00465,0.26425,1.0,0.025141038172077728,0.0,0.2532340351388938,31.450413883924984,0.0641274765527265,989.1285334701814,7.964315214614613
0.00465,0.26775,1.0,0.017625517332344888,0.0,-0.030228372950520922,36.04256968857095,0.000913754531235785,1299.0668297554935,-1.0895082386412633
0.00465,0.27125,0.0,0.0,0.0,0.0,0.0,0.0,0.0,0.0
0.00465,0.27475,1.0,0.031882461277031565,0.0,-2.089780629309443,42.17661504648632,4.367183078636971,1778.8668567794962,-88.1398731339883
0.00465,0.27825,0.0,0.0,0.0,0.0,0.0,0.0,0.0,0.0
0.00465,0.28175,0.0,0.0,0.0,0.0,0.0,0.0,0.0,0.0
0.00465,0.28525,0.0,0.0,0.0,0.0,0.0,0.0,0.0,0.0
0.00465,0.28875,0.0,0.0,0.0,0.0,0.0,0.0,0.0,0.0
0.00465,0.29225,0.0,0.0,0.0,0.0,0.0,0.0,0.0,0.0
0.00465,0.29575,1.0,0.023621949612035918,0.0,-0.15851902869159654,37.319091322055996,0.025128282457327206,1392.7145771039552,-5.915786108025306
0.00465,0.29925,0.0,0.0,0.0,0.0,0.0,0.0,0.0,0.0
0.00465,0.30275,0.0,0.0,0.0,0.0,0.0,0.0,0.0,0.0
0.00465,0.30624999999999997,0.0,0.0,0.0,0.0,0.0,0.0,0.0,0.0
0.00465,0.30974999999999997,1.0,0.02321095220461101,0.0,0.7903783284743944,34.841886876541494,0.6246979021219776,1213.9570811177143,27.538272310374804
0.00465,0.31325,0.0,0.0,0.0,0.0,0.0,0.0,0.0,0.0
0.00465,0.31675,0.0,0.0,0.0,0.0,0.0,0.0,0.0,0.0
0.00465,0.32025,0.0,0.0,0.0,0.0,0.0,0.0,0.0,0.0
0.00465,0.32375,0.0,0.0,0.0,0.0,0.0,0.0,0.0,0.0
0.00465,0.32725,0.0,0.0,0.0,0.0,0.0,0.0,0.0,0.0
0.00465,0.33075,1.0,0.023453655891464777,0.0,-7.858560867499377,21.9074496469675,61.75697890819256,479.9363500344164,-172.16102650237184
0.00465,0.33425,0.0,0.0,0.0,0.0,0.0,0.0,0.0,0.0
0.00465,0.33775,0.0,0.0,0.0,0.0,0.0,0.0,0.0,0.0
0.00465,0.34125,0.0,0.0,0.0,0.0,0.0,0.0,0.0,0.0
0.00465,0.34475,0.0,0.0,0.0,0.0,0.0,0.0,0.0,0.0
0.00465,0.34825,0.0,0.0,0.0,0.0,0.0,0.0,0.0,0.0
0.0049499999999999995,0.00175,0.0,0.0,0.0,0.0,0.0,0.0,0.0,0.0
0.0049499999999999995,0.0052499999999999995,0.0,0.0,0.0,0.0,0.0,0.0,0.0,0.0
0.0049499999999999995,0.008749999999999999,0.0,0.0,0.0,0.0,0.0,0.0,0.0,0.0
0.0049499999999999995,0.01225,32696.0,0.008480482898767338,3.357951908998113e-5,0.31460363526724927,-6.727903145990376,175.33930370459794,259.938386004907,-6.212281149898772
0.0049499999999999995,0.01575,249153.0,0.008317578480205385,3.391945725377391e-5,0.10854130953684138,-2.5389973746774985,173.4170297181938,242.3589544542254,-0.5796743821482402
0.0049499999999999995,0.01925,623782.0,0.00771099219696684,3.390699857461786e-5,-0.04725110005649376,-0.9165803354290509,170.8238667686106,243.89096150918908,-0.19779402800123244
0.0049499999999999995,0.02275,1.453117e6,0.006628869041823482,3.130311859816257e-5,-0.04104861280120818,-0.656141651762986,169.99479662626428,244.4561040200522,0.02731521427996265
0.0049499999999999995,0.02625,3.210743e6,0.005445326114638683,2.7623228146589036e-5,0.014940484913353029,-0.6671097208377366,169.34861126377666,245.21712184225245,0.08263725640285809
0.0049499999999999995,0.02975,6.576924e6,0.004319282558430496,2.41126886950463e-5,-0.015662251155446723,-0.5683953992806254,168.82607182349756,245.6302291235154,-0.025868311087534852
0.0049499999999999995,0.03325,1.0920309e7,0.0035580972584158856,2.0961994790748432e-5,0.005081121263180266,0.19691669990167035,167.28245072383578,239.9341719514035,0.10165368900019492
0.0049499999999999995,0.03675,1.2018931e7,0.0037841060564887557,2.2820332268598074e-5,-0.003494782451380613,1.557707426361916,167.28672132428798,243.0817769991752,-0.07812114467693661
0.0049499999999999995,0.04025,9.908549e6,0.004883621481775905,2.851418101024321e-5,0.009800059387984502,2.2960368939287865,168.5382484103918,249.06178969132046,0.23855377757214047
0.0049499999999999995,0.04375,7.692002e6,0.006362921242184414,3.487632065697613e-5,0.002038973049932029,2.1796251020561006,169.71452032694847,250.39717075024888,-0.261200714200964
0.0049499999999999995,0.04725,5.706524e6,0.007789490752667743,3.963464501098005e-5,0.006095284517789926,2.034242265955166,169.9528814817714,249.19603714136565,-0.4326678660980412
0.0049499999999999995,0.050749999999999997,4.104602e6,0.009115890380675284,4.297016619862055e-5,0.02987871689001529,2.150057232043721,171.27531297151876,247.11462743523774,-0.19792917472261687
0.0049499999999999995,0.05425,3.094494e6,0.010208882315100556,4.501092110839764e-5,0.028580944218113642,3.1000143661523323,171.0908306713281,250.15411755259083,-0.2075980160498762
0.0049499999999999995,0.057749999999999996,2.290032e6,0.011015493870553207,4.640818146771897e-5,-0.0385349657616784,4.086213548924518,173.35426685913723,257.5049804884173,-0.49892010592297853
0.0049499999999999995,0.06125,1.276285e6,0.011527561479404336,4.666036516624152e-5,0.019386634491511123,5.551329196917974,175.86063976958985,270.9858286827273,0.360801560026396
0.0049499999999999995,0.06475,81461.0,0.011856841862764223,4.864385490787808e-5,-0.05836781032833952,9.534738098541904,168.19058199790615,289.52345651076365,-0.9962749496373897
0.0049499999999999995,0.06824999999999999,54921.0,0.012142200271425064,4.627342358793057e-5,-0.0147123694710834,10.944882310652135,99.81336942862403,358.5215983378239,-0.8005405533064304
0.0049499999999999995,0.07175,163677.0,0.012403388663559401,4.6346234271707326e-5,0.07030200837460315,8.913775291522057,87.89920868770679,278.9391896662178,-0.05377961185488821
0.0049499999999999995,0.07525,322632.0,0.013023197657034559,4.88664619708227e-5,-0.06415046106848128,4.8297841709667235,76.2683631569931,164.38599128264408,-0.3208210045714061
0.0049499999999999995,0.07875,472250.0,0.013751388853724879,5.085449467853479e-5,-0.03829176955645953,2.8190656170811295,66.53953990161978,111.56897759034678,0.13938906729574996
0.0049499999999999995,0.08225,489151.0,0.015031424843809116,5.4175278880784624e-5,-0.03412511000584186,2.49594750018129,59.55528218032619,94.26127685392518,-0.2138158027661001
0.0049499999999999995,0.08574999999999999,482655.0,0.016717103689006692,6.055756637771653e-5,0.03277562705932181,1.9656543034220852,52.70652084883621,80.8583975852658,0.3828556343709802
0.0049499999999999995,0.08925,442279.0,0.01844712692095284,6.342830616593314e-5,0.020040097114557384,1.7504461697753968,48.99170526341813,73.70463845609467,-0.1754320838427905
0.0049499999999999995,0.09275,375968.0,0.02013046384477082,6.856391632003108e-5,-0.07856268232070433,1.650113308805225,46.5523829005609,69.89213832851993,0.15994888272446112
0.0049499999999999995,0.09625,288041.0,0.021791000133270046,7.254051535605273e-5,-0.055849499676057214,1.9753629707558749,45.89779621283384,68.76541398047446,0.07616177090618836
0.0049499999999999995,0.09974999999999999,220002.0,0.023259412545701286,7.318671053038679e-5,-0.0682765134577364,1.9233097544525724,45.082399323662855,67.72557518995154,-0.347206568708941
0.0049499999999999995,0.10325,139887.0,0.02440958397189114,7.530129136703413e-5,0.08580894039275354,2.6240980391967437,44.001253184744904,68.39370018618762,-0.8250540797759117
0.0049499999999999995,0.10675,20851.0,0.02465837366445449,7.378816820207769e-5,0.136300089729333,3.964486388590508,45.68986124439918,72.26970568700762,-0.6868853047059517
0.0049499999999999995,0.11025,218.0,0.024458679319331586,6.242744634554419e-5,0.24035223284220578,19.634310528758864,22.420766302251177,413.7977288068145,1.2178349961913928
0.0049499999999999995,0.11374999999999999,152.0,0.02383689609661628,6.833184553322294e-5,-0.10731874010060094,25.738005884764064,15.637073231660866,691.5053911022798,-0.5103199495792141
0.0049499999999999995,0.11725,89.0,0.025364147534293124,8.054861044927735e-5,0.1940507945797663,27.547073560382003,8.066551267634406,783.0806010008828,5.163501539617659
0.0049499999999999995,0.12075,53.0,0.024115811197693113,6.619475735792324e-5,0.6423127655082823,29.086044724336674,5.002397808131374,865.7330480187807,19.056156255332915
0.0049499999999999995,0.12425,31.0,0.02895356069632233,6.63991406314464e-5,-0.08180788485077606,31.524568739302048,5.560859091819278,1022.9267216756798,-2.9474878950020944
0.0049499999999999995,0.12775,22.0,0.0236465418490912,6.918689761136375e-5,-0.8288581500355853,32.83005534137891,3.999727354691005,1098.795509285983,-28.698689544865974
0.0049499999999999995,0.13125,16.0,0.02346963489716755,4.910986986030727e-5,-1.1916044424900318,32.27722207360238,8.533233794232672,1066.059366656176,-42.74782096279724
0.0049499999999999995,0.13475,13.0,0.02473691795307285,7.865051039068601e-5,0.2667125954272165,34.445740952744345,2.1623381867804423,1200.10696668319,6.931349718340776
0.0049499999999999995,0.13824999999999998,7.0,0.02738036651778616,4.3831375149727676e-5,0.282102917306233,34.24145826603154,2.941092779621278,1212.7334778468369,11.009660345699682
0.0049499999999999995,0.14175,7.0,0.027687978524251047,6.283817587439614e-5,-0.8554076446085975,32.228760776896856,3.725269139109855,1054.8825903289353,-23.017689595514675
0.0049499999999999995,0.14525,3.0,0.025048595359881184,2.1226751115305125e-6,-0.7656402358288129,32.096484099196054,1.1636284979004554,1038.240324315334,-26.08500443500265
0.0049499999999999995,0.14875,2.0,0.02600994682189393,3.3267271380190616e-5,1.070100300943921,30.206162376112246,1.294605600320231,918.8578831148241,31.342010252638445
0.0049499999999999995,0.15225,7.0,0.026684344660013234,0.00011508669676791225,0.431892319027316,30.99043879993213,3.2398863920441965,1006.4510549823365,13.037944943272459
0.0049499999999999995,0.15575,5.0,0.02829258050821013,3.901538457182245e-5,0.016617916649494274,34.11601210764673,0.4422012632739978,1177.2987252239554,-0.8827668556854098
0.0049499999999999995,0.15925,2.0,0.025402688696270367,8.213249952783859e-6,0.3149326496047703,32.77453204413618,0.8311087039847035,1079.9558421663958,12.379644153531
0.0049499999999999995,0.16275,5.0,0.029692187855231138,9.655651407239511e-5,0.9146841041944197,32.39929109334318,6.575151881386971,1062.9089261336712,22.078860192495377
0.0049499999999999995,0.16625,3.0,0.02015771100452703,1.2145275554582591e-5,0.4037404401888217,36.88707389124043,2.61912684641641,1366.7468849014128,11.717322435964928
0.0049499999999999995,0.16974999999999998,1.0,0.04635658205438772,0.0,0.351789408505109,43.07811818445704,0.12375578793637444,1855.7242663140482,15.15442571562332
0.0049499999999999995,0.17325,3.0,0.023605356077193784,9.5137742968874e-6,2.680709705147829,35.62720105710956,9.561715912921416,1312.203779599099,86.2276133802361
0.0049499999999999995,0.17675,3.0,0.0326377150555314,0.0001579827841490095,-2.4438496593350694,30.922459474912973,7.119609187966527,958.3605877664394,-77.07418284248489
0.0049499999999999995,0.18025,0.0,0.0,0.0,0.0,0.0,0.0,0.0,0.0
0.0049499999999999995,0.18375,1.0,0.025865105663370986,0.0,1.5998232993635046,34.38539937756006,2.55943458918633,1182.3556903543079,55.01056308213994
0.0049499999999999995,0.18725,0.0,0.0,0.0,0.0,0.0,0.0,0.0,0.0
0.0049499999999999995,0.19075,0.0,0.0,0.0,0.0,0.0,0.0,0.0,0.0
0.0049499999999999995,0.19425,1.0,0.022480227084886006,0.0,0.43813849677522004,41.58831845592165,0.1919653423564495,1729.5882319911534,18.221443331686654
0.0049499999999999995,0.19774999999999998,1.0,0.019156595893721838,0.0,1.2723168336466415,41.349552357401066,1.6187901251806156,1709.785480157452,52.60973152807455
0.0049499999999999995,0.20124999999999998,0.0,0.0,0.0,0.0,0.0,0.0,0.0,0.0
0.0049499999999999995,0.20475,1.0,0.016317561872256504,0.0,-0.9873869341281476,39.33152866652633,0.9749329576869828,1546.9691472457826,-38.83543750461478
0.0049499999999999995,0.20825,0.0,0.0,0.0,0.0,0.0,0.0,0.0,0.0
0.0049499999999999995,0.21175,0.0,0.0,0.0,0.0,0.0,0.0,0.0,0.0
0.0049499999999999995,0.21525,0.0,0.0,0.0,0.0,0.0,0.0,0.0,0.0
0.0049499999999999995,0.21875,0.0,0.0,0.0,0.0,0.0,0.0,0.0,0.0
0.0049499999999999995,0.22225,3.0,0.025695178169063186,8.008279368371837e-5,1.3428929286908993,30.93178332222115,2.0798065172197906,999.7993565569044,42.80690472685805
0.0049499999999999995,0.22575,0.0,0.0,0.0,0.0,0.0,0.0,0.0,0.0
0.0049499999999999995,0.22924999999999998,1.0,0.022185124611973736,0.0,0.6487539956461489,32.00503426737167,0.4208817468668434,1024.3222184556348,20.763393861749286
0.0049499999999999995,0.23274999999999998,2.0,0.026109844169316568,7.04366993249855e-5,0.07413948221267896,27.353503036711025,0.22867868226125052,748.7608264125233,1.6786707140979793
0.0049499999999999995,0.23625,1.0,0.03738114843084266,0.0,-0.7511723375095092,39.48413362000537,0.5642598806394999,1558.9968077224387,-29.659388945877236
0.0049499999999999995,0.23975,0.0,0.0,0.0,0.0,0.0,0.0,0.0,0.0
0.0049499999999999995,0.24325,3.0,0.03617287291574152,0.00016783831331723738,0.6598661136560632,34.230117350578006,0.5040621923324139,1190.9428677733772,21.43863851355065
0.0049499999999999995,0.24675,0.0,0.0,0.0,0.0,0.0,0.0,0.0,0.0
0.0049499999999999995,0.25025,1.0,0.042107486372897615,0.0,-0.7236651605905797,29.908820145672326,0.5236912646525895,894.5375225061748,-21.64397113379273
0.0049499999999999995,0.25375,0.0,0.0,0.0,0.0,0.0,0.0,0.0,0.0
0.0049499999999999995,0.25725,2.0,0.022476842030891068,1.1928903557075867e-6,-2.3404458848565453,35.695743975346716,5.549413412918996,1274.3182350855013,-83.64129599355914
0.0049499999999999995,0.26075,0.0,0.0,0.0,0.0,0.0,0.0,0.0,0.0
0.0049499999999999995,0.26425,1.0,0.043752226982952364,0.0,0.16873107989047897,33.813667230296645,0.0284701773210072,1143.364091561237,5.705416586825254
0.0049499999999999995,0.26775,0.0,0.0,0.0,0.0,0.0,0.0,0.0,0.0
0.0049499999999999995,0.27125,1.0,0.031520030987425035,0.0,1.8672918716643407,30.254847725735655,3.4867789339837167,915.3558109074519,56.49463123670855
0.0049499999999999995,0.27475,0.0,0.0,0.0,0.0,0.0,0.0,0.0,0.0
0.0049499999999999995,0.27825,1.0,0.027384234870585614,0.0,-0.13732719194538573,33.86320583025063,0.018858757647604814,1146.71670910192,-4.650338966936933
0.0049499999999999995,0.28175,2.0,0.02316664036267639,4.2185446657543895e-5,-3.4946637333375747,37.70769248354164,14.681652558623433,1439.6274751847322,-125.15432820448518
0.0049499999999999995,0.28525,1.0,0.02302718501061058,0.0,2.4571797421683272,33.632088944246085,6.037732285322408,1131.1174067536797,82.64008764060485
0.0049499999999999995,0.28875,0.0,0.0,0.0,0.0,0.0,0.0,0.0,0.0
0.0049499999999999995,0.29225,0.0,0.0,0.0,0.0,0.0,0.0,0.0,0.0
0.0049499999999999995,0.29575,1.0,0.03416185098463599,0.0,-0.2387791075033021,40.521821466249605,0.05701546218007351,1642.0180149426074,-9.67576436411923
0.0049499999999999995,0.29925,0.0,0.0,0.0,0.0,0.0,0.0,0.0,0.0
0.0049499999999999995,0.30275,0.0,0.0,0.0,0.0,0.0,0.0,0.0,0.0
0.0049499999999999995,0.30624999999999997,0.0,0.0,0.0,0.0,0.0,0.0,0.0,0.0
0.0049499999999999995,0.30974999999999997,0.0,0.0,0.0,0.0,0.0,0.0,0.0,0.0
0.0049499999999999995,0.31325,0.0,0.0,0.0,0.0,0.0,0.0,0.0,0.0
0.0049499999999999995,0.31675,0.0,0.0,0.0,0.0,0.0,0.0,0.0,0.0
0.0049499999999999995,0.32025,0.0,0.0,0.0,0.0,0.0,0.0,0.0,0.0
0.0049499999999999995,0.32375,0.0,0.0,0.0,0.0,0.0,0.0,0.0,0.0
0.0049499999999999995,0.32725,0.0,0.0,0.0,0.0,0.0,0.0,0.0,0.0
0.0049499999999999995,0.33075,0.0,0.0,0.0,0.0,0.0,0.0,0.0,0.0
0.0049499999999999995,0.33425,0.0,0.0,0.0,0.0,0.0,0.0,0.0,0.0
0.0049499999999999995,0.33775,0.0,0.0,0.0,0.0,0.0,0.0,0.0,0.0
0.0049499999999999995,0.34125,0.0,0.0,0.0,0.0,0.0,0.0,0.0,0.0
0.0049499999999999995,0.34475,1.0,0.048150436707711415,0.0,-0.1172773475860492,32.86725749057011,0.013753976256819,1080.256614951437,-3.85458478092177
0.0049499999999999995,0.34825,0.0,0.0,0.0,0.0,0.0,0.0,0.0,0.0
0.0052499999999999995,0.00175,0.0,0.0,0.0,0.0,0.0,0.0,0.0,0.0
0.0052499999999999995,0.0052499999999999995,0.0,0.0,0.0,0.0,0.0,0.0,0.0,0.0
0.0052499999999999995,0.008749999999999999,0.0,0.0,0.0,0.0,0.0,0.0,0.0,0.0
0.0052499999999999995,0.01225,34392.0,0.008500761538425439,3.373980643240519e-5,0.07843794153381048,-6.307018206289319,170.75350446402277,248.45450019612167,-3.601813774283164
0.0052499999999999995,0.01575,255640.0,0.008348067140324086,3.536308498153894e-5,-0.029465248120976447,-2.4854240687620974,173.29402939478368,243.7521358365546,1.5377698365860553
0.0052499999999999995,0.01925,639129.0,0.007735284209409748,3.349136126902058e-5,0.08140539010751913,-1.0301438349371255,170.25535112364557,243.35231845225667,0.459758531881651
0.0052499999999999995,0.02275,1.508804e6,0.006698319012712489,3.140516242274884e-5,0.04284724191658845,-0.6752994993833129,170.79986955131798,243.76279062705763,1.082926497371656
0.0052499999999999995,0.02625,3.282678e6,0.005551037790560656,2.843118556672361e-5,-0.016776649161122453,-0.5966403827469313,169.3566115926805,244.83221966197445,0.13955220527417742
0.0052499999999999995,0.02975,6.597837e6,0.00446484443542201,2.4880779448622303e-5,0.020930243319779177,-0.3866909334195119,169.16756436215036,245.5259482087847,0.17969818161537796
0.0052499999999999995,0.03325,1.0717577e7,0.003751965321270741,2.2067308585682917e-5,-0.012750474613427308,0.22970705243876557,167.68431588466643,240.93945271473933,0.1550493693219721
0.0052499999999999995,0.03675,1.1894106e7,0.003989594075182867,2.399515161718415e-5,-0.016383510732532917,1.473678767183983,167.74905181019378,243.22877894998928,0.02845930916987205
0.0052499999999999995,0.04025,1.0029568e7,0.005019535868760567,2.9208279642542513e-5,0.00961929557894951,2.1406852174624706,168.64130527169888,247.25519957384455,0.045854629257912755
0.0052499999999999995,0.04375,7.942937e6,0.00646218476699079,3.525852762332238e-5,-0.027687236304650722,2.223946041123705,169.48722440860357,250.66071005077032,-0.16528335834452973
0.0052499999999999995,0.04725,5.968487e6,0.007856041055804185,3.97884412069886e-5,0.011074546140878171,2.0987530677310793,170.4100226619334,249.66455954153952,-0.29896872407004654
0.0052499999999999995,0.050749999999999997,4.323954e6,0.009158867406810507,4.3408722146371024e-5,0.01894490878138915,2.17736420352684,170.83637991900818,247.522483468872,-0.11155280324766889
0.0052499999999999995,0.05425,3.200453e6,0.010242572903939701,4.527313839390269e-5,0.02502559267478458,3.0497855314780575,171.79010938345843,250.44361090590098,-0.321717157787038
0.0052499999999999995,0.057749999999999996,2.339479e6,0.011029750922912694,4.5815779835870176e-5,0.0006034648665052306,3.997581592111403,173.25044117299834,256.3994639680354,-0.13694130901956655
0.0052499999999999995,0.06125,1.295312e6,0.011587377021163563,4.6768591083802865e-5,0.0021101575694857785,5.325456617302789,174.59394824693422,268.39802405623124,0.614187648349054
0.0052499999999999995,0.06475,79294.0,0.011785635191707637,4.817535451045041e-5,0.1732191952794512,9.232767238150286,169.29011017979414,286.2735827039983,4.471777403804954
0.0052499999999999995,0.06824999999999999,54123.0,0.012339339396335613,4.6161314146999207e-5,-0.0153226954664357,8.11934926931185,99.93171501079784,290.47195036072424,-1.2122910634351896
0.0052499999999999995,0.07175,167755.0,0.01250384670178582,4.739880113726079e-5,-0.005294914688662318,7.617732063916324,87.64895317816885,245.77252846017203,-0.20070237094885648
0.0052499999999999995,0.07525,335407.0,0.013095185898787243,5.006381032027845e-5,0.003626532025993154,4.4232628411394534,75.78256019434701,154.10473125307635,-0.2801669237294329
0.0052499999999999995,0.07875,485811.0,0.013888867260396804,5.230060995205376e-5,-0.056631723490316394,2.624930886375532,65.26916608434594,109.12101547438529,-0.4676152366643264
0.0052499999999999995,0.08225,504075.0,0.01511096297003654,5.512009274022666e-5,0.019653222289773294,2.327852517981512,58.920203854823384,91.6684786089457,0.017841678027581156
0.0052499999999999995,0.08574999999999999,499680.0,0.016777567685556723,6.0419914890754734e-5,-0.007890768626769108,1.916674259179815,52.956896585582435,80.80328827494174,0.09924294096588801
0.0052499999999999995,0.08925,461238.0,0.018498309022632654,6.396963883067484e-5,-0.013048575657021987,1.6569540878930078,49.18204747841562,72.2422764598485,-0.043932537071240334
0.0052499999999999995,0.09275,392631.0,0.020192040234232246,6.900735642362725e-5,-0.04442366759683511,1.64303772469734,46.036059735790445,70.25007855950514,-0.1513143506485905
0.0052499999999999995,0.09625,288772.0,0.02172096945661331,6.982702435914805e-5,0.04863599827926658,1.8202267248552955,45.238489248362235,68.53725015364611,-0.25348844818128996
0.0052499999999999995,0.09974999999999999,226970.0,0.02330644730856895,7.562915656513322e-5,0.051519305059647635,1.9562758622440732,45.19980959143515,68.41036852786588,-0.5249397540883252
0.0052499999999999995,0.10325,135956.0,0.02445691306575649,7.8731164428675e-5,0.06453674490323162,2.334180411742439,44.094918819817146,67.46662083685224,0.5346522454717364
0.0052499999999999995,0.10675,19190.0,0.024791233207630457,8.12003145059637e-5,0.06190506487983576,3.4215157252178594,42.712500050161054,67.76998780507277,-2.0789479822139616
0.0052499999999999995,0.11025,154.0,0.02325930858668985,7.81175305020714e-5,0.5467522105283366,18.654184907742362,19.928998526066863,377.656569423081,10.140283841610271
0.0052499999999999995,0.11374999999999999,127.0,0.023694090099327155,7.370004635073651e-5,-0.7185206096015629,24.499219227224017,16.507187328877,620.836219919154,-21.25372923002151
0.0052499999999999995,0.11725,84.0,0.025519599035261256,7.143541780483802e-5,-0.5556614753207935,28.68591270416308,9.739200970165188,848.2403740070116,-19.047978503936022
0.0052499999999999995,0.12075,49.0,0.026705314571598533,8.560186232753307e-5,-0.08753458252652173,29.08704306083549,6.14318127121442,869.7018869846503,-0.8318733011087089
0.0052499999999999995,0.12425,40.0,0.025051294930536448,5.484469582652469e-5,-0.398043872859624,30.347712566256913,6.418270655195059,955.1177058372984,-17.01095775958702
0.0052499999999999995,0.12775,20.0,0.024468961995293956,6.0638275369903364e-5,0.3001119240460421,33.26809015285036,4.870627859428993,1135.1681752143381,13.84826058510057
0.0052499999999999995,0.13125,19.0,0.02881986005187333,7.741448444564677e-5,0.11043810269676352,34.290424108585704,3.1491823634438623,1216.5060930805464,-0.2422970316802769
0.0052499999999999995,0.13475,12.0,0.028714969406373504,0.00010019616563722801,0.2096465729796274,32.50921541249873,4.873956506420367,1079.318886961283,9.036288256545879
0.0052499999999999995,0.13824999999999998,7.0,0.026091416227611103,6.696613103128235e-5,-1.4759871425778845,32.284990000096315,5.696216808523268,1075.1957138436396,-49.18018698570918
0.0052499999999999995,0.14175,8.0,0.030029630361833957,0.00013749628269109232,-0.5133545774841186,29.423817812981106,4.002197739401506,897.6933122400554,-7.148693070798553
0.0052499999999999995,0.14525,7.0,0.03402159220870183,9.757305977781448e-5,-0.20949378073193686,33.70461811195786,4.399990984177133,1167.0306525437481,-2.9670666090490943
0.0052499999999999995,0.14875,8.0,0.02925279192525842,0.00018618058908293546,0.5118803708424712,33.05419887033455,2.0642177370551895,1110.6492525422784,17.246931494411026
0.0052499999999999995,0.15225,6.0,0.021161871847129716,1.5595678485047966e-5,0.6863740841080623,32.11950405517017,1.9289361068674475,1069.352656913427,17.780561677730518
0.0052499999999999995,0.15575,5.0,0.02211335346723297,3.319393580046298e-5,0.7744707571697647,29.068651409888115,4.204115498137698,853.7544381223067,22.5305742133543
0.0052499999999999995,0.15925,3.0,0.02573008874867083,2.2008238927366512e-5,0.18283235787532648,31.30550565023289,1.972655842348085,1000.3128063110958,4.029918843073313
0.0052499999999999995,0.16275,3.0,0.03360084538544801,0.00012953606789832675,-0.39769815826009225,35.072134493895526,3.8668673164746887,1231.302885244638,-13.555154685797362
0.0052499999999999995,0.16625,2.0,0.026844426821505767,4.830368601702844e-7,0.4014213936340977,35.476108255106524,0.3035975155182008,1258.7997790864888,14.427889374195946
0.0052499999999999995,0.16974999999999998,4.0,0.027055800668495604,8.701549219773882e-5,-2.061301757443204,30.238045633716425,8.988510116995553,943.2464688251978,-52.31520897844337
0.0052499999999999995,0.17325,2.0,0.03411364267197591,1.0008156459887716e-5,1.266658668338717,32.342598217173396,2.084005034452597,1055.1590823528895,43.05786530650456
0.0052499999999999995,0.17675,3.0,0.035161682166696254,9.04061841461753e-5,0.9790254829965046,30.00989155208614,6.0793764835137125,902.2852355420796,26.46741552151708
0.0052499999999999995,0.18025,2.0,0.020599689837538994,4.6012835621497267e-7,2.0768140891058025,28.204522251527834,6.281257952100582,815.9595964647433,52.22919210616692
0.0052499999999999995,0.18375,2.0,0.023966955467235273,1.560924938347447e-5,1.219516766329161,37.04659713593524,1.490223151060555,1373.365558256116,45.12653037035216
0.0052499999999999995,0.18725,0.0,0.0,0.0,0.0,0.0,0.0,0.0,0.0
0.0052499999999999995,0.19075,3.0,0.01980018858996229,7.82016133661699e-6,-0.5826853787107402,33.5508260074513,1.9334482784904798,1136.304644648848,-23.668969830825866
0.0052499999999999995,0.19425,0.0,0.0,0.0,0.0,0.0,0.0,0.0,0.0
0.0052499999999999995,0.19774999999999998,0.0,0.0,0.0,0.0,0.0,0.0,0.0,0.0
0.0052499999999999995,0.20124999999999998,1.0,0.02923384203126554,0.0,-2.762300091601598,35.71923810178855,7.630301796062197,1275.8639705722628,-98.6672546805098
0.0052499999999999995,0.20475,2.0,0.033933059288587114,4.6207216233307606e-5,0.919057362099372,34.49572982123565,0.9229153064088518,1206.2409276893447,30.57469394339342
0.0052499999999999995,0.20825,1.0,0.03080406793392592,0.0,0.9956001739918918,29.212178900538547,0.9912197064526853,853.3513961170695,29.08365039605845
0.0052499999999999995,0.21175,3.0,0.024412447170470735,6.650028614647756e-5,-0.02262832204831494,36.44077773886292,0.2542540788164538,1336.231607676081,-1.9996981827907536
0.0052499999999999995,0.21525,1.0,0.03207586748486446,0.0,0.17751606455546737,38.34139982928647,0.03151195317526086,1470.062940869209,6.806214407242603
0.0052499999999999995,0.21875,1.0,0.026088908872481786,0.0,1.065868170248374,35.12506487604616,1.136074956348617,1233.7701825464517,37.43868862928675
0.0052499999999999995,0.22225,0.0,0.0,0.0,0.0,0.0,0.0,0.0,0.0
0.0052499999999999995,0.22575,0.0,0.0,0.0,0.0,0.0,0.0,0.0,0.0
0.0052499999999999995,0.22924999999999998,0.0,0.0,0.0,0.0,0.0,0.0,0.0,0.0
0.0052499999999999995,0.23274999999999998,0.0,0.0,0.0,0.0,0.0,0.0,0.0,0.0
0.0052499999999999995,0.23625,0.0,0.0,0.0,0.0,0.0,0.0,0.0,0.0
0.0052499999999999995,0.23975,0.0,0.0,0.0,0.0,0.0,0.0,0.0,0.0
0.0052499999999999995,0.24325,1.0,0.037438570137727896,0.0,-0.7332996741994995,41.01169460721277,0.5377284121810921,1681.9590945552848,-30.07386229383849
0.0052499999999999995,0.24675,0.0,0.0,0.0,0.0,0.0,0.0,0.0,0.0
0.0052499999999999995,0.25025,1.0,0.04099572829695288,0.0,1.6863308402202521,39.65278974043884,2.8437117026779415,1572.3437341994518,66.86772224007123
0.0052499999999999995,0.25375,1.0,0.013982018109134875,0.0,1.4373959646449486,36.549346082417806,2.0661071591775824,1335.8546990523498,52.53588256927901
0.0052499999999999995,0.25725,0.0,0.0,0.0,0.0,0.0,0.0,0.0,0.0
0.0052499999999999995,0.26075,0.0,0.0,0.0,0.0,0.0,0.0,0.0,0.0
0.0052499999999999995,0.26425,1.0,0.05648621292051028,0.0,-3.0498124966685993,29.14565588977395,9.301356264835956,849.4692572451148,-88.88878555623535
0.0052499999999999995,0.26775,1.0,0.019098483376766378,0.0,2.793767602976071,29.40338761026271,7.805137419438663,864.5592029593505,82.14623172329996
0.0052499999999999995,0.27125,1.0,0.028579071535494677,0.0,1.7491678741020251,33.254263371711744,3.059588251790598,1105.8460323951692,58.16728916672587
0.0052499999999999995,0.27475,1.0,0.04357220514412445,0.0,5.934862357683233,36.1113186269344,35.22259120464538,1304.0273329759793,214.31570560529835
0.0052499999999999995,0.27825,0.0,0.0,0.0,0.0,0.0,0.0,0.0,0.0
0.0052499999999999995,0.28175,0.0,0.0,0.0,0.0,0.0,0.0,0.0,0.0
0.0052499999999999995,0.28525,0.0,0.0,0.0,0.0,0.0,0.0,0.0,0.0
0.0052499999999999995,0.28875,0.0,0.0,0.0,0.0,0.0,0.0,0.0,0.0
0.0052499999999999995,0.29225,1.0,0.02763320779931876,0.0,-0.6222768339761222,37.46984218470354,0.3872284581033464,1403.9890733465888,-23.316614764282264
0.0052499999999999995,0.29575,1.0,0.02117617048467786,0.0,1.4738581656214378,33.04919818092464,2.1722578923689895,1092.2495004020327,48.70983060619695
0.0052499999999999995,0.29925,0.0,0.0,0.0,0.0,0.0,0.0,0.0,0.0
0.0052499999999999995,0.30275,0.0,0.0,0.0,0.0,0.0,0.0,0.0,0.0
0.0052499999999999995,0.30624999999999997,0.0,0.0,0.0,0.0,0.0,0.0,0.0,0.0
0.0052499999999999995,0.30974999999999997,1.0,0.030672649318050547,0.0,2.7467165911480156,36.2863632109315,7.544452032087775,1316.700155075643,99.66835586388852
0.0052499999999999995,0.31325,2.0,0.036460425705872095,7.811972686798471e-5,-2.0428415276419063,38.55381935927109,7.049065523434327,1486.4685563126836,-79.21302051408443
0.0052499999999999995,0.31675,0.0,0.0,0.0,0.0,0.0,0.0,0.0,0.0
0.0052499999999999995,0.32025,1.0,0.03743564398920377,0.0,-0.5956299999561225,37.54091481279724,0.3547750968477305,1409.3202849816992,-22.36049508829922
0.0052499999999999995,0.32375,0.0,0.0,0.0,0.0,0.0,0.0,0.0,0.0
0.0052499999999999995,0.32725,0.0,0.0,0.0,0.0,0.0,0.0,0.0,0.0
0.0052499999999999995,0.33075,1.0,0.06481461046087361,0.0,1.3025802735683731,36.83770108035588,1.6967153690894579,1357.0162208856525,47.984062750879914
0.0052499999999999995,0.33425,1.0,0.03546132899712452,0.0,0.6915442304815431,24.213208750984993,0.4782334227123096,586.2794780187762,16.744504813188883
0.0052499999999999995,0.33775,0.0,0.0,0.0,0.0,0.0,0.0,0.0,0.0
0.0052499999999999995,0.34125,0.0,0.0,0.0,0.0,0.0,0.0,0.0,0.0
0.0052499999999999995,0.34475,1.0,0.02611397491784656,0.0,0.4514487066668446,43.83947681708999,0.2038059347511667,1921.8997275961706,19.791275110026394
0.0052499999999999995,0.34825,0.0,0.0,0.0,0.0,0.0,0.0,0.0,0.0
0.005549999999999999,0.00175,0.0,0.0,0.0,0.0,0.0,0.0,0.0,0.0
0.005549999999999999,0.0052499999999999995,0.0,0.0,0.0,0.0,0.0,0.0,0.0,0.0
0.005549999999999999,0.008749999999999999,0.0,0.0,0.0,0.0,0.0,0.0,0.0,0.0
0.005549999999999999,0.01225,35595.0,0.00847323304794482,3.184302069265148e-5,0.34768254973856955,-6.282002022279554,163.00971889039457,252.01683059523978,-0.366242397976096
0.005549999999999999,0.01575,263109.0,0.008427168521880777,3.567185353126223e-5,0.13697454272018073,-2.6303038537494503,174.2291145175255,246.08175961666947,2.2896941710603103
0.005549999999999999,0.01925,662590.0,0.007794519255229231,3.3773153042441746e-5,0.06427530588347201,-1.062522477263632,171.6933243172273,244.4466673498914,-0.7258849577385782
0.005549999999999999,0.02275,1.533822e6,0.006773367612908201,3.1482335107693074e-5,-0.013896934891274058,-0.7124207662992945,170.21888592791396,245.78437860349206,0.7044412553591174
0.005549999999999999,0.02625,3.314252e6,0.005649644901999749,2.8715512462123852e-5,-0.006587005173772087,-0.5627486632365077,169.6755103109831,245.28924957724354,0.32676228105645166
0.005549999999999999,0.02975,6.593388e6,0.004603987890324034,2.542679928689146e-5,0.010283196219598136,-0.30728018117935435,169.54653344951163,244.714801990604,0.16603272848349207
0.005549999999999999,0.03325,1.0518764e7,0.003942109907271045,2.3032790880152617e-5,-0.02310008054030733,0.27408706435343355,168.66861778444272,241.18846880019106,0.13979192477963295
0.005549999999999999,0.03675,1.1841276e7,0.004193382292435069,2.503125172735479e-5,0.00880098785049134,1.356394117699638,167.87718675700188,243.25145694313045,0.2958585619260706
0.005549999999999999,0.04025,1.0142196e7,0.005156742580445949,2.9852610550114475e-5,0.011139665436743879,1.9812132907149917,169.2728959527559,245.98516162342426,-0.2738467004891293
0.005549999999999999,0.04375,8.151557e6,0.00657176117419689,3.59649292225923e-5,-0.024702468258238876,2.1744217912866985,169.84573166469525,250.72071770374694,-0.10397688851930013
0.005549999999999999,0.04725,6.233038e6,0.007934888793738128,4.006081817349173e-5,0.00521562846400998,2.1010992092095937,170.3560208904951,249.0177352689376,-0.5307490776053466
0.005549999999999999,0.050749999999999997,4.524267e6,0.009225409194256452,4.329807667148819e-5,-0.007880541227702693,2.165904984765271,171.4151110267202,247.63817504455886,-0.020315757423863007
0.005549999999999999,0.05425,3.306049e6,0.01029478888711753,4.5329347467295014e-5,-0.013040213290500691,2.963347785986917,171.6268966337638,249.1394379720336,0.13544026274502063
0.005549999999999999,0.057749999999999996,2.387931e6,0.011085043692211178,4.597917978387296e-5,-0.009221580511465802,3.8649742110839345,172.99566088369068,257.41069920342426,-0.2607868808099752
0.005549999999999999,0.06125,1.314641e6,0.011623227789608946,4.6578114948756406e-5,0.04241158522837061,5.01865804859735,174.2744866622695,266.5591360200437,0.09395572675985624
0.005549999999999999,0.06475,79610.0,0.011873363972258083,4.6218848411590877e-5,0.26086631458376186,8.96645234192935,170.22218336479767,281.266066424563,1.9345353235239096
0.005549999999999999,0.06824999999999999,53193.0,0.012422056196485716,4.6193389189371956e-5,0.1422366208413097,5.616160962086452,100.67591853403103,238.74473866389985,0.4096343864867002
0.005549999999999999,0.07175,169031.0,0.012614467489884922,4.822273307121894e-5,-0.0076897628866677,6.391838942226645,86.06638965704855,214.70464965324624,1.502066214676267
0.005549999999999999,0.07525,342829.0,0.01320184549729324,5.127014972164085e-5,-0.027576747433493056,3.991032373481993,75.0167730062923,146.12904601487423,0.25208722082521196
0.005549999999999999,0.07875,494936.0,0.013987095858572884,5.32019900225424e-5,-0.08160472202248574,2.471472013483112,65.40606072996674,106.38516169973173,-0.43228834622598455
0.005549999999999999,0.08225,517697.0,0.015229462266486717,5.524871749695204e-5,-0.0347247471097112,2.1180962592784427,58.1460475326196,91.03948728197486,-0.03992870882677934
0.005549999999999999,0.08574999999999999,518331.0,0.016852870022756653,6.024461258100064e-5,-0.0035820014689054965,1.8497496746238302,52.18759695788162,80.83785599098941,0.20552796597210427
0.005549999999999999,0.08925,479336.0,0.0185975863406575,6.422188279653811e-5,0.015001447886394858,1.6551633449845524,48.71704756701359,72.57823353043395,0.033093374911136626
0.005549999999999999,0.09275,396720.0,0.020210007920341687,6.862109090189522e-5,-0.021993968289295583,1.6993105907535364,46.12193693357963,70.08530689200775,0.3698920757379084
0.005549999999999999,0.09625,295906.0,0.02200032270507514,7.215309324842741e-5,-0.024954511046244278,1.6625095374823458,44.8165828983782,67.44041621363569,0.054424413145167196
0.005549999999999999,0.09974999999999999,230300.0,0.02342335343344479,7.335787520756398e-5,0.013028805109314317,1.7950286832612705,44.07052701019516,66.77919245385505,0.3292513611330763
0.005549999999999999,0.10325,132783.0,0.024446670949272404,7.364104653839279e-5,-0.05814757199059034,2.021899033314423,42.813911863888144,65.12726569320581,0.2735993459042735
0.005549999999999999,0.10675,17206.0,0.02432350109197897,6.709029397420179e-5,0.0962751631843518,3.278106737687438,42.90691936291295,66.28711271734787,0.14107402099127286
0.005549999999999999,0.11025,92.0,0.022862476486827175,5.758814098141825e-5,0.5629146995218594,19.498458885381943,17.329631226497042,412.1663976877618,11.00780617241018
0.005549999999999999,0.11374999999999999,106.0,0.026301701438234907,9.76908332622606e-5,-0.08818687108699351,24.84235558738341,15.367505448994818,640.112281054493,5.001804478841562
0.005549999999999999,0.11725,78.0,0.022919421482049732,6.911802646793941e-5,0.08170192595119566,27.758012691890194,8.15695813111564,790.7323321142678,2.493818607090637
0.005549999999999999,0.12075,51.0,0.023785185095348726,4.924215598395608e-5,-0.061878247830206824,29.849693215387244,9.186585361038041,915.8147273808521,-2.6435032797882627
0.005549999999999999,0.12425,22.0,0.024435735481082348,6.807915029053719e-5,0.7164032347743243,30.583458833682627,4.004278380306513,957.2426241122436,19.048068889382833
0.005549999999999999,0.12775,31.0,0.025819666574675854,7.981687118896515e-5,0.220440444591963,32.139519294628926,5.220794399369828,1066.5403475001326,5.471517954724558
0.005549999999999999,0.13125,19.0,0.02425743483820439,6.799659401010794e-5,-0.9886665544506368,34.29530092486693,5.362250300460912,1192.6101787141638,-31.96860643798793
0.005549999999999999,0.13475,12.0,0.027550257331717634,0.00011931516280364019,-0.40399426145908807,32.168446114819204,3.086592567783512,1063.3321369972725,-9.738520363910922
0.005549999999999999,0.13824999999999998,7.0,0.027411650020700815,3.1077751994424556e-5,1.50249611092072,33.453357937574324,3.408926680861268,1161.178131377638,51.269194599635746
0.005549999999999999,0.14175,9.0,0.03177739035947127,0.00013006302367035686,-0.18539889789640465,31.85371991992936,2.5562665391065216,1036.7808072020684,-6.119096821531235
0.005549999999999999,0.14525,6.0,0.02958987334643237,0.00010611993733859085,1.2019681058944454,34.68029139224028,3.772337064827743,1208.7422836425535,41.97343432455625
0.005549999999999999,0.14875,5.0,0.02530910795045609,1.3877865609748118e-5,0.8234517324956326,31.596890043021638,1.1463021356471024,1023.8139516602494,25.83944878222358
0.005549999999999999,0.15225,7.0,0.0310051725166653,0.0001272412901759346,0.4615707087082431,34.0775292770991,2.7646019866118596,1170.2930327958773,19.148627729463367
0.005549999999999999,0.15575,2.0,0.031849378977678616,8.468049625483312e-5,-2.4683436456090555,32.415796606548376,6.77585650768924,1074.9464079249983,-75.95053053594717
0.005549999999999999,0.15925,4.0,0.02597446833629779,7.70291688022247e-6,-0.8451271536308347,30.934281054365997,0.7246607770353318,961.785923355146,-26.019133287351153
0.005549999999999999,0.16275,2.0,0.028094259290227755,8.052946139540505e-7,0.0674015453875364,32.19621376393002,0.7279087350912945,1037.2568661454516,2.86139012816799
0.005549999999999999,0.16625,2.0,0.021957265018471,1.3386729474293434e-8,1.1505463263628348,33.673446160600854,1.832007201783812,1156.8734902959702,35.32587450763189
0.005549999999999999,0.16974999999999998,2.0,0.02297618596311092,3.3086716312589688e-6,0.6525700013870135,28.01869162400508,0.6539504738948132,790.9596083096428,19.445477823142966
0.005549999999999999,0.17325,0.0,0.0,0.0,0.0,0.0,0.0,0.0,0.0
0.005549999999999999,0.17675,0.0,0.0,0.0,0.0,0.0,0.0,0.0,0.0
0.005549999999999999,0.18025,1.0,0.04045487117641086,0.0,-0.44186561328873136,29.94357551471308,0.1952452202070267,896.6177146053246,-13.231036358866135
0.005549999999999999,0.18375,0.0,0.0,0.0,0.0,0.0,0.0,0.0,0.0
0.005549999999999999,0.18725,1.0,0.024455984965782062,0.0,-0.4182366234000898,30.664111249639145,0.17492187315310856,940.287718730246,-12.824854348613785
0.005549999999999999,0.19075,1.0,0.027221069562496994,0.0,0.6044675289154947,28.44401037655861,0.3653809935132044,809.0617263017738,17.193480664765072
0.005549999999999999,0.19425,1.0,0.029070978349965883,0.0,0.554981800844609,35.8137118323211,0.30800479926872526,1282.621955208536,19.875958287631445
0.005549999999999999,0.19774999999999998,2.0,0.020481219840557435,3.5975661919327424e-7,-2.1175711892949103,29.93886602794626,4.484677049534852,927.4330469624067,-63.530736380270426
0.005549999999999999,0.20124999999999998,0.0,0.0,0.0,0.0,0.0,0.0,0.0,0.0
0.005549999999999999,0.20475,0.0,0.0,0.0,0.0,0.0,0.0,0.0,0.0
0.005549999999999999,0.20825,0.0,0.0,0.0,0.0,0.0,0.0,0.0,0.0
0.005549999999999999,0.21175,1.0,0.03166644926289273,0.0,2.6905075274740438,42.93881327463051,7.238830755394492,1843.7416854335854,115.52720033619579
0.005549999999999999,0.21525,0.0,0.0,0.0,0.0,0.0,0.0,0.0,0.0
0.005549999999999999,0.21875,2.0,0.02637630316465081,6.842316603825802e-7,1.340413838566408,31.37973555190017,3.0682475636288307,991.1242590274485,44.92263586653368
0.005549999999999999,0.22225,0.0,0.0,0.0,0.0,0.0,0.0,0.0,0.0
0.005549999999999999,0.22575,0.0,0.0,0.0,0.0,0.0,0.0,0.0,0.0
0.005549999999999999,0.22924999999999998,1.0,0.026039682602156593,0.0,-1.0123735005605237,32.38907257925928,1.0249001046371686,1049.0520225445252,-32.78983878697358
0.005549999999999999,0.23274999999999998,0.0,0.0,0.0,0.0,0.0,0.0,0.0,0.0
0.005549999999999999,0.23625,0.0,0.0,0.0,0.0,0.0,0.0,0.0,0.0
0.005549999999999999,0.23975,1.0,0.02237964097194227,0.0,-1.158127776886758,29.60694184580143,1.3412599475966642,876.5710054606677,-34.288621740293536
0.005549999999999999,0.24325,0.0,0.0,0.0,0.0,0.0,0.0,0.0,0.0
0.005549999999999999,0.24675,0.0,0.0,0.0,0.0,0.0,0.0,0.0,0.0
0.005549999999999999,0.25025,0.0,0.0,0.0,0.0,0.0,0.0,0.0,0.0
0.005549999999999999,0.25375,0.0,0.0,0.0,0.0,0.0,0.0,0.0,0.0
0.005549999999999999,0.25725,0.0,0.0,0.0,0.0,0.0,0.0,0.0,0.0
0.005549999999999999,0.26075,0.0,0.0,0.0,0.0,0.0,0.0,0.0,0.0
0.005549999999999999,0.26425,2.0,0.03287551761572353,9.44043388826016e-5,2.4280251174610936,33.078901190433456,8.630079406639405,1099.6854740626702,76.44806331684893
0.005549999999999999,0.26775,1.0,0.029192547441859448,0.0,1.7938697252930822,36.44389507933522,3.217968591323078,1328.1574885535938,65.37560005457698
0.005549999999999999,0.27125,0.0,0.0,0.0,0.0,0.0,0.0,0.0,0.0
0.005549999999999999,0.27475,1.0,0.027481608229244125,0.0,-1.8929988831499247,35.1849298627638,3.5834447716068625,1237.979289447608,-66.60503293392031
0.005549999999999999,0.27825,0.0,0.0,0.0,0.0,0.0,0.0,0.0,0.0
0.005549999999999999,0.28175,0.0,0.0,0.0,0.0,0.0,0.0,0.0,0.0
0.005549999999999999,0.28525,2.0,0.03082303138050643,2.3916341080094313e-5,-0.5063860441631173,32.491000237360794,1.971076808613152,1067.709716757948,-20.99747013499526
0.005549999999999999,0.28875,0.0,0.0,0.0,0.0,0.0,0.0,0.0,0.0
0.005549999999999999,0.29225,0.0,0.0,0.0,0.0,0.0,0.0,0.0,0.0
0.005549999999999999,0.29575,0.0,0.0,0.0,0.0,0.0,0.0,0.0,0.0
0.005549999999999999,0.29925,0.0,0.0,0.0,0.0,0.0,0.0,0.0,0.0
0.005549999999999999,0.30275,0.0,0.0,0.0,0.0,0.0,0.0,0.0,0.0
0.005549999999999999,0.30624999999999997,0.0,0.0,0.0,0.0,0.0,0.0,0.0,0.0
0.005549999999999999,0.30974999999999997,0.0,0.0,0.0,0.0,0.0,0.0,0.0,0.0
0.005549999999999999,0.31325,0.0,0.0,0.0,0.0,0.0,0.0,0.0,0.0
0.005549999999999999,0.31675,0.0,0.0,0.0,0.0,0.0,0.0,0.0,0.0
0.005549999999999999,0.32025,0.0,0.0,0.0,0.0,0.0,0.0,0.0,0.0
0.005549999999999999,0.32375,0.0,0.0,0.0,0.0,0.0,0.0,0.0,0.0
0.005549999999999999,0.32725,1.0,0.03189877576817638,0.0,1.936184872767402,36.291919832334784,3.7488118615333206,1317.103445116615,70.26786618305388
0.005549999999999999,0.33075,0.0,0.0,0.0,0.0,0.0,0.0,0.0,0.0
0.005549999999999999,0.33425,0.0,0.0,0.0,0.0,0.0,0.0,0.0,0.0
0.005549999999999999,0.33775,0.0,0.0,0.0,0.0,0.0,0.0,0.0,0.0
0.005549999999999999,0.34125,2.0,0.03378214709481531,1.3054352064570154e-8,1.6084556790469358,38.217315567391125,11.962539851400397,1462.1694684291917,65.35149472290854
0.005549999999999999,0.34475,0.0,0.0,0.0,0.0,0.0,0.0,0.0,0.0
0.005549999999999999,0.34825,1.0,0.04166819935203438,0.0,6.304940386948,28.09408255213282,39.752273282968,789.2774744460538,177.13151571719337
0.00585,0.00175,0.0,0.0,0.0,0.0,0.0,0.0,0.0,0.0
0.00585,0.0052499999999999995,0.0,0.0,0.0,0.0,0.0,0.0,0.0,0.0
0.00585,0.008749999999999999,0.0,0.0,0.0,0.0,0.0,0.0,0.0,0.0
0.00585,0.01225,35285.0,0.008355820444250556,3.082034409815841e-5,0.25827224292365897,-6.570000489603429,167.26508343323601,264.1952150124683,-2.5219768033333954
0.00585,0.01575,270792.0,0.00841315095508592,3.473806407502446e-5,0.11693748640560357,-2.5325436177714815,172.76450937565394,245.78330147779351,-1.4646317945106895
0.00585,0.01925,679127.0,0.00783607545545801,3.4527760022281746e-5,0.048886488521690495,-0.9986135969474172,170.5522000014108,244.88201309760157,-0.29175942084827367
0.00585,0.02275,1.548764e6,0.006890668346674688,3.245072684136473e-5,-0.015241647816549762,-0.6803052867657878,170.29822785351985,244.25182384108737,0.8178763011381402
0.00585,0.02625,3.325177e6,0.0057699085979554445,2.9278984502111822e-5,0.02187644863774635,-0.49439459177835376,169.313052641297,244.43008614433532,-0.12056168609861574
0.00585,0.02975,6.576456e6,0.004746569123091138,2.6177445893144836e-5,-0.013053135956350593,-0.25606689745187416,169.7642937414668,243.95847481814766,0.18453882150189294
0.00585,0.03325,1.0341752e7,0.004130302062081048,2.397468750011155e-5,-0.02085095805749275,0.30840342695513523,167.8722439272356,242.01494569113714,-0.17960689626750065
0.00585,0.03675,1.1837844e7,0.0043648982459389375,2.582365310438496e-5,0.007999772911629668,1.2426924348507893,167.98505031591574,242.7515196810609,-0.013620033436427597
0.00585,0.04025,1.0146057e7,0.005315600516589568,3.07242170150137e-5,-0.006625167811508063,1.8637224121943683,168.80802455796416,245.16020781764786,0.024372512328939815
0.00585,0.04375,8.347305e6,0.00667189907665595,3.628436772957353e-5,-0.013337836071810919,2.0850368436052427,170.02318844050487,249.9641710729283,0.1480289289452873
0.00585,0.04725,6.448128e6,0.008011546751623234,4.043708132153489e-5,-0.0032893535686070916,2.012634384736956,170.09283451944043,248.52414613040793,-0.25170137534624465
0.00585,0.050749999999999997,4.731199e6,0.009273867287521154,4.360686409128606e-5,-0.034976438298185544,2.1580963132143736,170.92361420876526,247.66808382226748,-0.4490400484437253
0.00585,0.05425,3.392421e6,0.010350888200038244,4.563710305173805e-5,0.02118424628034501,2.8593645100947502,171.49675044035,250.1886526302279,-0.2467250332476996
0.00585,0.057749999999999996,2.418754e6,0.011139135268052875,4.606491294168995e-5,-0.016664527385873346,3.6364578014255184,172.7491058842068,255.2757514937103,-0.2676450992602776
0.00585,0.06125,1.336947e6,0.01165957726251745,4.646259635084949e-5,0.06702454422348646,4.707283430966999,173.70939970209366,263.714413829492,0.23516309962645876
0.00585,0.06475,76355.0,0.011862537339412864,4.601810579579922e-5,0.07063100838379786,8.475190968705853,170.62460610299445,273.34251366097,1.9418805548063514
0.00585,0.06824999999999999,53728.0,0.012637544089404235,4.6881871222398593e-5,0.17641968850901507,3.716059915908625,100.74123862382122,201.76609378234025,-0.47434475048977787
0.00585,0.07175,173921.0,0.012765669117027385,4.8138281574494046e-5,0.0011412442570207365,5.323037690089585,84.7638909075322,193.80691193801826,0.21346498517919177
0.00585,0.07525,352885.0,0.01326814870676892,5.006883641108999e-5,0.05436411296989184,3.514987536360988,73.58018789905492,138.8635362915735,0.42590938932195854
0.00585,0.07875,508913.0,0.014007987336446258,5.173121721032777e-5,-0.06128873489490654,2.317254023310402,65.54496515050594,104.54341564210048,-0.513309692575816
0.00585,0.08225,529772.0,0.015365362043737507,5.611758656321048e-5,-0.0595781239778961,2.070609443046109,57.57266800554825,89.92767387825567,0.2950522715349663
0.00585,0.08574999999999999,542414.0,0.016895245287223373,5.960774629792718e-5,-0.046417221994573425,1.7821177533681332,51.989946118951494,80.45702956838088,-0.050638827023169054
0.00585,0.08925,496392.0,0.01858142431642712,6.477307120620654e-5,-0.023810363232247656,1.6935385041734516,48.34155234279923,72.48304163482462,-0.07950721867665274
0.00585,0.09275,400167.0,0.020196773756648592,6.7737930073341e-5,-0.060799749888569676,1.682862542931567,45.910659970358495,70.10401400482445,-0.12206835088047202
0.00585,0.09625,301340.0,0.02206365273940327,7.261205922031396e-5,0.04340630386605253,1.634817525732885,44.83660107944495,67.5585580910759,-0.3628974091492881
0.00585,0.09974999999999999,232585.0,0.023640472649662368,7.472873363857027e-5,0.022707329570014825,1.7586312020291937,42.89133750127974,68.00899013950423,0.572306341843207
0.00585,0.10325,129911.0,0.024620413270530196,7.452941315163904e-5,0.07136425440786574,2.043736774966677,43.71469884842902,67.42499705006009,-0.2733495547959866
0.00585,0.10675,15301.0,0.024262444330412115,7.018755525296559e-5,0.06950718890637221,3.1490506296960596,41.62720672120781,66.61617878509006,-1.3180835937780406
0.00585,0.11025,72.0,0.024282366576270413,7.273036988939897e-5,0.07304379876737109,16.667123659388572,16.50291989553383,305.6687984365423,1.3641308895126185
0.00585,0.11374999999999999,97.0,0.026243443961203042,9.282590286006279e-5,0.056966671771431256,24.09956022664998,10.173700445239135,608.3252814210648,2.6823534687744086
0.00585,0.11725,66.0,0.024170150741790505,6.959056763087177e-5,0.8086709111372125,28.84577820208393,7.636063981253278,854.9719041063529,26.13845198848469
0.00585,0.12075,50.0,0.027090508416420963,8.605284452575683e-5,-0.5739008409161168,29.742358096076316,7.020566211313183,899.5094581766213,-15.532488160229587
0.00585,0.12425,34.0,0.023651631283618007,5.132799458101137e-5,-0.7283640469766614,29.63647103525238,7.027547391260601,908.4888046342835,-23.95503542036312
0.00585,0.12775,21.0,0.02521523994169234,5.1799057500267e-5,-0.32445820995720487,33.04910682295892,3.8610718105200204,1112.3188271468173,-11.209899709057545
0.00585,0.13125,24.0,0.022564888163109184,7.408250933621265e-5,0.45932235965253326,31.342218122766955,8.984817979209483,1018.1962845239647,7.475467561588746
0.00585,0.13475,9.0,0.029672200462608284,9.452270090623807e-5,-1.4318921997413545,33.95141297185774,6.410164056976831,1172.4597537270788,-52.21239668969362
0.00585,0.13824999999999998,8.0,0.022908078180559933,2.370607914693563e-5,-0.9333937827149064,32.033409261989114,6.00842687195905,1082.5441022759476,-28.636066273058773
0.00585,0.14175,8.0,0.023149132270144597,6.719509335739782e-5,0.33295270011842165,34.05948661278064,2.088088505709912,1172.1053180743004,8.890586450573943
0.00585,0.14525,12.0,0.02850669590653487,6.705430588019831e-5,1.235345959693662,30.81537260770753,5.150833549585164,989.2693202274122,39.73656904225936
0.00585,0.14875,4.0,0.02561292478351295,0.00012708453899042775,-1.19517812495494,32.858534179154525,3.2151721353363247,1088.8306047353228,-37.98144439376631
0.00585,0.15225,6.0,0.02402508828117153,0.00010025192988851597,0.5769531327350856,31.07897143691274,8.888431986709275,970.033204830881,18.570465682626725
0.00585,0.15575,3.0,0.02829256573251203,1.0282009136829284e-5,0.5777264364322062,31.352043091998247,0.788665414993898,991.6152405574688,18.708636104853415
0.00585,0.15925,2.0,0.025822910394255206,1.1955912051484254e-7,0.17660243695012845,25.916803096803953,14.562183087750542,686.4605916350486,-10.077952719756865
0.00585,0.16275,2.0,0.03566873147846982,0.00018103188322269087,-0.17727202753338223,38.905411234719054,0.6661231642872374,1513.6682737042859,-6.74307923016951
0.00585,0.16625,1.0,0.020880972040949908,0.0,0.1649615664987868,36.11916278414752,0.027212318421733658,1304.5939202277473,5.958273673497656
0.00585,0.16974999999999998,2.0,0.019270424648400508,1.6516248465684302e-7,-0.05184932801296949,27.718588803280298,0.9862775523860812,779.4137327216225,1.8660677576997884
0.00585,0.17325,4.0,0.028729238550929376,0.00016778679982324443,-0.6831845428907698,32.9263324102164,1.5286253805697458,1094.0011207937011,-24.65008756325771
0.00585,0.17675,0.0,0.0,0.0,0.0,0.0,0.0,0.0,0.0
0.00585,0.18025,0.0,0.0,0.0,0.0,0.0,0.0,0.0,0.0
0.00585,0.18375,0.0,0.0,0.0,0.0,0.0,0.0,0.0,0.0
0.00585,0.18725,0.0,0.0,0.0,0.0,0.0,0.0,0.0,0.0
0.00585,0.19075,0.0,0.0,0.0,0.0,0.0,0.0,0.0,0.0
0.00585,0.19425,0.0,0.0,0.0,0.0,0.0,0.0,0.0,0.0
0.00585,0.19774999999999998,0.0,0.0,0.0,0.0,0.0,0.0,0.0,0.0
0.00585,0.20124999999999998,0.0,0.0,0.0,0.0,0.0,0.0,0.0,0.0
0.00585,0.20475,1.0,0.035775111213026706,0.0,0.6330108754794707,31.84497234222688,0.4007027684752859,1014.1022634771948,20.158213821972566
0.00585,0.20825,0.0,0.0,0.0,0.0,0.0,0.0,0.0,0.0
0.00585,0.21175,0.0,0.0,0.0,0.0,0.0,0.0,0.0,0.0
0.00585,0.21525,0.0,0.0,0.0,0.0,0.0,0.0,0.0,0.0
0.00585,0.21875,0.0,0.0,0.0,0.0,0.0,0.0,0.0,0.0
0.00585,0.22225,1.0,0.03318989524678443,0.0,-1.0140628830865512,30.473613245404845,1.0283235308538086,928.6411042305136,-30.902160105699753
0.00585,0.22575,0.0,0.0,0.0,0.0,0.0,0.0,0.0,0.0
0.00585,0.22924999999999998,2.0,0.02909826810966386,2.450485381508695e-5,1.0515598422966996,36.069928695200495,3.097686250736698,1323.6849330578398,31.213505644275187
0.00585,0.23274999999999998,0.0,0.0,0.0,0.0,0.0,0.0,0.0,0.0
0.00585,0.23625,1.0,0.02601273885146389,0.0,2.1253771415430043,27.711475026553565,4.517227993793512,767.9258481473018,58.89733557987677
0.00585,0.23975,0.0,0.0,0.0,0.0,0.0,0.0,0.0,0.0
0.00585,0.24325,0.0,0.0,0.0,0.0,0.0,0.0,0.0,0.0
0.00585,0.24675,0.0,0.0,0.0,0.0,0.0,0.0,0.0,0.0
0.00585,0.25025,0.0,0.0,0.0,0.0,0.0,0.0,0.0,0.0
0.00585,0.25375,0.0,0.0,0.0,0.0,0.0,0.0,0.0,0.0
0.00585,0.25725,0.0,0.0,0.0,0.0,0.0,0.0,0.0,0.0
0.00585,0.26075,0.0,0.0,0.0,0.0,0.0,0.0,0.0,0.0
0.00585,0.26425,2.0,0.027124631956226046,3.335604004433664e-5,1.644798825807182,32.155941791206345,4.376897016786957,1036.3842577388486,50.89564034719756
0.00585,0.26775,1.0,0.025254612543491636,0.0,-1.6761735032818639,40.70909678152702,2.8095576131041966,1657.2305607677338,-68.2355093677326
0.00585,0.27125,0.0,0.0,0.0,0.0,0.0,0.0,0.0,0.0
0.00585,0.27475,0.0,0.0,0.0,0.0,0.0,0.0,0.0,0.0
0.00585,0.27825,4.0,0.036595775707825635,0.00025702592818245155,-1.5829362709578194,31.726557694228198,23.42153416083824,1051.27657164428,-64.40206096726833
0.00585,0.28175,0.0,0.0,0.0,0.0,0.0,0.0,0.0,0.0
0.00585,0.28525,0.0,0.0,0.0,0.0,0.0,0.0,0.0,0.0
0.00585,0.28875,2.0,0.029686920784259246,2.42943281720076e-5,1.7147357872424718,34.63921157273402,3.8393958186616115,1200.5827385584762,60.19479923974741
0.00585,0.29225,1.0,0.035656685255143906,0.0,4.049009657506241,31.896532401367498,16.394479206578808,1017.3887792314866,129.14936773409775
0.00585,0.29575,1.0,0.018189028210747353,0.0,0.3606683147903168,33.688496181658934,0.13008163329368705,1134.9147749816486,12.15037314565895
0.00585,0.29925,0.0,0.0,0.0,0.0,0.0,0.0,0.0,0.0
0.00585,0.30275,2.0,0.028572601275596923,7.871477460827708e-8,-0.5876392460148598,34.80236922072113,0.3856131618401859,1230.7323219505008,-21.338268849321015
0.00585,0.30624999999999997,0.0,0.0,0.0,0.0,0.0,0.0,0.0,0.0
0.00585,0.30974999999999997,0.0,0.0,0.0,0.0,0.0,0.0,0.0,0.0
0.00585,0.31325,1.0,0.03188140439673875,0.0,0.291137459274906,38.23566249240747,0.08476102019304753,1461.9658862332956,11.13183363173233
0.00585,0.31675,1.0,0.02487766068008998,0.0,0.4782283854621048,33.320273591350826,0.22870238866169146,1110.2406322024713,15.934700642747313
0.00585,0.32025,0.0,0.0,0.0,0.0,0.0,0.0,0.0,0.0
0.00585,0.32375,1.0,0.03930822383194766,0.0,0.6070939909706271,33.95414795604558,0.36856311387264384,1152.8841634210344,20.61335919264287
0.00585,0.32725,0.0,0.0,0.0,0.0,0.0,0.0,0.0,0.0
0.00585,0.33075,0.0,0.0,0.0,0.0,0.0,0.0,0.0,0.0
0.00585,0.33425,0.0,0.0,0.0,0.0,0.0,0.0,0.0,0.0
0.00585,0.33775,2.0,0.04521977240995631,8.164750290359134e-5,-1.6608288537026912,37.63828479854032,4.266966653723389,1425.4264384182675,-66.15143854935954
0.00585,0.34125,0.0,0.0,0.0,0.0,0.0,0.0,0.0,0.0
0.00585,0.34475,0.0,0.0,0.0,0.0,0.0,0.0,0.0,0.0
0.00585,0.34825,0.0,0.0,0.0,0.0,0.0,0.0,0.0,0.0
0.00615,0.00175,0.0,0.0,0.0,0.0,0.0,0.0,0.0,0.0
0.00615,0.0052499999999999995,0.0,0.0,0.0,0.0,0.0,0.0,0.0,0.0
0.00615,0.008749999999999999,0.0,0.0,0.0,0.0,0.0,0.0,0.0,0.0
0.00615,0.01225,35324.0,0.008434023186042796,3.1647961565341135e-5,0.03710555352796788,-6.316610604706141,166.27827216628663,254.96579699248403,4.122905589377409
0.00615,0.01575,269872.0,0.008437164811538153,3.4014866039102956e-5,0.1677121849121022,-2.6100165387376673,171.15984087767106,245.47365664736557,-0.5425230564682861
0.00615,0.01925,697543.0,0.00783546728577578,3.407911933875318e-5,-0.002768232467531844,-0.9891387319397587,171.50052676176577,242.1501718984229,-0.4852852936375003
0.00615,0.02275,1.562693e6,0.006922695904671092,3.177040257435015e-5,-0.02169574686980991,-0.5785772141939474,168.52399360422353,244.51497774301694,0.6625480511052091
0.00615,0.02625,3.319195e6,0.005893893258774041,2.9821826807362607e-5,-0.02018403749313624,-0.4402303430002716,169.21330106591117,243.72844055356737,-0.11397184366424465
0.00615,0.02975,6.49282e6,0.0048845883640207645,2.6618054360923693e-5,-0.017382072632305522,-0.3401825870943784,169.81707258418163,243.66664190468828,0.14068800080084887
0.00615,0.03325,1.0067543e7,0.004314379919550885,2.4862394760212143e-5,-0.0030991919977734293,0.2904853568867709,168.47448294103432,241.9522011031423,-0.09437659481588946
0.00615,0.03675,1.1826052e7,0.004540572109419565,2.6736551657857412e-5,-0.00038866807810682016,1.1340810607164629,168.19705535524844,242.99836304450358,-0.04187090700208184
0.00615,0.04025,1.0136461e7,0.005474855944614847,3.139107302045861e-5,0.010046847497114276,1.7822161707843625,168.89776414591182,243.89376671412026,-0.12935463745165993
0.00615,0.04375,8.474615e6,0.006756302343221106,3.630292136818838e-5,-0.004116291364585833,1.9573317118283602,169.73815027267386,248.91174587271885,-0.023039810882950016
0.00615,0.04725,6.618809e6,0.008097987404828326,4.0541311839910045e-5,0.009488980143758995,1.9295403269289173,170.28466977483646,248.31623487017055,-0.2200208414220963
0.00615,0.050749999999999997,4.875873e6,0.009330235243186425,4.387516451684069e-5,0.012053044892941806,2.119972096891686,170.88940737511996,248.1656685998467,0.2560816540862798
0.00615,0.05425,3.487257e6,0.010377343650494097,4.5615374797550325e-5,-0.0026829003419218084,2.8178595215420796,171.94025694740418,250.9005013219842,-0.17311318011154586
0.00615,0.057749999999999996,2.467035e6,0.011199402903232748,4.597323679202633e-5,0.010824618192228038,3.4319001242513334,172.00187136957044,253.76612738515075,-0.43351737821233416
0.00615,0.06125,1.343182e6,0.011710312606308206,4.657139363919388e-5,0.046357545829339805,4.5009041243095265,174.29021686758503,261.2059859205763,0.2406243724581261
0.00615,0.06475,77646.0,0.01195418658352283,4.652760718180835e-5,0.08783457546396661,8.253182793810938,168.63565915491515,266.441134755985,1.042700804796163
0.00615,0.06824999999999999,54186.0,0.012681143916320827,4.5503690387442454e-5,0.18123879040606514,2.199254496975128,99.82870468333168,176.0825285555441,1.1587332577632328
0.00615,0.07175,176121.0,0.012832776255367814,4.899200036056644e-5,0.024052780961772845,4.233315257772414,85.12751108584487,172.39156017522265,0.8962547684272743
0.00615,0.07525,359547.0,0.013406294351527214,4.9867210632378166e-5,0.05462893317895608,3.1235323307295593,73.46070627640604,130.83242015961108,-0.15515985271151334
0.00615,0.07875,516967.0,0.014107101221699269,5.250816591383427e-5,-0.0201840087782647,2.311203319403609,64.62569581494506,103.54365298061633,-0.5891770111481858
0.00615,0.08225,542087.0,0.015372498771976868,5.562492870147878e-5,-0.03388403518689905,2.0286070865628427,57.4205017463527,87.35009667262162,-0.08611306605007923
0.00615,0.08574999999999999,549073.0,0.017004153341184543,6.0944697614227064e-5,-0.02309362862633257,1.7001359025381015,51.448116242940976,78.60952052673345,0.5341577983737811
0.00615,0.08925,496119.0,0.018735379203433725,6.622190256554405e-5,-0.05855185835495431,1.7370887395035404,48.43395848979439,72.98469859076,-0.3988658804343465
0.00615,0.09275,402736.0,0.020247647746290138,6.60878221732979e-5,-0.08728028576753964,1.4856860953803503,46.29636241583725,69.16670782213912,-0.3449290893549484
0.00615,0.09625,300459.0,0.02203870761028071,7.029579837794227e-5,0.008099416240459942,1.5349731061016687,45.27852948553353,67.13242985806826,0.28622715407473737
0.00615,0.09974999999999999,229579.0,0.023634558951431357,7.697414534803367e-5,0.055022852554015365,1.8358161034957012,44.34713128310346,68.29979800609412,0.8571721738572399
0.00615,0.10325,129926.0,0.024774423153952157,7.566424305635561e-5,0.039269842810467845,1.872514857862452,44.21614836457324,64.91647042772252,-0.6270529819339031
0.00615,0.10675,16369.0,0.024426632502037613,7.098568764761338e-5,0.08888402423573713,3.3074237271915146,41.29777320875502,64.96840207467608,-0.02174188591866704
0.00615,0.11025,36.0,0.024821914618634703,0.00012449456362173035,0.9920198483232663,15.978266711269796,12.971430519868354,273.955087063135,16.20119373299252
0.00615,0.11374999999999999,76.0,0.025276580295682943,8.414995247595494e-5,0.1768506478122756,23.734385386576854,10.36888584382,585.0512428541313,5.581180877490393
0.00615,0.11725,66.0,0.025026722646988513,7.814922596265328e-5,-1.0442058190540697,27.054353117999153,6.808396750982906,757.1358401825545,-28.559374559140817
0.00615,0.12075,50.0,0.024819483549058472,9.577385999483554e-5,0.3946778104492966,29.13530452461107,6.365435389995917,885.5218026892109,12.710430988433908
0.00615,0.12425,26.0,0.025477632792428363,7.071233473346121e-5,0.12729879013701637,30.180928620161136,7.1697502454291335,929.2809084429189,3.8769077441498343
0.00615,0.12775,20.0,0.025631935946983302,3.7760178642059734e-5,0.06935686967345356,32.767747817607315,6.091850142228045,1103.2390247478427,1.728526648022735
0.00615,0.13125,14.0,0.027532103773969852,7.160301370881123e-5,-1.2766805097591436,32.68606229271285,4.565047408701629,1098.6362070121386,-46.40552565064716
0.00615,0.13475,15.0,0.027435147510164685,7.700952140240234e-5,0.3146741092997615,32.1916890447244,1.8904636455663189,1052.1265097879937,8.12274668594008
0.00615,0.13824999999999998,5.0,0.030352858669123593,0.0001543110558914397,0.6608039140805474,32.73301524273368,2.5879563010305575,1077.894373038764,20.621014087030375
0.00615,0.14175,10.0,0.02411390310164952,2.3395373064559807e-5,0.0782546948974486,32.32374471701016,2.3289439217327486,1071.3089536927932,0.07053611220403067
0.00615,0.14525,9.0,0.0275933707827871,7.51644146329293e-5,0.36037901561821367,32.028037754817824,3.342870849760779,1055.8759549069337,13.632724057742802
0.00615,0.14875,2.0,0.026737284819958212,2.885870086248607e-5,-0.8075131440935079,29.337552285799084,0.6547025658264571,861.5058527964509,-23.644236763836872
0.00615,0.15225,3.0,0.021834227508531805,1.7198792860551485e-5,-1.4169083661005397,31.12346789792697,4.398692823795857,976.9177321096804,-44.155788328601474
0.00615,0.15575,3.0,0.026030143490931624,1.3513790775340416e-5,-2.0435703985392335,30.58672286389336,5.47280379500641,938.1009364239959,-64.02388345855408
0.00615,0.15925,1.0,0.02762153705911661,0.0,-1.1200746753159352,31.033519383232875,1.2545672782840975,963.0793253094905,-34.75985914708534
0.00615,0.16275,4.0,0.021922200587493147,3.4449496756942454e-5,0.9388624924983159,31.91145236296593,2.0624842085116613,1047.5915498520737,25.915719310648207
0.00615,0.16625,1.0,0.024868632757401685,0.0,1.9194215609761824,22.605607056587885,3.684179128740245,511.013470396856,43.38968958337012
0.00615,0.16974999999999998,1.0,0.046322208729012715,0.0,1.2444008660550148,31.780526827393274,1.5485335154384707,1010.0018854266636,39.547715107692824
0.00615,0.17325,1.0,0.03649138788769793,0.0,0.511164672405783,27.389974541836793,0.26128932231571145,750.2107054024676,14.000787363880741
0.00615,0.17675,0.0,0.0,0.0,0.0,0.0,0.0,0.0,0.0
0.00615,0.18025,1.0,0.03620397366020402,0.0,2.1525588605421677,29.84823678496121,4.633509648098595,890.9172391711114,64.25008656302892
0.00615,0.18375,1.0,0.03734975458656455,0.0,-0.3681556849420929,32.990218250655545,0.13553860835518156,1088.354500225886,-12.145536396459226
0.00615,0.18725,1.0,0.0354682753964393,0.0,1.2283582723969715,32.781344639992106,1.5088640453660724,1074.6165564059393,40.267235868830426
0.00615,0.19075,0.0,0.0,0.0,0.0,0.0,0.0,0.0,0.0
0.00615,0.19425,1.0,0.02918928158298718,0.0,-0.8678016241169809,31.31585589116361,0.7530796588200699,980.6828301961267,-27.175950602965106
0.00615,0.19774999999999998,1.0,0.01770719468756277,0.0,0.47588035684778535,37.06770282200862,0.22646211403357552,1374.0145925007457,17.63979164646512
0.00615,0.20124999999999998,1.0,0.033693396304548796,0.0,1.2604427148638278,31.132520479629985,1.5887158374532966,969.2338314145804,39.24075863389854
0.00615,0.20475,0.0,0.0,0.0,0.0,0.0,0.0,0.0,0.0
0.00615,0.20825,2.0,0.028907760382379043,1.0661058036398082e-5,0.7641699870521026,37.737166191145185,2.727417908154953,1470.2272100699538,38.78172394616726
0.00615,0.21175,0.0,0.0,0.0,0.0,0.0,0.0,0.0,0.0
0.00615,0.21525,1.0,0.030249284584619708,0.0,-0.8627086620050879,36.769430173995524,0.7442662354986089,1351.9909953203326,-31.721305908097182
0.00615,0.21875,0.0,0.0,0.0,0.0,0.0,0.0,0.0,0.0
0.00615,0.22225,0.0,0.0,0.0,0.0,0.0,0.0,0.0,0.0
0.00615,0.22575,0.0,0.0,0.0,0.0,0.0,0.0,0.0,0.0
0.00615,0.22924999999999998,2.0,0.025785953533914274,2.120828303341515e-6,0.6991294516230431,41.161032654734385,4.643466003687415,1694.9090603635195,30.45580358256767
0.00615,0.23274999999999998,0.0,0.0,0.0,0.0,0.0,0.0,0.0,0.0
0.00615,0.23625,0.0,0.0,0.0,0.0,0.0,0.0,0.0,0.0
0.00615,0.23975,0.0,0.0,0.0,0.0,0.0,0.0,0.0,0.0
0.00615,0.24325,2.0,0.034459666751099176,0.00013795913189868788,0.16669805045627573,41.98347132538231,0.8560624420701048,1762.6799354734294,6.761115128109566
0.00615,0.24675,1.0,0.024679462338219833,0.0,-0.37438817210323105,35.95433422650203,0.14016650341079856,1292.714149671015,-13.460877470248732
0.00615,0.25025,0.0,0.0,0.0,0.0,0.0,0.0,0.0,0.0
0.00615,0.25375,2.0,0.0327976096992743,1.6864652008677006e-5,-0.7496309483780723,31.219558071235568,3.5913803310702423,981.5931317246996,-18.820459811796667
0.00615,0.25725,0.0,0.0,0.0,0.0,0.0,0.0,0.0,0.0
0.00615,0.26075,1.0,0.041481186346534894,0.0,0.21760496740123283,25.713896737454967,0.0473519218376916,661.2044854244972,5.595471661312556
0.00615,0.26425,0.0,0.0,0.0,0.0,0.0,0.0,0.0,0.0
0.00615,0.26775,1.0,0.03228535077521845,0.0,0.2256312108855709,29.731852768571713,0.05090944332568897,883.9830690520255,6.708433942044349
0.00615,0.27125,0.0,0.0,0.0,0.0,0.0,0.0,0.0,0.0
0.00615,0.27475,0.0,0.0,0.0,0.0,0.0,0.0,0.0,0.0
0.00615,0.27825,1.0,0.041943933431548126,0.0,-2.358562212450617,33.62444230643597,5.56281570999995,1130.603120418841,-79.30533903868574
0.00615,0.28175,1.0,0.02720479988303495,0.0,-0.3559109911460528,38.717310745299734,0.12667263361856568,1499.0301513481022,-13.779916441869348
0.00615,0.28525,0.0,0.0,0.0,0.0,0.0,0.0,0.0,0.0
0.00615,0.28875,0.0,0.0,0.0,0.0,0.0,0.0,0.0,0.0
0.00615,0.29225,0.0,0.0,0.0,0.0,0.0,0.0,0.0,0.0
0.00615,0.29575,0.0,0.0,0.0,0.0,0.0,0.0,0.0,0.0
0.00615,0.29925,0.0,0.0,0.0,0.0,0.0,0.0,0.0,0.0
0.00615,0.30275,0.0,0.0,0.0,0.0,0.0,0.0,0.0,0.0
0.00615,0.30624999999999997,0.0,0.0,0.0,0.0,0.0,0.0,0.0,0.0
0.00615,0.30974999999999997,0.0,0.0,0.0,0.0,0.0,0.0,0.0,0.0
0.00615,0.31325,2.0,0.030854739068483267,3.5797080012049963e-6,2.279395753077896,36.98761181412313,7.120869958407578,1370.8928004559266,86.63506100517512
0.00615,0.31675,0.0,0.0,0.0,0.0,0.0,0.0,0.0,0.0
0.00615,0.32025,0.0,0.0,0.0,0.0,0.0,0.0,0.0,0.0
0.00615,0.32375,0.0,0.0,0.0,0.0,0.0,0.0,0.0,0.0
0.00615,0.32725,1.0,0.016074484087970367,0.0,-0.3953211277182953,29.495702437786534,0.15627879402046474,869.9964622984464,-11.660274350549045
0.00615,0.33075,0.0,0.0,0.0,0.0,0.0,0.0,0.0,0.0
0.00615,0.33425,0.0,0.0,0.0,0.0,0.0,0.0,0.0,0.0
0.00615,0.33775,0.0,0.0,0.0,0.0,0.0,0.0,0.0,0.0
0.00615,0.34125,0.0,0.0,0.0,0.0,0.0,0.0,0.0,0.0
0.00615,0.34475,2.0,0.02734798073893735,2.186334600174974e-5,0.818583798015649,34.9593503902945,0.6835230442493815,1273.9517350652463,27.78270036648417
0.00615,0.34825,0.0,0.0,0.0,0.0,0.0,0.0,0.0,0.0
0.00645,0.00175,0.0,0.0,0.0,0.0,0.0,0.0,0.0,0.0
0.00645,0.0052499999999999995,0.0,0.0,0.0,0.0,0.0,0.0,0.0,0.0
0.00645,0.008749999999999999,0.0,0.0,0.0,0.0,0.0,0.0,0.0,0.0
0.00645,0.01225,34559.0,0.008516572073520226,3.1321760017597434e-5,-0.18566225773513387,-6.379400085349887,166.28421460306524,257.47872752667314,-1.4192677523220396
0.00645,0.01575,270519.0,0.008465524366581531,3.3803577802982016e-5,0.10408331593206052,-2.4301550755890617,171.53421375914309,244.5428287865855,-0.5151594926828191
0.00645,0.01925,700967.0,0.007885112105568358,3.458886958771365e-5,-0.028485220186786814,-0.9638969898971211,169.45861568606014,244.32168266618152,0.07307104363641778
0.00645,0.02275,1.581035e6,0.007039123035220924,3.269407198684213e-5,0.008784368791675304,-0.5315096396322065,169.25427092372735,244.51714946445034,0.6963840577426301
0.00645,0.02625,3.305859e6,0.0059853386867907725,3.0063449677177337e-5,-0.006174520146567324,-0.4444300714755847,170.18346494930634,244.67993149093863,-0.2334501487554316
0.00645,0.02975,6.390674e6,0.005037696097595694,2.727573507730648e-5,-0.026101566062764155,-0.3784830838379145,170.3944934935609,244.21656324575738,-0.05427782762079941
0.00645,0.03325,9.781148e6,0.0044919996786330066,2.559656116287661e-5,-0.00043981397289919355,0.2639986280430601,168.2560388416391,242.0021370051454,0.046092761059401355
0.00645,0.03675,1.1751487e7,0.004704858171723684,2.7305006404108123e-5,-0.009255638282208597,1.055813865097628,168.32790659802782,242.92758226926773,0.006107063325972919
0.00645,0.04025,1.0195738e7,0.005627113406672582,3.184830324273243e-5,0.017869939783299697,1.7256578108011829,168.97881038646543,244.18083788341406,-0.2043491606123423
0.00645,0.04375,8.59336e6,0.006845932999783429,3.641332748884839e-5,-0.001841836620810583,1.859242490043314,169.59424587694744,248.06884319276452,0.12379726467820835
0.00645,0.04725,6.7697e6,0.008186313143356683,4.096925593092933e-5,0.028183103866229776,1.7820614454300499,170.1446494819729,247.2015204489198,0.06907067740146049
0.00645,0.050749999999999997,5.021371e6,0.009402749736543712,4.434985513546605e-5,0.0059606793091679065,2.084436514262642,171.34263801449734,247.81408597497452,-0.31519454248374684
0.00645,0.05425,3.586091e6,0.010442832422166235,4.570594761623414e-5,-0.0023948475291227845,2.7276107954116005,172.34217862030852,253.08085861042997,0.09021254853175527
0.00645,0.057749999999999996,2.497226e6,0.011268543056482205,4.649421607925451e-5,0.019872210368973832,3.256687194634466,172.33373830047256,255.62714404532215,0.3405573100840226
0.00645,0.06125,1.354133e6,0.011751278983171158,4.7238962007189564e-5,-0.003262996615248939,4.233530582832999,172.53462295696988,258.345624085107,1.3264932566193868
0.00645,0.06475,77787.0,0.01194858411525544,4.660770759652561e-5,0.11550723971590347,8.277732728502876,164.48287814188703,267.95032926465984,2.9958572239176955
0.00645,0.06824999999999999,57799.0,0.012813290188900107,4.6298790379449893e-5,0.17141584735111354,0.8470947153397894,101.13727575766329,156.7796693826896,0.046419882449187176
0.00645,0.07175,181719.0,0.01284729022582999,4.757826613068938e-5,-0.04994268472608216,3.3724106861788044,83.79153863894567,156.17697431263588,0.7350492031956085
0.00645,0.07525,371942.0,0.01345646354114183,5.080526327773014e-5,0.05619704016447575,2.7139852589670896,72.98133933887351,124.94442436973115,-0.051772933554669685
0.00645,0.07875,527038.0,0.014175036641239317,5.224992024513402e-5,-0.025042440583675628,2.0078890545471015,63.56992654419926,99.96454809577662,-0.16869531864409232
0.00645,0.08225,555353.0,0.015378072694691948,5.5315949172511945e-5,-0.042225686585938206,1.9214886834369929,56.36033240233428,86.11566381189931,-0.21892193280790623
0.00645,0.08574999999999999,552447.0,0.017039008162739535,5.883473636037658e-5,-0.023122379278214075,1.6481153917911027,51.23128003901387,77.8221019000294,-0.3682231978489928
0.00645,0.08925,489467.0,0.018837397465266317,6.683798177181533e-5,-0.04535877357555897,1.6758732735586508,48.3581070710471,72.94214080606521,-0.29862045434839507
0.00645,0.09275,402725.0,0.020280731146769145,6.664210394582912e-5,-0.022253984928938507,1.4051478914002347,45.78449057824983,68.00995406355577,0.0029472622684655544
0.00645,0.09625,306213.0,0.022039943338278963,7.051929650831746e-5,0.0827623918281273,1.474676376794958,44.67034107294339,67.43441915055675,0.1471809695064349
0.00645,0.09974999999999999,233987.0,0.023622566760022702,7.702772499509679e-5,-0.05099953026905672,1.7657773084880175,44.956756668275524,66.3278115779707,-0.107356683235958
0.00645,0.10325,132999.0,0.02466767142581151,7.231029217664637e-5,0.07054906642425787,1.787285437811115,43.64091301184258,64.57648526187806,-0.31029105915792526
0.00645,0.10675,17154.0,0.02521450352694615,7.553635230615573e-5,-0.23077525848829192,3.4225597020988068,44.331851437951244,67.5604686753129,0.8422211472945282
0.00645,0.11025,27.0,0.024006263994435513,8.434967329237556e-5,0.24073427591039245,18.23599639425945,14.980062486644204,358.75150542200333,0.102332019305033
0.00645,0.11374999999999999,68.0,0.025963613375560128,6.190650771921965e-5,-0.0279595946529429,22.735423963766756,10.267787612269949,531.6110646840817,-1.0359313534584698
0.00645,0.11725,60.0,0.024937466826545907,7.156877985666022e-5,0.3374370764634859,27.569181102368514,10.67745964009406,780.0018752200391,6.79186703614276
0.00645,0.12075,38.0,0.026203406896765806,6.794415500707338e-5,0.2685401751970298,28.621717111370124,7.914248627725024,840.051609973707,7.455372304410235
0.00645,0.12425,37.0,0.02447721885726384,5.6819333567994745e-5,-0.4316179080994329,31.029094676432546,4.989612913127252,995.9547393127704,-14.867330675036369
0.00645,0.12775,18.0,0.023970650867668544,4.5244854075121846e-5,-0.5883246424833972,29.754216451997028,3.6501053128636336,904.105169857175,-15.60498526685656
0.00645,0.13125,7.0,0.021292593228437805,3.044479473199804e-5,0.7748258291634365,34.30334655295621,9.348324549884616,1195.2349204809414,30.477749299810874
0.00645,0.13475,19.0,0.02324792903300953,4.197260750387705e-5,0.11527201446989552,34.175528759723115,6.02583926560656,1203.5785541088399,4.6606875476456
0.00645,0.13824999999999998,6.0,0.028389517123641603,4.638843432085358e-5,0.07214515029247741,34.23844705034115,0.3176636206179407,1186.2986532949808,3.6898219023382723
0.00645,0.14175,4.0,0.026477084669643124,9.293465431152197e-6,0.40921087440754333,35.19515038643354,1.2375705421929912,1241.201663029722,13.040077417701786
0.00645,0.14525,6.0,0.026650227864692875,7.829701277282979e-5,-0.13455032412575996,31.014591010573092,3.1471617815326485,1014.7269905361728,3.213045701269985
0.00645,0.14875,2.0,0.030474643164760742,5.65497127413885e-6,1.020579999250204,32.13984186485833,3.8151610872455,1040.0473702582276,37.23199102465042
0.00645,0.15225,4.0,0.025914187720314136,1.4548102106127192e-5,-0.36248753325505517,30.11387678755932,1.6391213091661592,917.7731602615177,-14.638186330108129
0.00645,0.15575,6.0,0.02056827565338424,3.24928798779181e-5,0.5824437540578282,35.43808704583672,3.506745635995815,1291.7675259878793,13.574293373778469
0.00645,0.15925,3.0,0.02241681206913727,8.167581547169263e-5,-2.158306248330679,30.7049307675414,10.581672862565506,1038.030408828175,-84.10813462335861
0.00645,0.16275,5.0,0.02195024031559343,5.801046266895094e-6,-1.8702608664142404,29.541098745130647,11.470364559697915,895.226330397144,-47.754005259484465
0.00645,0.16625,4.0,0.030455975299019975,0.00013120125094035411,0.21504159563557068,32.80920665977421,6.332714054146984,1099.160660945713,8.77813905355822
0.00645,0.16974999999999998,1.0,0.03314693868982612,0.0,-0.5255001284563198,35.87731877818454,0.2761503850076086,1287.182002711473,-18.85353562660431
0.00645,0.17325,1.0,0.02377212949320757,0.0,2.60063540579389,35.36435766510178,6.763304513868751,1250.637793065243,91.96980064702223
0.00645,0.17675,0.0,0.0,0.0,0.0,0.0,0.0,0.0,0.0
0.00645,0.18025,1.0,0.021692263122174277,0.0,0.45007961529083856,42.495969224390706,0.20257166010034924,1805.907400320362,19.126569479925084
0.00645,0.18375,2.0,0.022926533130094316,5.810086397692612e-6,-0.5963571237544629,41.80772622210955,5.756650097038835,1748.3033127094682,-23.430982181816546
0.00645,0.18725,0.0,0.0,0.0,0.0,0.0,0.0,0.0,0.0
0.00645,0.19075,0.0,0.0,0.0,0.0,0.0,0.0,0.0,0.0
0.00645,0.19425,0.0,0.0,0.0,0.0,0.0,0.0,0.0,0.0
0.00645,0.19774999999999998,1.0,0.037038029452275224,0.0,-1.0844309159235732,37.45327973393153,1.17599041141084,1402.7481628281264,-40.61549444620917
0.00645,0.20124999999999998,2.0,0.022454970758165493,9.162558946730832e-5,-1.1703749665936756,36.03697167039241,2.154337884115387,1299.5226047478639,-42.99783899476814
0.00645,0.20475,1.0,0.013016799733027664,0.0,-1.9686017798888176,39.700503419219636,3.8753929677814205,1576.12997173947,-78.15448169355787
0.00645,0.20825,0.0,0.0,0.0,0.0,0.0,0.0,0.0,0.0
0.00645,0.21175,3.0,0.030522502732764474,2.7620515281070555e-5,-0.24957275353775205,33.15065350401941,2.2813490063316166,1099.3010976824553,-7.509133759943502
0.00645,0.21525,1.0,0.02082981133199176,0.0,0.2805061529629865,32.10641512821729,0.07868370185009436,1030.8218923854201,9.006046993048862
0.00645,0.21875,2.0,0.0263718519140749,2.9679830495770748e-5,-0.8695829833399589,30.537984862272808,5.254875333201192,938.1145648452597,-21.5603146155811
0.00645,0.22225,1.0,0.028312834418161716,0.0,0.35234100997037515,39.67026876661917,0.124144187306944,1573.7302240158,13.977462563026826
0.00645,0.22575,0.0,0.0,0.0,0.0,0.0,0.0,0.0,0.0
0.00645,0.22924999999999998,0.0,0.0,0.0,0.0,0.0,0.0,0.0,0.0
0.00645,0.23274999999999998,1.0,0.03732218242954814,0.0,1.2570428781339027,27.120157903950073,1.5801567974671658,735.5029647351856,34.09120134702731
0.00645,0.23625,1.0,0.015649833199666254,0.0,0.27636074154451307,37.55671472016985,0.07637525946703315,1410.5068205722228,10.37920153004187
0.00645,0.23975,0.0,0.0,0.0,0.0,0.0,0.0,0.0,0.0
0.00645,0.24325,0.0,0.0,0.0,0.0,0.0,0.0,0.0,0.0
0.00645,0.24675,0.0,0.0,0.0,0.0,0.0,0.0,0.0,0.0
0.00645,0.25025,0.0,0.0,0.0,0.0,0.0,0.0,0.0,0.0
0.00645,0.25375,0.0,0.0,0.0,0.0,0.0,0.0,0.0,0.0
0.00645,0.25725,1.0,0.031114877795768655,0.0,-3.1007868076735963,27.806408229626978,9.614878826642611,773.1963386326669,-86.22174380721385
0.00645,0.26075,0.0,0.0,0.0,0.0,0.0,0.0,0.0,0.0
0.00645,0.26425,1.0,0.04268490608669684,0.0,0.13819306977767568,41.82241495346725,0.019097324534577537,1749.1143925400013,5.779567907935407
0.00645,0.26775,0.0,0.0,0.0,0.0,0.0,0.0,0.0,0.0
0.00645,0.27125,0.0,0.0,0.0,0.0,0.0,0.0,0.0,0.0
0.00645,0.27475,2.0,0.026228748238936388,1.0127311630128142e-5,-0.3245061103672042,31.694697292381576,8.5055817154069,1010.7026542530984,-17.472039925692712
0.00645,0.27825,0.0,0.0,0.0,0.0,0.0,0.0,0.0,0.0
0.00645,0.28175,0.0,0.0,0.0,0.0,0.0,0.0,0.0,0.0
0.00645,0.28525,1.0,0.044517332274106494,0.0,0.9596313419669654,37.09422241034712,0.9208923124853189,1375.9813362282987,35.59677843086249
0.00645,0.28875,0.0,0.0,0.0,0.0,0.0,0.0,0.0,0.0
0.00645,0.29225,0.0,0.0,0.0,0.0,0.0,0.0,0.0,0.0
0.00645,0.29575,0.0,0.0,0.0,0.0,0.0,0.0,0.0,0.0
0.00645,0.29925,0.0,0.0,0.0,0.0,0.0,0.0,0.0,0.0
0.00645,0.30275,0.0,0.0,0.0,0.0,0.0,0.0,0.0,0.0
0.00645,0.30624999999999997,0.0,0.0,0.0,0.0,0.0,0.0,0.0,0.0
0.00645,0.30974999999999997,0.0,0.0,0.0,0.0,0.0,0.0,0.0,0.0
0.00645,0.31325,1.0,0.03644432991381362,0.0,-0.9352678334597944,39.80623274711538,0.8747259203045776,1584.5361655175209,-37.22948905959092
0.00645,0.31675,0.0,0.0,0.0,0.0,0.0,0.0,0.0,0.0
0.00645,0.32025,0.0,0.0,0.0,0.0,0.0,0.0,0.0,0.0
0.00645,0.32375,0.0,0.0,0.0,0.0,0.0,0.0,0.0,0.0
0.00645,0.32725,1.0,0.029489332390536225,0.0,2.3198502489260817,36.00930193681257,5.381705177442403,1296.6698259765335,83.53618806176908
0.00645,0.33075,0.0,0.0,0.0,0.0,0.0,0.0,0.0,0.0
0.00645,0.33425,0.0,0.0,0.0,0.0,0.0,0.0,0.0,0.0
0.00645,0.33775,1.0,0.025271816291054204,0.0,0.5987086173891311,38.39385369928727,0.35845200853600495,1474.0880018822747,22.986731064540855
0.00645,0.34125,0.0,0.0,0.0,0.0,0.0,0.0,0.0,0.0
0.00645,0.34475,0.0,0.0,0.0,0.0,0.0,0.0,0.0,0.0
0.00645,0.34825,0.0,0.0,0.0,0.0,0.0,0.0,0.0,0.0
0.00675,0.00175,0.0,0.0,0.0,0.0,0.0,0.0,0.0,0.0
0.00675,0.0052499999999999995,10.0,0.010001244526862074,4.085501869653309e-11,-11.673882323787037,-26.998649639895078,142.71707075923243,765.0967001230894,314.27122697202833
0.00675,0.008749999999999999,2.0,0.009984047316897181,2.564715413735144e-13,-9.947773587993726,-23.132302480767905,99.14040873154956,546.0390968650571,228.70331876125022
0.00675,0.01225,33852.0,0.008697024815342657,3.215037062475243e-5,0.1946491655887189,-6.748816273218442,169.42387707524466,256.0086376758622,0.07934189712564876
0.00675,0.01575,266580.0,0.008461479568973099,3.3749799880586786e-5,0.06418835138771928,-2.4775359206001224,172.6036026819529,241.72251413143886,0.16206236603856666
0.00675,0.01925,714814.0,0.007923244346653417,3.365635140135879e-5,0.01197079234349295,-0.9268868700982773,170.71853984269586,244.43422883916327,0.0972518387508571
0.00675,0.02275,1.600069e6,0.007123216917296279,3.2859802167016295e-5,0.06103614800724836,-0.47369973571100665,169.75114540830572,246.59340672539898,0.5608658537952882
0.00675,0.02625,3.299291e6,0.00611615946910088,3.0353648033698597e-5,-0.011154105516403485,-0.3954626184871793,169.6406814254475,244.34820105323863,-0.16421956873406857
0.00675,0.02975,6.254596e6,0.005208898837312191,2.803313080228003e-5,-0.01141814569817636,-0.37157305121750045,170.82997813468526,246.1128327177976,-0.4870978468362243
0.00675,0.03325,9.514848e6,0.00467095856402526,2.6602998741050945e-5,0.0023660804577733258,0.254497932282294,168.4936669420663,241.91334034895792,0.07108760952578791
0.00675,0.03675,1.1583058e7,0.004887461001249356,2.814672555302419e-5,-0.023798201631988765,1.0456009953643206,168.79789175683976,243.97056798190212,0.052206293195725784
0.00675,0.04025,1.0247288e7,0.005776153177896109,3.213594546574001e-5,-0.008285700834608618,1.6160224739251716,169.0306738527606,244.84647105499968,-0.03149010109984455
0.00675,0.04375,8.683599e6,0.006951968010695243,3.678802139221221e-5,-0.007377683610711582,1.7931003001407058,169.89018457376702,247.86604343420464,0.1801644125490981
0.00675,0.04725,6.847264e6,0.00827012932151679,4.133120807220911e-5,-0.015467817095589368,1.701873333782362,169.7687771046302,247.8211545651817,0.37386300895766666
0.00675,0.050749999999999997,5.158104e6,0.009464808057627705,4.450974796831499e-5,0.013831454356487749,2.074925886171863,171.6712375656888,248.41418118560586,0.2338838210282706
0.00675,0.05425,3.698279e6,0.010485507129777806,4.5650122920529805e-5,0.009346596424649163,2.5863619057663305,172.42913236532982,253.1691252773421,-0.2429356484936912
0.00675,0.057749999999999996,2.543587e6,0.011287213863320406,4.642605845915078e-5,-0.015171038927711576,3.009758759546282,172.38536226668245,252.96657951823371,-0.06383907428778995
0.00675,0.06125,1.359328e6,0.011799650219886817,4.6924221807371576e-5,0.038406093161739575,3.979899676932418,174.47186860619283,256.48203609816693,1.0206016216903202
0.00675,0.06475,77240.0,0.01222345549932388,4.819354628298597e-5,0.1470526633509989,8.100343834325088,161.87904388527522,268.8091224876261,0.4723386299599417
0.00675,0.06824999999999999,59182.0,0.012929236113875945,4.7151759270534354e-5,0.06872053096661845,-0.17772677699470285,101.55480131392791,152.4423907429934,-0.22627595678818277
0.00675,0.07175,184637.0,0.013015287719529103,4.738593446945708e-5,-0.06140377518508736,2.61568602702655,82.918976443436,146.90280504291957,0.2797765553667833
0.00675,0.07525,377463.0,0.01349813164556254,5.042233345572144e-5,0.05680909038823325,2.320444774718843,72.25397425317918,118.9158120186858,0.10723557236027388
0.00675,0.07875,529305.0,0.014259681034904305,5.245421694091789e-5,-0.029333968073718603,1.845036057589205,62.60564076897747,97.62301704869644,-0.3811799877734768
0.00675,0.08225,561037.0,0.01543823511579383,5.6257330368536076e-5,-0.009806474228043456,1.9239104241651355,56.32870026981881,85.78878082691313,0.05185863451218286
0.00675,0.08574999999999999,553134.0,0.017116974225234373,6.183975772626964e-5,0.08525656419250743,1.6345153318148797,51.34943015476884,77.39669865393314,0.36145027364565835
0.00675,0.08925,488107.0,0.01879995171494052,6.55023869261174e-5,-0.029366540726597588,1.5140056936340613,47.76159968061054,71.5020496131846,-0.2945743044598329
0.00675,0.09275,400360.0,0.02043542946141436,6.808003358853537e-5,-0.04202215137139373,1.4513686361836278,46.23893852431181,68.75825199957856,0.061183637857298766
0.00675,0.09625,310281.0,0.022185454100153636,7.03911997109602e-5,0.043811708934891676,1.484930996819532,44.71358299745677,66.24383899416328,-0.15930554097423458
0.00675,0.09974999999999999,235066.0,0.02359549031776724,7.667434604404753e-5,-0.013791144856102068,1.6019071973764016,44.71588752478871,67.59516764036985,-0.051584734172410406
0.00675,0.10325,131507.0,0.024755138865410708,7.215123801816194e-5,0.019396580784835478,1.8008831952805178,43.415699855120714,65.24450479939719,0.13697662348640735
0.00675,0.10675,17056.0,0.02553060780279348,7.71479513079369e-5,-0.059625186808050984,3.238172697107227,42.23407312906641,61.75579033412933,-0.9098127680118615
0.00675,0.11025,21.0,0.025629678610649877,6.103135993774438e-5,1.6973742078648593,16.26455701556334,21.176869324624754,282.2602888888896,31.97494068461745
0.00675,0.11374999999999999,53.0,0.02484917162289853,7.082348257425764e-5,-0.17486186873912807,21.31331273912901,13.191634263255555,474.7289030334782,-3.0678651308692153
0.00675,0.11725,55.0,0.025057260844203167,7.118165906257675e-5,0.005914141478547904,25.742063474300128,9.435073967779473,676.4730934617256,-0.6620000790540597
0.00675,0.12075,46.0,0.023268971256693957,4.543172716102189e-5,0.10285198526488096,28.809622077629776,6.404455330921601,854.337181292227,1.3397533209097259
0.00675,0.12425,39.0,0.025672006044674272,7.303137259345595e-5,0.3890045360770038,29.687221466780173,4.444984372946706,915.6986066408903,9.564442119135
0.00675,0.12775,23.0,0.023266611895571995,4.6067369311084695e-5,0.41552093178492294,31.119143631286065,4.806332121042651,992.3227819194776,12.966841728108568
0.00675,0.13125,13.0,0.025387284920413113,2.913572986607898e-5,0.46603058417920845,32.773070369375986,3.434429414328642,1086.6623324002198,14.395991889220104
0.00675,0.13475,12.0,0.028861110181061553,0.00014223107773199772,-0.1685627697993275,31.961259684991507,4.7981634590986975,1043.7653740441967,-8.962683945597021
0.00675,0.13824999999999998,13.0,0.028697526340629536,5.855170185383679e-5,-0.578438874429763,29.85680150275943,5.943237152277433,955.0632961533247,-22.871295148680247
0.00675,0.14175,6.0,0.021769307127208044,2.800433594065925e-5,-0.6332905334549137,33.81282232602269,1.9591861424206618,1168.7645771415905,-19.935945558587456
0.00675,0.14525,4.0,0.027885880298386862,0.00015845037632320096,-0.12420349698573727,33.16165907835708,2.371277331211369,1112.2289761665124,-5.812064720123921
0.00675,0.14875,6.0,0.029014759801739204,8.473816936055416e-5,-0.02891183693501212,31.3928753034792,6.449782558293055,1025.0241459212982,2.139744665541687
0.00675,0.15225,3.0,0.026213631142593966,2.64576689161115e-7,-2.397030148807433,28.215988004306034,10.474122403041738,829.9423367372312,-62.23677674980583
0.00675,0.15575,2.0,0.040252117090529116,0.00044039721355749854,2.1645270098929625,33.8089092573363,6.447477567048137,1143.3509301595327,73.91773841010388
0.00675,0.15925,6.0,0.026197339866362742,8.765540806365189e-5,0.48041471127189056,32.75011076067961,3.759872789431719,1081.8086773233742,16.307985742855365
0.00675,0.16275,1.0,0.024227043883580816,0.0,2.710691262914383,32.286213606692286,7.347847122840372,1042.399589056962,87.51795713624824
0.00675,0.16625,2.0,0.029514139040169595,4.74665601873409e-5,1.3421879887113781,30.66288426457157,2.424866067494932,987.5224451797274,35.72461670662567
0.00675,0.16974999999999998,0.0,0.0,0.0,0.0,0.0,0.0,0.0,0.0
0.00675,0.17325,1.0,0.035046308797630765,0.0,-0.8850405060324251,40.23167531291186,0.7832966973181311,1618.5876984835618,-35.60666227747174
0.00675,0.17675,0.0,0.0,0.0,0.0,0.0,0.0,0.0,0.0
0.00675,0.18025,0.0,0.0,0.0,0.0,0.0,0.0,0.0,0.0
0.00675,0.18375,2.0,0.025127722215320496,1.423982066150306e-6,0.8765690385875431,31.78796875252194,1.770333864981002,1010.6419572130642,27.455292709317494
0.00675,0.18725,1.0,0.01785219515664989,0.0,-1.1620583612284479,30.57063702177346,1.3503796349009458,934.5638479170261,-35.524864359231785
0.00675,0.19075,3.0,0.02383967711185346,2.5503054528111867e-5,0.5831557125526345,35.14179247931081,0.83618480728922,1240.78465272126,21.080365623430332
0.00675,0.19425,0.0,0.0,0.0,0.0,0.0,0.0,0.0,0.0
0.00675,0.19774999999999998,2.0,0.031235836457487943,6.0188187950676954e-5,1.81849848126609,39.72971003661589,3.3130118716790347,1580.1674869628037,72.35056840706858
0.00675,0.20124999999999998,1.0,0.019549446635196616,0.0,-4.502442813159848,37.98855843914604,20.271991285774767,1443.1305722844138,-171.04131192663598
0.00675,0.20475,1.0,0.04927214804857055,0.0,-0.9834657433499829,37.09303287086539,0.9672048683429345,1375.8930875591006,-36.47972714545099
0.00675,0.20825,0.0,0.0,0.0,0.0,0.0,0.0,0.0,0.0
0.00675,0.21175,0.0,0.0,0.0,0.0,0.0,0.0,0.0,0.0
0.00675,0.21525,0.0,0.0,0.0,0.0,0.0,0.0,0.0,0.0
0.00675,0.21875,0.0,0.0,0.0,0.0,0.0,0.0,0.0,0.0
0.00675,0.22225,0.0,0.0,0.0,0.0,0.0,0.0,0.0,0.0
0.00675,0.22575,3.0,0.034187158572390325,9.909965341464112e-6,-0.7115971165514028,29.581400491825498,1.6018420928514887,893.3398770157427,-22.32042386067426
0.00675,0.22924999999999998,2.0,0.029592860864800858,5.576507230353192e-7,-1.3804014552420452,38.94824462383167,1.9881130898698633,1525.31066681028,-52.93395434873881
0.00675,0.23274999999999998,0.0,0.0,0.0,0.0,0.0,0.0,0.0,0.0
0.00675,0.23625,0.0,0.0,0.0,0.0,0.0,0.0,0.0,0.0
0.00675,0.23975,0.0,0.0,0.0,0.0,0.0,0.0,0.0,0.0
0.00675,0.24325,0.0,0.0,0.0,0.0,0.0,0.0,0.0,0.0
0.00675,0.24675,0.0,0.0,0.0,0.0,0.0,0.0,0.0,0.0
0.00675,0.25025,0.0,0.0,0.0,0.0,0.0,0.0,0.0,0.0
0.00675,0.25375,0.0,0.0,0.0,0.0,0.0,0.0,0.0,0.0
0.00675,0.25725,2.0,0.026993833468933755,7.943850584974072e-6,-0.3131177745589837,30.37423788398989,1.8553510930181147,923.7545694451798,-10.938615615954248
0.00675,0.26075,0.0,0.0,0.0,0.0,0.0,0.0,0.0,0.0
0.00675,0.26425,0.0,0.0,0.0,0.0,0.0,0.0,0.0,0.0
0.00675,0.26775,1.0,0.03032252702753501,0.0,-0.8062104737539583,34.19584620692663,0.6499753279905819,1169.3558978077785,-27.569049370903816
0.00675,0.27125,1.0,0.028919038478870226,0.0,0.2053046095548863,33.801706156595756,0.042149982704484314,1142.5553390968435,6.939646084768889
0.00675,0.27475,0.0,0.0,0.0,0.0,0.0,0.0,0.0,0.0
0.00675,0.27825,0.0,0.0,0.0,0.0,0.0,0.0,0.0,0.0
0.00675,0.28175,0.0,0.0,0.0,0.0,0.0,0.0,0.0,0.0
0.00675,0.28525,0.0,0.0,0.0,0.0,0.0,0.0,0.0,0.0
0.00675,0.28875,0.0,0.0,0.0,0.0,0.0,0.0,0.0,0.0
0.00675,0.29225,0.0,0.0,0.0,0.0,0.0,0.0,0.0,0.0
0.00675,0.29575,1.0,0.03304572578229572,0.0,-0.3179636703334149,32.726747173316134,0.10110089565189653,1071.0399805461557,-10.405916649301309
0.00675,0.29925,0.0,0.0,0.0,0.0,0.0,0.0,0.0,0.0
0.00675,0.30275,2.0,0.02783487892604509,6.086683776585693e-7,0.5553523812529932,38.07444137625526,0.5260829296145868,1453.8274253301233,22.096801962980386
0.00675,0.30624999999999997,0.0,0.0,0.0,0.0,0.0,0.0,0.0,0.0
0.00675,0.30974999999999997,0.0,0.0,0.0,0.0,0.0,0.0,0.0,0.0
0.00675,0.31325,0.0,0.0,0.0,0.0,0.0,0.0,0.0,0.0
0.00675,0.31675,0.0,0.0,0.0,0.0,0.0,0.0,0.0,0.0
0.00675,0.32025,0.0,0.0,0.0,0.0,0.0,0.0,0.0,0.0
0.00675,0.32375,0.0,0.0,0.0,0.0,0.0,0.0,0.0,0.0
0.00675,0.32725,0.0,0.0,0.0,0.0,0.0,0.0,0.0,0.0
0.00675,0.33075,0.0,0.0,0.0,0.0,0.0,0.0,0.0,0.0
0.00675,0.33425,0.0,0.0,0.0,0.0,0.0,0.0,0.0,0.0
0.00675,0.33775,1.0,0.02544842251408776,0.0,-0.42118836854604746,45.51541486235151,0.1773996417984811,2071.652990091969,-19.170563329570356
0.00675,0.34125,0.0,0.0,0.0,0.0,0.0,0.0,0.0,0.0
0.00675,0.34475,0.0,0.0,0.0,0.0,0.0,0.0,0.0,0.0
0.00675,0.34825,1.0,0.031094735096971818,0.0,1.122906936988968,31.867099212216246,1.260919989137946,1015.5120122012332,35.7837867671133
0.00705,0.00175,0.0,0.0,0.0,0.0,0.0,0.0,0.0,0.0
0.00705,0.0052499999999999995,0.0,0.0,0.0,0.0,0.0,0.0,0.0,0.0
0.00705,0.008749999999999999,7.0,0.009976758705039458,1.9347959299311018e-11,-4.774068277893178,-20.483167854672182,33.32522357286097,483.4782429824911,120.61252897619805
0.00705,0.01225,34852.0,0.008707084393824324,3.303770641245281e-5,0.1551345611552946,-6.395135528513487,167.91816858958367,246.43742664993349,-2.4802664319186425
0.00705,0.01575,262732.0,0.008558237071784535,3.457240395916224e-5,0.14914521474002942,-2.2604909761756242,174.78095199362338,242.859080018041,-1.2930963130615116
0.00705,0.01925,725937.0,0.008059122509597528,3.466832245349971e-5,-0.023451756603563988,-1.0362676894612137,170.94302370050806,245.8412521122248,-0.5296192046436412
0.00705,0.02275,1.602895e6,0.007208098836137476,3.337573631703038e-5,0.017194922316759103,-0.3944134710221837,170.2677288361392,247.84381631002634,0.22821449421288786
0.00705,0.02625,3.36567e6,0.006226613051088443,3.076131278652158e-5,-0.013212225350507424,-0.26708490375495914,169.0941085973019,244.58640884894848,-0.0894247353094324
0.00705,0.02975,6.138444e6,0.005369409968696397,2.8817042819997228e-5,0.0009201679859308355,-0.29131409818822757,170.20441366508828,246.64317290135276,-0.5012069198494097
0.00705,0.03325,9.194817e6,0.004859546430900733,2.7481508743369806e-5,-0.005862939768304085,0.31914467563112936,168.30577979942564,241.44252093286784,0.32328782278518536
0.00705,0.03675,1.1318746e7,0.0050460959684901574,2.8705976587739574e-5,-0.006114341047293524,0.9543266380013614,169.46943325198083,244.4215074440456,-0.028075948553685066
0.00705,0.04025,1.0241789e7,0.00592549397597055,3.27906014751508e-5,-0.008976427598562804,1.6004482699409774,168.72959558713364,245.7974287369564,-0.15180397804278917
0.00705,0.04375,8.722427e6,0.007075212363244161,3.721107343509128e-5,0.00916219934181728,1.844569179766845,169.44033902629434,247.81782988585792,-0.06550834272645131
0.00705,0.04725,6.92271e6,0.00834173855374454,4.130773720434894e-5,-0.021491024250682868,1.746742717399378,169.64082120202795,248.28082541536577,0.28371210691746807
0.00705,0.050749999999999997,5.265192e6,0.009509736753413729,4.423112318453068e-5,0.002942758643734833,2.0664449949104524,170.79915564604485,247.55800128460888,0.5250561819853354
0.00705,0.05425,3.770044e6,0.010543141719325796,4.586134619736264e-5,-0.008401329752641072,2.461095380731642,172.17568990500897,254.3992669681758,-0.1273028018164482
0.00705,0.057749999999999996,2.576162e6,0.011313056409618603,4.6453137773025516e-5,-0.03394959979290109,2.7986142617173275,172.50193196203642,252.4026830295548,0.34240979966338797
0.00705,0.06125,1.365501e6,0.011811357598197082,4.6921734251069905e-5,0.0018467828744631464,3.801307068630886,172.5072926505666,253.3663302461087,0.1576647166200629
0.00705,0.06475,77406.0,0.012190399219575756,4.801893685009606e-5,0.04632235401596756,8.105791461417,167.16028659686432,275.29362008186973,-0.8312584295739323
0.00705,0.06824999999999999,62162.0,0.013133260259735817,4.933501559258188e-5,0.025866973975180244,-0.8377707813608563,98.63782001200117,145.59611442364834,1.2497857456576338
0.00705,0.07175,186455.0,0.013176133892601897,4.872657938827195e-5,-0.007203959913540577,1.95664864488401,81.96229058321227,136.1508962331691,0.35469404372328034
0.00705,0.07525,379749.0,0.013557362026645293,4.99397699800255e-5,0.03365748752483222,1.8636921472630668,71.44489339895624,114.29072800761357,-0.027688093583496606
0.00705,0.07875,533269.0,0.01436933681494206,5.301642704391863e-5,0.057737665534158454,1.804110291715986,62.45091187811057,95.64893770868116,0.6049548456674333
0.00705,0.08225,567678.0,0.015544776417123497,5.5351371707313854e-5,0.003841224055242117,1.75650701222128,55.68485992310195,84.6268729191501,0.18080341718789758
0.00705,0.08574999999999999,551959.0,0.017203981493077215,6.0446898469368685e-5,0.07481494264722366,1.5332084892771127,50.96699308952625,76.22667383632259,0.35763379642572746
0.00705,0.08925,500467.0,0.0188101089319558,6.422663492182657e-5,-0.05580672459675321,1.395266112357114,47.53507296003065,71.39632155014061,0.4480401807983897
0.00705,0.09275,402662.0,0.020554920537295955,6.858572274219952e-5,-0.0025121577897127922,1.4104600893655082,45.581907104065515,69.2067366670486,0.0581033162499106
0.00705,0.09625,314711.0,0.022194851410017393,7.175395160785584e-5,0.03064606440311448,1.4104726575062647,45.05128437242657,66.6443070090525,-0.07445622825038753
0.00705,0.09974999999999999,236692.0,0.023519417338003928,7.613865462148508e-5,0.09889854567214588,1.4621653246694946,44.22958124220067,66.16582010546911,0.11278568910948704
0.00705,0.10325,130427.0,0.024822690287638366,7.255902372348565e-5,0.09982119883760919,1.6092962445148606,42.94120691199589,65.63881788653694,-0.24508861040942861
0.00705,0.10675,15992.0,0.02557049000596698,7.58178460507479e-5,-0.15153358081204843,3.2633934792395247,44.22474632937556,64.70328980432416,-1.3021740681707854
0.00705,0.11025,18.0,0.024062339140152707,3.634062878033559e-5,0.7526200753571969,13.954389708701108,17.70510847564168,216.95717119262878,12.046868132375067
0.00705,0.11374999999999999,38.0,0.024871904011562293,5.8061846764301226e-5,0.02076301461911238,21.20109622257572,8.308167909967034,472.30089865921747,0.2737973964393871
0.00705,0.11725,49.0,0.023064286060925615,5.061481863062628e-5,0.19443392604583282,26.414418992384043,11.872792263969915,736.1652789963151,5.887007952774382
0.00705,0.12075,47.0,0.025209441017335146,4.845197085695385e-5,0.4093650428409164,26.56055222066287,6.01129592760275,733.5391704343342,10.084439759289195
0.00705,0.12425,29.0,0.02303730211780704,5.6461520641140586e-5,0.3940486156248939,29.664823962332534,4.934365560560176,902.8130849287503,14.802384928442395
0.00705,0.12775,18.0,0.02555909454800668,7.476940982586948e-5,-1.0485023234858548,32.3200994012874,5.347315046098021,1064.588789181024,-33.47384128417779
0.00705,0.13125,11.0,0.02852075033542301,0.0001121524203251352,-0.5628626001368221,31.805417444020403,10.996509432760902,1027.936857192856,-17.767804129384004
0.00705,0.13475,13.0,0.0252409600278816,5.2874110787312676e-5,-0.3670864082006343,30.211120343869833,3.332018547038267,928.5121905448376,-11.213495663715609
0.00705,0.13824999999999998,6.0,0.02266947466281001,4.234243220226951e-5,-0.054289270433854016,34.261791339093,0.8283981807643523,1189.7262662931687,-3.494444308299114
0.00705,0.14175,7.0,0.02649929048072656,1.560149814439738e-5,0.2471128741401334,32.64890985623873,3.6090959308187616,1147.7336895956425,13.733690568169731
0.00705,0.14525,9.0,0.02243877800788093,2.8083123667642677e-5,0.17625515876107847,30.56793654146925,10.598617905676639,967.9706025136576,13.01915145713034
0.00705,0.14875,2.0,0.020838221580533667,4.094958783918761e-7,0.22458028695760168,29.327050728858477,2.8176962314129685,911.0697754048772,-5.292834264600778
0.00705,0.15225,2.0,0.02950136368560697,4.904467783441333e-5,-0.918563630481783,35.94575935679089,0.9245624943499722,1292.2364448537028,-32.912552825639395
0.00705,0.15575,1.0,0.01560802188101946,0.0,2.3385517608762716,37.414360908929055,5.468824338297511,1399.8344022235985,87.49541958563638
0.00705,0.15925,2.0,0.02562567714378927,5.4524222672832896e-8,-2.4535947731014374,35.65120291752339,6.379855524701888,1277.4924691792316,-89.00087380068133
0.00705,0.16275,5.0,0.021490454981155052,6.551117109619039e-5,0.5312571364174731,34.98637120767248,2.9511635976994004,1246.4489657888137,17.955789498850542
0.00705,0.16625,2.0,0.026466560013935415,5.679319006887129e-6,-1.1710019143121126,33.95777535791484,2.223815766633574,1153.1852567228862,-39.54856957088874
0.00705,0.16974999999999998,4.0,0.025300498664905465,7.649497754987014e-5,1.2439192985847192,34.70818925254363,3.000372151865501,1212.9663983838905,44.97275057893549
0.00705,0.17325,4.0,0.026248310456910937,6.919684775376949e-6,-1.2843374981354403,34.84352648860721,1.6906691981092596,1229.0286789119975,-44.85427363792438
0.00705,0.17675,0.0,0.0,0.0,0.0,0.0,0.0,0.0,0.0
0.00705,0.18025,0.0,0.0,0.0,0.0,0.0,0.0,0.0,0.0
0.00705,0.18375,2.0,0.026745976486978996,1.5476298642374382e-5,-2.679928484359884,23.579408714951207,8.248516348979312,571.1095655787694,-59.17533585675629
0.00705,0.18725,2.0,0.023954296145224107,8.404110881263539e-7,-1.155724314795675,39.06887900641963,1.5438726851146423,1574.889538962303,-41.97496338216956
0.00705,0.19075,1.0,0.02521465800318016,0.0,-1.5644711657461114,32.36294969879322,2.447570028450997,1047.3605132066205,-50.6309016422538
0.00705,0.19425,2.0,0.02706607214652194,6.0944406025189495e-5,0.26643736205496404,28.348056232917777,0.07101155708958286,815.7679426526056,7.569588605801479
0.00705,0.19774999999999998,0.0,0.0,0.0,0.0,0.0,0.0,0.0,0.0
0.00705,0.20124999999999998,0.0,0.0,0.0,0.0,0.0,0.0,0.0,0.0
0.00705,0.20475,1.0,0.031141252928984616,0.0,-0.25677249838895916,28.47002364144156,0.06593211592890803,810.5422461442414,-7.310319099605683
0.00705,0.20825,0.0,0.0,0.0,0.0,0.0,0.0,0.0,0.0
0.00705,0.21175,0.0,0.0,0.0,0.0,0.0,0.0,0.0,0.0
0.00705,0.21525,2.0,0.02866271797490999,3.921687015604557e-6,-0.3341283304591355,31.374705636567832,0.5167902305453032,1083.3657270480007,-4.1501616177531595
0.00705,0.21875,1.0,0.04421578364245758,0.0,0.8912069973129232,39.495791898290705,0.7942499120595167,1559.9175776730856,35.19892610417174
0.00705,0.22225,1.0,0.029217709703995974,0.0,-1.4243911661526074,32.230492897802314,2.028890194213585,1038.8046724352855,-45.90882936437397
0.00705,0.22575,0.0,0.0,0.0,0.0,0.0,0.0,0.0,0.0
0.00705,0.22924999999999998,1.0,0.01731009337349149,0.0,1.8342031619788686,35.23868059592589,3.3643012394132796,1241.764610141684,64.63489937301067
0.00705,0.23274999999999998,0.0,0.0,0.0,0.0,0.0,0.0,0.0,0.0
0.00705,0.23625,0.0,0.0,0.0,0.0,0.0,0.0,0.0,0.0
0.00705,0.23975,0.0,0.0,0.0,0.0,0.0,0.0,0.0,0.0
0.00705,0.24325,1.0,0.02215511805949387,0.0,-0.8611903500541837,43.41362414289855,0.7416488190264474,1884.7427612208637,-37.38739417274356
0.00705,0.24675,0.0,0.0,0.0,0.0,0.0,0.0,0.0,0.0
0.00705,0.25025,0.0,0.0,0.0,0.0,0.0,0.0,0.0,0.0
0.00705,0.25375,2.0,0.03085603960002553,2.1482266975830063e-5,-1.0666775254730645,32.33177421548849,14.685293111267022,1047.4396347054258,-29.158816300317625
0.00705,0.25725,0.0,0.0,0.0,0.0,0.0,0.0,0.0,0.0
0.00705,0.26075,0.0,0.0,0.0,0.0,0.0,0.0,0.0,0.0
0.00705,0.26425,0.0,0.0,0.0,0.0,0.0,0.0,0.0,0.0
0.00705,0.26775,0.0,0.0,0.0,0.0,0.0,0.0,0.0,0.0
0.00705,0.27125,0.0,0.0,0.0,0.0,0.0,0.0,0.0,0.0
0.00705,0.27475,0.0,0.0,0.0,0.0,0.0,0.0,0.0,0.0
0.00705,0.27825,0.0,0.0,0.0,0.0,0.0,0.0,0.0,0.0
0.00705,0.28175,0.0,0.0,0.0,0.0,0.0,0.0,0.0,0.0
0.00705,0.28525,0.0,0.0,0.0,0.0,0.0,0.0,0.0,0.0
0.00705,0.28875,2.0,0.02895297672619485,5.762383268745582e-5,0.04338350593861051,29.358964120901057,1.6190617425266685,869.020131528594,4.655359300123919
0.00705,0.29225,0.0,0.0,0.0,0.0,0.0,0.0,0.0,0.0
0.00705,0.29575,0.0,0.0,0.0,0.0,0.0,0.0,0.0,0.0
0.00705,0.29925,0.0,0.0,0.0,0.0,0.0,0.0,0.0,0.0
0.00705,0.30275,1.0,0.03051839122497351,0.0,-0.08933368785497635,35.06745505686872,0.00798050778577035,1229.7264041655073,-3.132705083918722
0.00705,0.30624999999999997,0.0,0.0,0.0,0.0,0.0,0.0,0.0,0.0
0.00705,0.30974999999999997,1.0,0.027961815491582054,0.0,2.2684047557565634,34.33227410739921,5.145660135938994,1178.705045385594,77.87949386116229
0.00705,0.31325,1.0,0.024474914750548457,0.0,3.439934887447075,36.29838860577303,11.83315202987552,1317.573015375713,124.86409332311003
0.00705,0.31675,0.0,0.0,0.0,0.0,0.0,0.0,0.0,0.0
0.00705,0.32025,0.0,0.0,0.0,0.0,0.0,0.0,0.0,0.0
0.00705,0.32375,0.0,0.0,0.0,0.0,0.0,0.0,0.0,0.0
0.00705,0.32725,1.0,0.03404625149055724,0.0,-1.7475246699628497,35.31451822946918,3.0538424721287667,1247.115197779511,-61.71299181385017
0.00705,0.33075,1.0,0.03298642007440787,0.0,-1.8339912408268992,34.7200752224368,3.3635238714297895,1205.4836234516697,-63.67631383880014
0.00705,0.33425,0.0,0.0,0.0,0.0,0.0,0.0,0.0,0.0
0.00705,0.33775,0.0,0.0,0.0,0.0,0.0,0.0,0.0,0.0
0.00705,0.34125,0.0,0.0,0.0,0.0,0.0,0.0,0.0,0.0
0.00705,0.34475,0.0,0.0,0.0,0.0,0.0,0.0,0.0,0.0
0.00705,0.34825,0.0,0.0,0.0,0.0,0.0,0.0,0.0,0.0
0.00735,0.00175,0.0,0.0,0.0,0.0,0.0,0.0,0.0,0.0
0.00735,0.0052499999999999995,0.0,0.0,0.0,0.0,0.0,0.0,0.0,0.0
0.00735,0.008749999999999999,7.0,0.008528847551567218,2.751659399181089e-6,-6.916084566534189,-1.083245625756522,66.48191639970777,275.83074345410273,-12.633636256167222
0.00735,0.01225,34797.0,0.00870275168054999,3.272203204824185e-5,0.5268928714029256,-6.801622859558123,170.85757676814006,252.20798069062928,-2.9532754440046443
0.00735,0.01575,260761.0,0.00861356929768264,3.469420650962771e-5,-0.03923394096252065,-2.2628217334192224,172.99738057252108,243.85762812943082,0.014308206174568634
0.00735,0.01925,730725.0,0.008027752393040441,3.3665589648370465e-5,-0.035755633638102566,-0.9077141971156312,171.47542680349605,244.9110170847566,0.4250251341452071
0.00735,0.02275,1.596582e6,0.007267733430574628,3.3128791865015276e-5,0.007407250372011813,-0.32366656935577126,170.17085027481522,247.3997323380476,-0.18455948649157922
0.00735,0.02625,3.408011e6,0.006336968019915761,3.1299230615972024e-5,-0.021039561380476086,-0.2688919269476333,168.57601702199452,245.34790481879998,0.029266490180092475
0.00735,0.02975,6.062862e6,0.005529429012210208,2.945085964135282e-5,0.004633749082589296,-0.19324413602167212,169.6510838925269,245.9430188179162,-0.5521627908178334
0.00735,0.03325,8.895034e6,0.005041131894602429,2.8053079618346154e-5,-0.008207566491564112,0.37301584796645526,168.31900379625438,242.615354742387,0.20111496235233287
0.00735,0.03675,1.0953348e7,0.005205077752329908,2.9190651696638484e-5,-0.016077243996171022,0.8648283920215488,169.69886951666197,244.21641863382993,-0.1865000974338452
0.00735,0.04025,1.0245797e7,0.0060616753053764575,3.3262032247105886e-5,0.006072993720517541,1.5903136687617596,168.99788159413413,247.10694272724194,-0.03496404790618612
0.00735,0.04375,8.749246e6,0.007186669047260143,3.7588496610287655e-5,-0.002039115493248246,1.8069922151556053,169.4076146036556,248.2097772262468,-0.045758504540802505
0.00735,0.04725,6.897383e6,0.00841318306442626,4.145427697716634e-5,-0.010602328760205098,1.7686168598767558,169.69586093763027,246.72195682526134,-0.024427943750288512
0.00735,0.050749999999999997,5.331417e6,0.00958997062638708,4.476550045922e-5,6.989427308300284e-5,1.976000178966419,169.3321768264462,246.9341268902661,-0.1285310007295642
0.00735,0.05425,3.814459e6,0.010596340988923782,4.599279388269804e-5,-0.034609560698738745,2.27377976271052,172.1916843416063,251.58124801342885,-0.34640540342124887
0.00735,0.057749999999999996,2.593222e6,0.011349332883920649,4.597729954255113e-5,-0.0027919812865819273,2.6687358395459975,172.1687840294154,252.22944577781743,0.6469180968190521
0.00735,0.06125,1.354264e6,0.01183855067983464,4.645886712414461e-5,0.02649729191093209,3.7017839739847846,172.3222799449252,252.64284955703883,0.309567140785872
0.00735,0.06475,77515.0,0.012225274574330123,4.7404514019526056e-5,0.0884066178172049,7.816788636577723,163.71061332062325,262.19254789050217,0.3572409676353897
0.00735,0.06824999999999999,63042.0,0.013336013651195504,4.843523825009669e-5,-0.0070149881558559,-1.3695027402293416,97.43367094810843,136.9195275934953,2.033546883998431
0.00735,0.07175,191630.0,0.013278618397264038,4.868484818883818e-5,-0.08131754237649154,1.2807175160512232,81.909907564375,128.5690750391794,0.1745415562833355
0.00735,0.07525,381228.0,0.013586661372417434,5.0029156753583656e-5,0.042065898414416596,1.5420322908021824,70.60748921087534,109.9690461565888,0.20891432995757073
0.00735,0.07875,537358.0,0.014473122025302251,5.308017651262929e-5,0.04181837933117968,1.7287650987037926,62.10978984236876,93.21223605099627,-0.09464855172398447
0.00735,0.08225,571564.0,0.015649811699562765,5.6730359213362066e-5,-0.036316745976891066,1.6246954329724383,55.485288935754745,83.94868735727323,-0.6001624089966323
0.00735,0.08574999999999999,551319.0,0.017283274442496402,6.056379855800108e-5,0.043443927325510535,1.4245732571741838,50.545120536848536,75.85175249310007,-0.1317448854740651
0.00735,0.08925,497050.0,0.01892590352785888,6.63448538870396e-5,-0.046509327355212814,1.3961278565392001,47.968263624025,70.89925655725328,0.49132910388512385
0.00735,0.09275,399476.0,0.02056654522003976,6.833830370047506e-5,-0.03204200806030838,1.3830410082408091,45.344255307664156,68.14657264349451,-0.019659217585261745
0.00735,0.09625,314540.0,0.022247361265267347,7.230769243079509e-5,-0.0687634140386874,1.4322858921692374,44.16912604084347,67.12815100385342,-0.1633946437087889
0.00735,0.09974999999999999,231468.0,0.023539779210723675,7.70863541524088e-5,-0.018177944580575117,1.4332837594662737,44.043469486141824,64.8564159977943,-0.1712287919046573
0.00735,0.10325,129968.0,0.02471625435406509,7.274081691391982e-5,-0.0066297118654048,1.7059043508272913,43.09583532965597,64.80318395757654,0.09104126981829508
0.00735,0.10675,15171.0,0.02558647761167215,7.18968643911684e-5,0.05590618074725923,2.9733647576245663,41.54256435971486,58.88161176686035,-0.29809811082607296
0.00735,0.11025,10.0,0.020508413548276448,1.681723870366786e-5,-0.6718010204916867,17.234055690476367,8.88221586761297,315.2331616520062,-5.907236190545273
0.00735,0.11374999999999999,40.0,0.024327555938270285,9.044764428392979e-5,0.9270605927369382,21.346798058381264,9.100710691997174,484.43163746754146,20.519346444121666
0.00735,0.11725,47.0,0.023440924140361634,6.173298531311547e-5,0.24106650417748643,25.63481048276569,9.317279425030899,685.9015967103486,9.92323337872718
0.00735,0.12075,34.0,0.025467689706833548,6.423139227947202e-5,0.1801414795090981,27.58087971767217,5.1720661134826535,784.3352990594784,2.348243359363286
0.00735,0.12425,25.0,0.025091581120669948,6.227461236456754e-5,-0.12683207101987382,29.280533891694542,6.316262247807853,864.3068317175698,-4.57242819366813
0.00735,0.12775,19.0,0.024963795858240913,6.740064702103023e-5,-0.41688223501925853,30.98118403252058,3.9400190509870066,987.0808207070311,-16.182269217527622
0.00735,0.13125,15.0,0.02679014268311533,4.871302764973564e-5,-0.1824003419275212,29.780397287613514,3.2454256797773433,920.457521024663,-4.499450544771114
0.00735,0.13475,10.0,0.024122474221922277,3.800763261582567e-5,-0.8339251195050416,32.66468155232554,3.8667095396710898,1081.514975853818,-24.130820804051112
0.00735,0.13824999999999998,10.0,0.02508229679327311,5.21056391932596e-5,0.4378568132332543,30.896665333074125,4.726914370146647,982.8130171017135,13.608718390304658
0.00735,0.14175,4.0,0.0196295325682231,9.945456529315788e-6,0.25470726356216455,28.68366209116373,1.499879203509098,841.349136589682,6.6767004857498
0.00735,0.14525,8.0,0.02277976482064177,2.511616885282508e-5,0.6425095708412395,35.7814231842472,1.7384374582095234,1306.563563338702,23.740102696410943
0.00735,0.14875,5.0,0.027704746343301306,5.248867942127862e-5,-0.24432165701344133,33.520078761985104,0.6902267115493385,1155.5552343629333,-7.475106890461055
0.00735,0.15225,7.0,0.02143939191652647,1.674893698238837e-5,0.19622358366939208,32.85432332560058,4.449209278951063,1112.9785324252307,8.47915199315829
0.00735,0.15575,1.0,0.018388977244347817,0.0,-1.5343522208962965,32.576092754110235,2.3542367377693973,1061.2018191243933,-49.98320026539279
0.00735,0.15925,5.0,0.03267106617801196,5.430906910883e-5,0.319391230365238,34.61682869973101,3.242728961155965,1203.2532180999567,8.84527022339709
0.00735,0.16275,5.0,0.02838644628948853,4.1324175454394346e-5,0.15070221551804316,31.673779022324336,0.9961704188275124,1025.8241405116964,6.619417003034943
0.00735,0.16625,0.0,0.0,0.0,0.0,0.0,0.0,0.0,0.0
0.00735,0.16974999999999998,1.0,0.031278366819428166,0.0,2.9142362509243314,49.1376441321608,8.492772926201502,2414.5080708588766,143.19870381496227
0.00735,0.17325,1.0,0.03498386133134393,0.0,-3.278721956192019,31.9241896902753,10.75001766601562,1019.1538873806796,-104.6705416711445
0.00735,0.17675,2.0,0.023895707321017375,6.403667062731954e-6,-0.36478874825147134,32.302252294448884,1.5996081943690585,1110.271440067595,-1.883124525434468
0.00735,0.18025,1.0,0.03132383355518277,0.0,-0.08315585628470197,32.941551173747676,0.006914896434442009,1085.145793732637,-2.739282895199317
0.00735,0.18375,2.0,0.027351681347152004,1.9094295658919438e-6,-0.3819260151099446,34.8608566724523,2.2902340879628005,1243.7870211745465,-21.13289617561518
0.00735,0.18725,0.0,0.0,0.0,0.0,0.0,0.0,0.0,0.0
0.00735,0.19075,2.0,0.0237786973678108,9.35341074829514e-5,0.38941547978177277,33.10778993187289,0.22237995507910516,1100.2568806370914,12.352114482907943
0.00735,0.19425,0.0,0.0,0.0,0.0,0.0,0.0,0.0,0.0
0.00735,0.19774999999999998,0.0,0.0,0.0,0.0,0.0,0.0,0.0,0.0
0.00735,0.20124999999999998,0.0,0.0,0.0,0.0,0.0,0.0,0.0,0.0
0.00735,0.20475,0.0,0.0,0.0,0.0,0.0,0.0,0.0,0.0
0.00735,0.20825,1.0,0.01700277131655603,0.0,0.09186409742066604,40.46247106920502,0.00843901239491362,1637.2115650262535,3.7170483841823314
0.00735,0.21175,0.0,0.0,0.0,0.0,0.0,0.0,0.0,0.0
0.00735,0.21525,1.0,0.0317537786977061,0.0,1.055827877643528,39.12603635422156,1.1147725072092365,1530.8467207918673,41.31035992448127
0.00735,0.21875,1.0,0.026161630478345525,0.0,0.061721278409093985,31.81938178100958,0.0038095162084528914,1012.4730569256443,1.9639329217109451
0.00735,0.22225,3.0,0.03137654507004133,6.427530255166399e-6,0.43483615403802856,28.562428234444525,6.351611448586315,841.4132910278483,7.188361273804198
0.00735,0.22575,0.0,0.0,0.0,0.0,0.0,0.0,0.0,0.0
0.00735,0.22924999999999998,1.0,0.024287917068705176,0.0,-0.03442621389054647,30.6720346649726,0.0011851642028376545,940.7737104892808,-1.0559220258346025
0.00735,0.23274999999999998,0.0,0.0,0.0,0.0,0.0,0.0,0.0,0.0
0.00735,0.23625,0.0,0.0,0.0,0.0,0.0,0.0,0.0,0.0
0.00735,0.23975,0.0,0.0,0.0,0.0,0.0,0.0,0.0,0.0
0.00735,0.24325,0.0,0.0,0.0,0.0,0.0,0.0,0.0,0.0
0.00735,0.24675,0.0,0.0,0.0,0.0,0.0,0.0,0.0,0.0
0.00735,0.25025,0.0,0.0,0.0,0.0,0.0,0.0,0.0,0.0
0.00735,0.25375,0.0,0.0,0.0,0.0,0.0,0.0,0.0,0.0
0.00735,0.25725,0.0,0.0,0.0,0.0,0.0,0.0,0.0,0.0
0.00735,0.26075,1.0,0.034033172442556534,0.0,3.1695040913011816,28.16401666531298,10.045756184774929,793.2118347240273,89.26596604818415
0.00735,0.26425,0.0,0.0,0.0,0.0,0.0,0.0,0.0,0.0
0.00735,0.26775,1.0,0.02682022165897329,0.0,-2.9031556564294485,40.112089775955326,8.428312765458301,1608.9797461942999,-116.45164032427056
0.00735,0.27125,1.0,0.04745702237631001,0.0,0.0028732146168502413,32.20299268807722,8.25536223448188e-6,1037.0327380683548,0.0925261092977049
0.00735,0.27475,0.0,0.0,0.0,0.0,0.0,0.0,0.0,0.0
0.00735,0.27825,0.0,0.0,0.0,0.0,0.0,0.0,0.0,0.0
0.00735,0.28175,0.0,0.0,0.0,0.0,0.0,0.0,0.0,0.0
0.00735,0.28525,1.0,0.03414247867071613,0.0,-0.02299360604886509,35.296312194129875,0.0005287059191304052,1245.8296545054814,-0.8115894975695753
0.00735,0.28875,0.0,0.0,0.0,0.0,0.0,0.0,0.0,0.0
0.00735,0.29225,0.0,0.0,0.0,0.0,0.0,0.0,0.0,0.0
0.00735,0.29575,1.0,0.026249614847380708,0.0,-2.420862607330306,31.06794563169339,5.860575763570088,965.2172457738565,-75.21122786633745
0.00735,0.29925,1.0,0.03638049772881713,0.0,3.7770075163212375,28.0028236898054,14.265785778347123,784.1581346023265,105.7668755546134
0.00735,0.30275,0.0,0.0,0.0,0.0,0.0,0.0,0.0,0.0
0.00735,0.30624999999999997,0.0,0.0,0.0,0.0,0.0,0.0,0.0,0.0
0.00735,0.30974999999999997,0.0,0.0,0.0,0.0,0.0,0.0,0.0,0.0
0.00735,0.31325,1.0,0.03802959930994767,0.0,1.7451449043875609,29.540547026173467,3.045530737309869,872.6439186055661,51.55253511554774
0.00735,0.31675,0.0,0.0,0.0,0.0,0.0,0.0,0.0,0.0
0.00735,0.32025,1.0,0.027319708394644152,0.0,-0.6944123589672085,39.03912297490226,0.4822085242864033,1524.0531226495416,-27.109249477012828
0.00735,0.32375,0.0,0.0,0.0,0.0,0.0,0.0,0.0,0.0
0.00735,0.32725,0.0,0.0,0.0,0.0,0.0,0.0,0.0,0.0
0.00735,0.33075,0.0,0.0,0.0,0.0,0.0,0.0,0.0,0.0
0.00735,0.33425,0.0,0.0,0.0,0.0,0.0,0.0,0.0,0.0
0.00735,0.33775,0.0,0.0,0.0,0.0,0.0,0.0,0.0,0.0
0.00735,0.34125,0.0,0.0,0.0,0.0,0.0,0.0,0.0,0.0
0.00735,0.34475,0.0,0.0,0.0,0.0,0.0,0.0,0.0,0.0
0.00735,0.34825,0.0,0.0,0.0,0.0,0.0,0.0,0.0,0.0
0.00765,0.00175,0.0,0.0,0.0,0.0,0.0,0.0,0.0,0.0
0.00765,0.0052499999999999995,0.0,0.0,0.0,0.0,0.0,0.0,0.0,0.0
0.00765,0.008749999999999999,59.0,0.008521927934477438,2.3843935278128826e-6,-4.493294360619072,7.358840367771267,98.31257069116532,176.52806018597497,-38.57149657110223
0.00765,0.01225,32020.0,0.008806893468590657,3.405467068348694e-5,0.0724014152003459,-6.85431242526941,166.2737875419457,253.76101727572492,0.1671371612403652
0.00765,0.01575,256375.0,0.008637404365574714,3.402257216639766e-5,-0.17723700037965195,-2.04325405075686,172.493183155284,241.5501504179947,-0.9575370600537426
0.00765,0.01925,725252.0,0.008085212496047777,3.353165286193638e-5,-0.09337917636192462,-0.8485101303750064,170.92004627089378,244.3494977635103,-0.5474069808023521
0.00765,0.02275,1.600765e6,0.0073549761941172605,3.343451270276193e-5,0.002061045799082205,-0.318071602941503,170.54326976283687,246.39342926882367,0.16969078403384272
0.00765,0.02625,3.457498e6,0.006454200154033166,3.15883251925437e-5,0.004616062352455411,-0.17099886516691867,167.81338799438703,246.73356806101523,0.1415948897569585
0.00765,0.02975,6.020981e6,0.005684436523785858,2.9868140556551217e-5,0.0035714412153608874,-0.16677952494868256,169.82651721029293,246.3552662069155,-0.3659526703049879
0.00765,0.03325,8.702993e6,0.0052388879913735946,2.9127695228503874e-5,-0.018433198119083175,0.3256762541613022,168.5834386890535,243.8743774282084,0.3896856169564161
0.00765,0.03675,1.0599576e7,0.005387624610700167,3.0105171515036844e-5,-0.023876263105798542,0.7769983654065461,169.90849789711268,243.4967372890475,0.3976281344548509
0.00765,0.04025,1.0145192e7,0.0061928100486196395,3.3813023219848376e-5,0.0011598785837931948,1.518067734290388,168.96977962909938,246.5446286138974,-0.11957108454309805
0.00765,0.04375,8.729409e6,0.007303593035067152,3.804185440234489e-5,0.000763423232851741,1.724905151812126,169.63954802059433,247.91043773678706,-0.23985071781064884
0.00765,0.04725,6.932283e6,0.008513085977310248,4.1774108387951375e-5,0.018569809714185998,1.8397299117726784,169.43402142036518,246.8977988933228,-0.06646981711309083
0.00765,0.050749999999999997,5.406031e6,0.00965645742060389,4.4798078823587726e-5,0.005660926872380852,1.9767660239415223,169.92049481924485,247.073885160128,-0.10312977441360699
0.00765,0.05425,3.865153e6,0.010652427099735566,4.58642642046139e-5,-0.022630437438299143,2.221272429685518,171.912466439491,249.43039661421932,0.21760586490050002
0.00765,0.057749999999999996,2.601102e6,0.011416969106532091,4.63362252656721e-5,0.04766231637812914,2.602053048750623,171.6165487121233,253.587706066844,0.12011062075124679
0.00765,0.06125,1.350904e6,0.011894027139160835,4.606096747532587e-5,0.020636230231202094,3.6465931870337216,172.77837372022947,253.12986228832813,0.07163984511074616
0.00765,0.06475,79305.0,0.012324580222568897,4.7571711532782606e-5,-0.013776052789290701,7.498559711812459,162.6694293246843,262.5635449255905,1.2452824368474995
0.00765,0.06824999999999999,68158.0,0.013292133684912385,4.5971739664123296e-5,0.07997086446848796,-2.0317743198305873,96.19747321539002,136.2861341766806,1.4010421965586604
0.00765,0.07175,194643.0,0.013413757769283826,5.079852913797936e-5,0.028340320383493867,0.7482036636069533,80.23580409496063,122.71615599798582,0.11000839104769927
0.00765,0.07525,383725.0,0.013797453336853227,5.2250954497306066e-5,0.0064822098235984916,1.2084953250055679,69.26005190809342,106.16289344903626,0.2653295450057865
0.00765,0.07875,539017.0,0.014557574446678555,5.3484653442086734e-5,0.030951210473807923,1.5834895904123605,61.71666936638535,92.96959457305942,0.3283863506616191
0.00765,0.08225,565354.0,0.015727369244202184,5.703406964846828e-5,0.006696328662555262,1.5239211223582192,54.92741186871614,83.28815834255569,-0.2415451299602129
0.00765,0.08574999999999999,554530.0,0.017356525531276635,6.0688606560346545e-5,0.010014553941104393,1.2970156979827543,49.92121417511977,74.49010157046192,0.13839882206550838
0.00765,0.08925,486591.0,0.019000593439609234,6.764540644469934e-5,-0.005290917624148466,1.3591482537810837,47.81990309640058,70.70190232399838,0.04582051068600745
0.00765,0.09275,388322.0,0.020653018081320234,6.873878505933907e-5,0.048313999372692026,1.423168178867723,44.876009491967196,68.06360311304896,-0.2707451965879677
0.00765,0.09625,313762.0,0.02230997437631661,7.101568031840378e-5,-0.07986494560320566,1.4894373434172048,44.220591472547675,67.26989653046365,-0.3060786538274401
0.00765,0.09974999999999999,227624.0,0.023643087373188792,7.404196869579906e-5,-0.020627025308725417,1.29677525477503,44.176749991934706,64.74214811552532,-0.21475313751973119
0.00765,0.10325,125365.0,0.02479837231058176,7.325337927236364e-5,0.011404919501823532,1.5887484048063338,42.06912269496536,64.11986821061689,0.07622333021396886
0.00765,0.10675,14764.0,0.025467034581491636,7.47375369529802e-5,0.19935273142336418,3.1582222953199346,41.100478815861464,60.97777337637419,0.09237938572806398
0.00765,0.11025,1.0,0.029354413706571526,0.0,3.6232285378910123,12.988170060791848,13.127785037787843,168.6925615280497,47.05910841924267
0.00765,0.11374999999999999,33.0,0.025641122366189262,0.00013700511429711837,0.14955361373007306,19.77676994237483,9.041851526402684,415.1613300738943,0.5464730525005965
0.00765,0.11725,34.0,0.02480452566837712,9.037842937166062e-5,0.3447651621546035,23.91698722451588,10.18643006065638,594.9891267490511,5.360809808592366
0.00765,0.12075,32.0,0.022716502883204093,2.2677295991782208e-5,0.3638791654737993,27.94487209086605,7.967123267520037,807.2974942019426,9.53636601072707
0.00765,0.12425,33.0,0.023266392692326797,5.52879796211406e-5,-0.023945584143360038,30.772260739334435,5.058985614638918,969.7822748775448,-1.1046051222638251
0.00765,0.12775,31.0,0.02831136906139698,7.672094945417129e-5,0.30640608803977976,27.96636741198895,4.732352627067484,810.8454118313045,5.832908714246149
0.00765,0.13125,7.0,0.025771611221216226,1.915916134341981e-5,-0.7176596277907434,29.838082851300726,3.7238076542734477,893.4106258149126,-20.843498114299674
0.00765,0.13475,9.0,0.02452547644086448,3.945473791426163e-5,0.8616343354712181,31.169934334508884,5.712280116324135,992.7078849054193,22.335166289797183
0.00765,0.13824999999999998,12.0,0.023784829789197454,4.0273978252881016e-5,-0.38606440974610445,31.619281802661934,3.621600591039799,1041.2277045697494,-11.141415437744978
0.00765,0.14175,6.0,0.02071507463297256,7.078577169762547e-6,0.8771908064878395,31.68538133218951,3.121406758153502,1015.5693571292763,28.41021528900488
0.00765,0.14525,12.0,0.025723755336711007,3.986791826141001e-5,0.23044765721186533,31.94319758286765,2.7434383426302946,1031.8373999892451,8.588903485455468
0.00765,0.14875,2.0,0.031119878680068533,1.5418302308040536e-5,0.24425292369475005,30.254216196965253,0.09040788570779042,923.2045929709136,7.882136287102425
0.00765,0.15225,6.0,0.023932212316935042,4.5938312789739455e-5,0.25957176501741624,31.362340080889886,0.9310605791771727,991.7313546185751,7.339142496419402
0.00765,0.15575,5.0,0.027318165237912764,4.049118600963732e-5,0.37154304027052887,32.22123127754676,3.652611420787485,1085.4064380556306,4.945796887722679
0.00765,0.15925,3.0,0.018559287243704155,2.097047879416005e-6,-1.2743652875840181,30.31160540945774,5.345475010446435,963.5898220705093,-26.14039775385009
0.00765,0.16275,3.0,0.03288274615930981,0.00010203419929260535,0.4614164705226289,30.359311888939946,5.295656525577637,943.3350832825786,4.675670876209516
0.00765,0.16625,1.0,0.0351629600600075,0.0,1.702495961141226,24.242426571641797,2.898492497702187,587.6952460814442,41.2726333264829
0.00765,0.16974999999999998,1.0,0.03315857160427408,0.0,1.3333226149152575,31.118994827024157,1.77774919544446,968.3918390443562,41.49165955630222
0.00765,0.17325,1.0,0.016790274405431075,0.0,1.499417955496127,23.581599070195555,2.248254205264186,556.0918147074478,35.358673065161994
0.00765,0.17675,0.0,0.0,0.0,0.0,0.0,0.0,0.0,0.0
0.00765,0.18025,1.0,0.029551636455135154,0.0,1.0643855197131427,27.22752812811477,1.1329165345750167,741.338287967281,28.98058667714765
0.00765,0.18375,0.0,0.0,0.0,0.0,0.0,0.0,0.0,0.0
0.00765,0.18725,0.0,0.0,0.0,0.0,0.0,0.0,0.0,0.0
0.00765,0.19075,2.0,0.03558287919066703,0.00012198857345732032,3.3673665809878823,36.56094837599292,15.121233197388808,1340.3557550105616,126.83099599688205
0.00765,0.19425,2.0,0.02165095631641526,1.6300765855357322e-5,0.015747956143605912,29.21861193324671,0.9287760903093463,857.78735196196,-1.4814864723285197
0.00765,0.19774999999999998,1.0,0.016259201058353042,0.0,-0.4381229048047755,25.331988510492902,0.19195167971457439,641.7096418957444,-11.098524390698348
0.00765,0.20124999999999998,1.0,0.028337332971260686,0.0,-0.18441030051625354,34.32948595427633,0.03400715893649494,1178.5136058848557,-6.330710821396603
0.00765,0.20475,0.0,0.0,0.0,0.0,0.0,0.0,0.0,0.0
0.00765,0.20825,0.0,0.0,0.0,0.0,0.0,0.0,0.0,0.0
0.00765,0.21175,0.0,0.0,0.0,0.0,0.0,0.0,0.0,0.0
0.00765,0.21525,1.0,0.03835515521530495,0.0,1.885297720743771,30.589716498352594,3.5543474958416583,935.7307554495849,57.67072279254228
0.00765,0.21875,1.0,0.03165765633678427,0.0,-0.005265245091487209,39.47037236057315,2.772280587343015e-5,1557.910294282297,-0.2078211843306802
0.00765,0.22225,0.0,0.0,0.0,0.0,0.0,0.0,0.0,0.0
0.00765,0.22575,1.0,0.042655892456504946,0.0,2.066850007271623,24.90376718406309,4.271868952558708,620.1976199580175,51.4723513854716
0.00765,0.22924999999999998,0.0,0.0,0.0,0.0,0.0,0.0,0.0,0.0
0.00765,0.23274999999999998,0.0,0.0,0.0,0.0,0.0,0.0,0.0,0.0
0.00765,0.23625,0.0,0.0,0.0,0.0,0.0,0.0,0.0,0.0
0.00765,0.23975,0.0,0.0,0.0,0.0,0.0,0.0,0.0,0.0
0.00765,0.24325,0.0,0.0,0.0,0.0,0.0,0.0,0.0,0.0
0.00765,0.24675,1.0,0.01921503018962627,0.0,-0.6747071762433875,43.3894443647651,0.45522977367432554,1882.6438822830457,-29.27516948612022
0.00765,0.25025,0.0,0.0,0.0,0.0,0.0,0.0,0.0,0.0
0.00765,0.25375,0.0,0.0,0.0,0.0,0.0,0.0,0.0,0.0
0.00765,0.25725,1.0,0.03230043773723202,0.0,0.42613818225360717,30.02630144732862,0.18159375037440853,901.5787786058488,12.795353518563472
0.00765,0.26075,0.0,0.0,0.0,0.0,0.0,0.0,0.0,0.0
0.00765,0.26425,1.0,0.02882085885159119,0.0,0.6946489870526739,35.26436964022501,0.48253721521330584,1243.5757661224236,24.496358649633372
0.00765,0.26775,0.0,0.0,0.0,0.0,0.0,0.0,0.0,0.0
0.00765,0.27125,0.0,0.0,0.0,0.0,0.0,0.0,0.0,0.0
0.00765,0.27475,0.0,0.0,0.0,0.0,0.0,0.0,0.0,0.0
0.00765,0.27825,1.0,0.017615398312369124,0.0,0.5009841991073144,39.54094495902384,0.25098516775519725,1563.4863282525528,19.809388642242958
0.00765,0.28175,2.0,0.0370222133938978,3.3088152762714925e-5,-2.917800508256986,33.6133250463194,18.994165298722002,1155.2588064537579,-81.76009091274562
0.00765,0.28525,0.0,0.0,0.0,0.0,0.0,0.0,0.0,0.0
0.00765,0.28875,1.0,0.028238640696569527,0.0,-0.6146704213834518,28.674941972488824,0.37781972692371024,822.2522971256012,-17.625638665375735
0.00765,0.29225,3.0,0.03044180189879632,1.9386148486334773e-5,-1.7082004933303394,27.976199336274185,4.146522135353658,788.5986930640379,-49.358277690339435
0.00765,0.29575,0.0,0.0,0.0,0.0,0.0,0.0,0.0,0.0
0.00765,0.29925,0.0,0.0,0.0,0.0,0.0,0.0,0.0,0.0
0.00765,0.30275,0.0,0.0,0.0,0.0,0.0,0.0,0.0,0.0
0.00765,0.30624999999999997,1.0,0.03800949889499685,0.0,-3.5384455749531836,28.684874951785126,12.520597086905767,822.8220509995498,-101.4998688412295
0.00765,0.30974999999999997,0.0,0.0,0.0,0.0,0.0,0.0,0.0,0.0
0.00765,0.31325,0.0,0.0,0.0,0.0,0.0,0.0,0.0,0.0
0.00765,0.31675,1.0,0.03431858785207419,0.0,0.3154996972031189,35.981671322793055,0.0995400589352597,1294.6806711815082,11.352206407203354
0.00765,0.32025,0.0,0.0,0.0,0.0,0.0,0.0,0.0,0.0
0.00765,0.32375,0.0,0.0,0.0,0.0,0.0,0.0,0.0,0.0
0.00765,0.32725,0.0,0.0,0.0,0.0,0.0,0.0,0.0,0.0
0.00765,0.33075,0.0,0.0,0.0,0.0,0.0,0.0,0.0,0.0
0.00765,0.33425,0.0,0.0,0.0,0.0,0.0,0.0,0.0,0.0
0.00765,0.33775,0.0,0.0,0.0,0.0,0.0,0.0,0.0,0.0
0.00765,0.34125,0.0,0.0,0.0,0.0,0.0,0.0,0.0,0.0
0.00765,0.34475,0.0,0.0,0.0,0.0,0.0,0.0,0.0,0.0
0.00765,0.34825,0.0,0.0,0.0,0.0,0.0,0.0,0.0,0.0
0.00795,0.00175,0.0,0.0,0.0,0.0,0.0,0.0,0.0,0.0
0.00795,0.0052499999999999995,0.0,0.0,0.0,0.0,0.0,0.0,0.0,0.0
0.00795,0.008749999999999999,48.0,0.009014316385001362,2.0014161812741525e-6,-6.760378343982802,-1.3172299525806999,89.8571646137139,75.92091348349805,8.975754067947015
0.00795,0.01225,30545.0,0.008983549254610016,3.730568126527904e-5,0.4835040695884525,-6.8410421253886184,179.71767775908782,251.55754490678703,-4.412623723647189
0.00795,0.01575,251430.0,0.008666230535159768,3.3758518434613535e-5,-0.16172360185605802,-2.0187148317710535,172.05923697779667,241.23816817742247,0.6383422372823536
0.00795,0.01925,728978.0,0.008167223626400736,3.40870690948454e-5,-0.048489392486658116,-0.9132748510821432,171.30055196668525,247.90266716605848,0.6447766331296345
0.00795,0.02275,1.612902e6,0.007432146840012619,3.367101805339735e-5,0.012817502708632826,-0.383085788508744,170.59836825582752,245.36502795210905,-0.6372421619701794
0.00795,0.02625,3.47332e6,0.006559383744755602,3.1671280393329576e-5,0.011895285547090951,-0.293771533373808,168.4138168886298,246.1948842337931,0.005615616161171887
0.00795,0.02975,5.9885e6,0.005840187823308186,3.0523296363511225e-5,-0.001846575586836061,-0.10880519568285077,169.98360415296517,245.79776292962197,0.02857680165377008
0.00795,0.03325,8.59894e6,0.005425056944680896,2.9934382040548985e-5,-0.016722902797275202,0.27986358083194685,168.65254888015102,244.61571570374588,0.3817674241370305
0.00795,0.03675,1.0281526e7,0.005561462125317602,3.0942570697903055e-5,-0.001344080901860461,0.7323404259855361,170.09573307686236,244.1268584600514,0.2585540520185822
0.00795,0.04025,9.965188e6,0.006344983523674714,3.431943327007931e-5,0.018618811610481355,1.4167700090173632,169.13851883466447,245.9332400201187,-0.14230376559117405
0.00795,0.04375,8.727379e6,0.007423600753670467,3.8408542567773386e-5,-0.02272562758870859,1.5549550755928963,169.8799488057858,248.55666749006616,-0.06579816130391086
0.00795,0.04725,6.986078e6,0.008605819299346043,4.219619475560732e-5,0.014663915131764566,1.85741112110545,168.4065801338048,245.8649969258626,0.15200821308484358
0.00795,0.050749999999999997,5.489403e6,0.00971606428545395,4.465161437299327e-5,-0.03273271648771553,1.9586266627907223,170.1538478771518,247.9941099952576,-0.0663689293670185
0.00795,0.05425,3.956777e6,0.010716203793929815,4.6193478537189546e-5,0.013910429197043552,2.2718009456503645,171.2397758123698,250.54962928826154,-0.06291691913595471
0.00795,0.057749999999999996,2.617161e6,0.011455492472838698,4.625438730991408e-5,0.02590129541009751,2.6155314829719707,172.23724109031681,254.1473736438255,-0.28433369886831567
0.00795,0.06125,1.355054e6,0.01191450787197658,4.6021725815154796e-5,-0.005062362942423862,3.5954961763198474,172.14050995155057,252.5644024170973,-0.6830488164195769
0.00795,0.06475,78931.0,0.012273602093372468,4.522328096135433e-5,0.06226807780322141,7.1579951755530296,164.745107095489,257.0948394401542,0.16088705518099777
0.00795,0.06824999999999999,69869.0,0.013336504312925232,4.6771518020523995e-5,0.1098213261291441,-2.4056559300886757,93.65693770227983,134.14576669724732,0.31534629594732067
0.00795,0.07175,200044.0,0.013428472868068015,5.018133039613169e-5,0.12336191497179855,0.32129156862601577,79.90925722401484,118.36407337139968,1.2537266635700062
0.00795,0.07525,382289.0,0.013899718832224885,5.1573327476358174e-5,0.021402952100086945,0.9962123917019642,68.16276283136331,103.35019085518731,0.36325181979367127
0.00795,0.07875,532420.0,0.014627546478317462,5.287371867406563e-5,0.06476652069678017,1.4679224664485164,60.18177316209484,90.35227560044218,0.28697364657747043
0.00795,0.08225,561855.0,0.015863289311160652,5.7813792035235686e-5,0.03694102126165688,1.4848668145421502,54.59762418852604,82.01016998987308,0.1506186502829316
0.00795,0.08574999999999999,550235.0,0.017422823809400443,6.062964941789929e-5,0.0041336285917495455,1.2722853063930057,49.00285336269493,73.91998725971101,-0.07228617972142069
0.00795,0.08925,476639.0,0.019012666110936688,6.604097313726495e-5,0.01595664846257054,1.3722662258612304,46.5319131291986,70.11456240675412,0.10318409082996034
0.00795,0.09275,376691.0,0.020679764036116027,6.88861109833995e-5,0.02360855720955376,1.3664595110973676,44.75813589862077,67.89873203439963,-0.2576970778821005
0.00795,0.09625,310223.0,0.022296205066314495,7.114378131942518e-5,-0.010991265111541644,1.410141251380829,44.24654004087036,66.58056708927059,-0.6771627571189368
0.00795,0.09974999999999999,221384.0,0.023675689635689338,7.418342381928759e-5,-0.12005372266374262,1.179076374089247,43.67768490317685,64.6877912677573,-0.056216265372336975
0.00795,0.10325,123114.0,0.025009310537454203,7.493128122968669e-5,-0.008737793005576339,1.7476874417112809,41.47055590772526,64.82658607378977,-0.48534037174721023
0.00795,0.10675,13713.0,0.025474654583340604,7.545369421798962e-5,0.13503877217328347,3.1915836057540483,44.435251308178,64.87264704564724,-2.521296582919776
0.00795,0.11025,6.0,0.022655334603306463,3.73217449196178e-5,3.0747185734979854,13.712060033931557,31.02005120025132,204.02753306714527,57.77643947354058
0.00795,0.11374999999999999,21.0,0.025466351934898452,7.026575372613014e-5,1.0945361437481875,20.68003585279706,10.851755832849104,439.07991841655166,19.96087384683188
0.00795,0.11725,27.0,0.02779337000783318,0.00015178509855831183,0.9750821311351808,25.868577949495037,11.385682078683748,687.9430047142426,32.7405694649606
0.00795,0.12075,32.0,0.02551617654851862,0.00010543461994169072,-1.4510611114980945,26.735803138843355,6.640234678519527,743.1242677977705,-38.96292858897295
0.00795,0.12425,30.0,0.023384028780390795,7.468895240779483e-5,0.10265465813852542,28.88283593216516,7.083777560333953,854.0367704269016,2.0110006912294134
0.00795,0.12775,21.0,0.026918503531444333,8.291919112472642e-5,0.6008231308750673,31.098899758010752,6.555485624678311,989.0599419789073,19.68825791328132
0.00795,0.13125,13.0,0.025578954306470218,6.691461006393255e-5,0.7635623673616438,28.494332847606533,3.0814940650557805,832.810877345714,21.681920018379266
0.00795,0.13475,8.0,0.023022012463344777,1.7316021309364895e-5,-0.25629171817058627,28.15258128445434,1.2115608999797314,805.5527816159848,-9.947680996604387
0.00795,0.13824999999999998,12.0,0.027957396807553183,0.00011255877312762614,0.11669210997668843,32.17448325569014,6.427901585010067,1075.6609669809804,3.167110241886328
0.00795,0.14175,9.0,0.02414991123646047,2.344816130917055e-5,-0.10422812219209647,33.3215455382535,2.5644403144672823,1129.9554759313596,-5.718488862394108
0.00795,0.14525,2.0,0.028989592152603272,3.0075745043034743e-5,-0.9861636129670275,23.546747584342242,1.024219645745592,555.580463392933,-22.979116966977895
0.00795,0.14875,5.0,0.027784934832980283,3.820959813334711e-5,0.05507660755932535,35.89380031531345,1.636861770662517,1298.0501108938795,0.33076799346331515
0.00795,0.15225,2.0,0.029614819236300924,7.733809322881412e-5,0.03402725016962466,28.372652293099616,0.10889918946781463,805.969192533327,0.6435349467550147
0.00795,0.15575,2.0,0.022798757408152428,1.3711725308744142e-5,0.8044183530751932,34.27952356565458,0.6645682464430931,1189.9520203995662,28.084835808001355
0.00795,0.15925,0.0,0.0,0.0,0.0,0.0,0.0,0.0,0.0
0.00795,0.16275,2.0,0.024338432744128592,5.881890258815689e-6,-0.8070940700930348,35.75584696638292,0.96502460633154,1306.6398238495703,-25.886564180230877
0.00795,0.16625,1.0,0.03508449839680125,0.0,2.3628440455169213,38.16650558638512,5.583031983434771,1456.6821486755666,90.18150046297839
0.00795,0.16974999999999998,1.0,0.029240675827568046,0.0,1.9979081255044724,32.442748222268285,3.9916368779567946,1052.531912213492,64.81763028696558
0.00795,0.17325,1.0,0.016741833616725474,0.0,-0.6255330225903564,26.610719223901388,0.3912915623510273,708.1303776133149,-16.645883629430337
0.00795,0.17675,2.0,0.03194135724326407,4.569981885055948e-5,0.7591683165686781,33.049308715222054,0.778135627655722,1142.990008860409,28.289662153936412
0.00795,0.18025,3.0,0.030512224090302645,5.28788339153488e-5,-1.458627048860582,30.74868768082713,5.362442340010488,951.9093258653353,-40.93308156285299
0.00795,0.18375,0.0,0.0,0.0,0.0,0.0,0.0,0.0,0.0
0.00795,0.18725,0.0,0.0,0.0,0.0,0.0,0.0,0.0,0.0
0.00795,0.19075,0.0,0.0,0.0,0.0,0.0,0.0,0.0,0.0
0.00795,0.19425,3.0,0.03513241206474346,6.762485521543139e-5,0.9610931669798781,30.252722701838323,2.022444202096742,917.913215226002,30.387945872944595
0.00795,0.19774999999999998,0.0,0.0,0.0,0.0,0.0,0.0,0.0,0.0
0.00795,0.20124999999999998,4.0,0.021952998513282564,1.829598163790838e-5,-1.4325145965949304,32.32445253965837,7.264756200766134,1045.8443849010532,-45.415754611958334
0.00795,0.20475,0.0,0.0,0.0,0.0,0.0,0.0,0.0,0.0
0.00795,0.20825,0.0,0.0,0.0,0.0,0.0,0.0,0.0,0.0
0.00795,0.21175,0.0,0.0,0.0,0.0,0.0,0.0,0.0,0.0
0.00795,0.21525,0.0,0.0,0.0,0.0,0.0,0.0,0.0,0.0
0.00795,0.21875,0.0,0.0,0.0,0.0,0.0,0.0,0.0,0.0
0.00795,0.22225,0.0,0.0,0.0,0.0,0.0,0.0,0.0,0.0
0.00795,0.22575,1.0,0.030523125187246168,0.0,-2.1565483799507774,32.06098253747744,4.650700915068323,1027.9066012684336,-69.14105995082714
0.00795,0.22924999999999998,0.0,0.0,0.0,0.0,0.0,0.0,0.0,0.0
0.00795,0.23274999999999998,0.0,0.0,0.0,0.0,0.0,0.0,0.0,0.0
0.00795,0.23625,1.0,0.015823026097115098,0.0,1.3560884087802567,32.90123535026858,1.8389757724281686,1082.4912875737627,44.616983893050445
0.00795,0.23975,1.0,0.017658488913363468,0.0,-2.171191910474762,33.21801325092808,4.714074312111047,1103.4364043388337,-72.12268165245851
0.00795,0.24325,0.0,0.0,0.0,0.0,0.0,0.0,0.0,0.0
0.00795,0.24675,0.0,0.0,0.0,0.0,0.0,0.0,0.0,0.0
0.00795,0.25025,0.0,0.0,0.0,0.0,0.0,0.0,0.0,0.0
0.00795,0.25375,0.0,0.0,0.0,0.0,0.0,0.0,0.0,0.0
0.00795,0.25725,1.0,0.04502079105186707,0.0,-1.8886243935119615,32.51451774043393,3.5669020997684244,1057.1938638929928,-61.407711347860946
0.00795,0.26075,0.0,0.0,0.0,0.0,0.0,0.0,0.0,0.0
0.00795,0.26425,0.0,0.0,0.0,0.0,0.0,0.0,0.0,0.0
0.00795,0.26775,1.0,0.030644517761071265,0.0,-0.32181868701292504,30.99534221951254,0.10356726731072301,960.7112393046966,-9.974880336599808
0.00795,0.27125,0.0,0.0,0.0,0.0,0.0,0.0,0.0,0.0
0.00795,0.27475,0.0,0.0,0.0,0.0,0.0,0.0,0.0,0.0
0.00795,0.27825,1.0,0.028219024262609627,0.0,-1.016443433821301,29.552029490994983,1.0331572541584377,873.3224470366372,-30.037966332215298
0.00795,0.28175,1.0,0.028647095368737756,0.0,-2.0919634396140463,29.273560921647448,4.376311032681832,856.9413690334046,-61.23921919540093
0.00795,0.28525,0.0,0.0,0.0,0.0,0.0,0.0,0.0,0.0
0.00795,0.28875,0.0,0.0,0.0,0.0,0.0,0.0,0.0,0.0
0.00795,0.29225,0.0,0.0,0.0,0.0,0.0,0.0,0.0,0.0
0.00795,0.29575,0.0,0.0,0.0,0.0,0.0,0.0,0.0,0.0
0.00795,0.29925,0.0,0.0,0.0,0.0,0.0,0.0,0.0,0.0
0.00795,0.30275,0.0,0.0,0.0,0.0,0.0,0.0,0.0,0.0
0.00795,0.30624999999999997,0.0,0.0,0.0,0.0,0.0,0.0,0.0,0.0
0.00795,0.30974999999999997,0.0,0.0,0.0,0.0,0.0,0.0,0.0,0.0
0.00795,0.31325,0.0,0.0,0.0,0.0,0.0,0.0,0.0,0.0
0.00795,0.31675,0.0,0.0,0.0,0.0,0.0,0.0,0.0,0.0
0.00795,0.32025,0.0,0.0,0.0,0.0,0.0,0.0,0.0,0.0
0.00795,0.32375,0.0,0.0,0.0,0.0,0.0,0.0,0.0,0.0
0.00795,0.32725,1.0,0.02456203534594854,0.0,0.7748561170863225,25.35217586296393,0.6004020021860927,642.7328209866508,19.644288548865816
0.00795,0.33075,1.0,0.02296889569830936,0.0,4.108145313284044,39.09989278957401,16.87685791505766,1528.8016161561814,160.62804131339706
0.00795,0.33425,0.0,0.0,0.0,0.0,0.0,0.0,0.0,0.0
0.00795,0.33775,0.0,0.0,0.0,0.0,0.0,0.0,0.0,0.0
0.00795,0.34125,0.0,0.0,0.0,0.0,0.0,0.0,0.0,0.0
0.00795,0.34475,0.0,0.0,0.0,0.0,0.0,0.0,0.0,0.0
0.00795,0.34825,0.0,0.0,0.0,0.0,0.0,0.0,0.0,0.0
0.00825,0.00175,0.0,0.0,0.0,0.0,0.0,0.0,0.0,0.0
0.00825,0.0052499999999999995,0.0,0.0,0.0,0.0,0.0,0.0,0.0,0.0
0.00825,0.008749999999999999,109.0,0.006885170069336463,6.509677075331946e-6,-0.632705838442189,-3.5410845226342835,149.4141546284725,363.65325322373997,45.153944453418006
0.00825,0.01225,29472.0,0.008855483084984291,3.533934029574208e-5,0.3201624875908197,-6.124252766294025,164.37960853303562,232.8913858238404,-2.6408818556688685
0.00825,0.01575,248708.0,0.008716118879548273,3.566593789411553e-5,-0.04057158996974352,-1.9178295650256918,169.73277824964683,244.11751803373699,-2.2996609290864156
0.00825,0.01925,726965.0,0.008250452010937081,3.479696191696643e-5,0.07084123942280807,-0.950470003275209,169.98385960622076,249.09984825971674,1.5564964729194357
0.00825,0.02275,1.638539e6,0.007522054789421572,3.3620885797399325e-5,0.05809106444668055,-0.4371145810818014,169.25778435290889,245.03231513854254,-0.16828415298702404
0.00825,0.02625,3.475492e6,0.006690218675563707,3.22020432155871e-5,-0.012505892902684458,-0.3986966893362042,168.56562789908938,246.31979064152588,0.26841536502592006
0.00825,0.02975,5.880062e6,0.005972191688610324,3.080429637157834e-5,-0.01836296296253779,-0.0768121331234639,169.9730920396276,245.25732322219824,0.1601307121746775
0.00825,0.03325,8.5564e6,0.005586941209342409,3.044059336581624e-5,0.00924078019372387,0.28553969747333685,168.86364094378132,244.05083547272133,0.09850260520867961
0.00825,0.03675,1.0068121e7,0.005724504166163723,3.155601916146341e-5,0.007838839122455893,0.8531137178566671,169.9163861537888,246.41671694613518,-0.06543461702113205
0.00825,0.04025,9.699238e6,0.006495971385296426,3.476852210781252e-5,0.0037836701425276605,1.3006428626868067,169.2901411578465,245.5071871786685,-0.19552403175150634
0.00825,0.04375,8.660818e6,0.007530406270976883,3.851656728101993e-5,-0.008709863614554177,1.3549150289307652,169.87757664265212,247.2459290341345,0.06543572955165496
0.00825,0.04725,7.088323e6,0.008668485583282853,4.197198543548692e-5,0.005595570440924299,1.8944182198942146,168.66504555888955,246.29948156050258,0.003838055857206003
0.00825,0.050749999999999997,5.554078e6,0.009760375974207583,4.449008810848458e-5,-0.0009779445074487032,1.903624079546735,170.93245810555223,248.28645255021956,0.15438933428427845
0.00825,0.05425,4.024815e6,0.010777909642211654,4.651897477401132e-5,-0.006665732390218653,2.2677393958812226,170.61428253494094,250.0451564718453,-0.28474630290345815
0.00825,0.057749999999999996,2.634472e6,0.011514670061664819,4.668408676986251e-5,0.04473034669604604,2.5506451233979255,172.39624019392642,250.99747618340018,0.48002683077482944
0.00825,0.06125,1.352996e6,0.01197618844450658,4.6842138907644064e-5,-0.07184151664422149,3.596962836078899,171.73747338699428,251.90789220823646,-0.8465795889714917
0.00825,0.06475,78353.0,0.012309916052949533,4.6442655530317766e-5,0.02651800902789458,7.068904563117273,160.06429971613875,258.5716182003339,-1.0405191419433502
0.00825,0.06824999999999999,73171.0,0.013528370639338745,4.7770168986162166e-5,-0.11360681891337343,-2.515105503545938,91.15738844479772,134.2127162248977,-0.3055354668522896
0.00825,0.07175,199288.0,0.013496436548861932,4.955582222798644e-5,0.049973129210162455,0.012703484614850756,77.96226545954248,114.10491022119598,-1.2142531877527993
0.00825,0.07525,377091.0,0.013947319108168172,5.1386762674212446e-5,-0.008527681277012573,0.8900922240995014,66.47937913429648,101.63670126397942,-0.2309608112634165
0.00825,0.07875,522946.0,0.014814679528902919,5.362698594577722e-5,0.03164842120039908,1.2243400652255112,59.62089199836941,89.04624178230894,0.32208901118240163
0.00825,0.08225,552532.0,0.015941211763652017,5.706927574981149e-5,0.0041321053666136965,1.4432186362788333,54.60869186948535,81.09276460272419,-0.16043227433621252
0.00825,0.08574999999999999,540860.0,0.017452556502307696,6.069567305061986e-5,0.0014507179596548628,1.2414927680916839,49.167107207317024,73.21743697188897,0.19852457493299086
0.00825,0.08925,457384.0,0.019037010107010328,6.552152740522473e-5,0.08431783355219946,1.3225862428674826,46.451426096787884,69.29572345588954,0.40765496738789786
0.00825,0.09275,368251.0,0.020802663883655044,7.050369600485247e-5,-0.025827528538303723,1.245783352285544,45.12953535829064,67.21851620467034,-0.41254496845828137
0.00825,0.09625,300418.0,0.0225214667914732,7.31063606159163e-5,-0.05418264938728998,1.3577466988794857,44.01542082151089,66.30532281632283,0.25183277314691765
0.00825,0.09974999999999999,221463.0,0.02367388326703468,7.299732723834434e-5,-0.06158475276387963,1.209036582081004,43.74921709262327,64.64672428295417,0.165387870389516
0.00825,0.10325,117652.0,0.025033535118209337,7.393161125640359e-5,0.05653984577333528,1.6822220367232854,42.416957643246356,64.85746911542302,0.2203199191890142
0.00825,0.10675,12983.0,0.025959589207919156,7.623441606500091e-5,-0.1197059337966108,3.0402473940727415,45.07158742466447,65.71040389650956,0.6039561748822252
0.00825,0.11025,6.0,0.021943316147192513,2.535809412477281e-5,0.23098256127998562,9.937648516249926,9.105394527362494,114.40217621749917,1.3636850093864874
0.00825,0.11374999999999999,27.0,0.02562970591918273,0.00014281432114398378,-0.17307421121208133,20.500421866173525,4.846649885191831,442.54884895859533,-3.6131111268900655
0.00825,0.11725,32.0,0.024230849041628186,7.880458836972023e-5,0.9119593913767678,25.35035159644339,7.791638081590574,666.5216306126431,26.598178194118425
0.00825,0.12075,34.0,0.025457463641945906,7.979267767978119e-5,-0.18752814060877296,28.018146285395606,8.8521099772264,814.5450579029422,-5.347788320350742
0.00825,0.12425,18.0,0.024212517930045863,6.281787963413158e-5,-0.27355500494797647,29.773098032381668,5.702979105668612,907.4826495760104,-4.707577582192643
0.00825,0.12775,22.0,0.024016504741711096,6.515622922359414e-5,1.1461109773619174,29.54751124969149,11.51669120921993,901.3334043982452,35.18495288547793
0.00825,0.13125,13.0,0.022539647288668703,2.113703428906002e-5,0.211364411850957,29.542777373070543,5.070027704329464,900.2864910670176,4.066351184210502
0.00825,0.13475,10.0,0.029252658946277394,0.00011647328508056573,-0.48517691299107857,32.121942257204104,1.6423472023411645,1046.5577303515622,-15.520731751363375
0.00825,0.13824999999999998,8.0,0.02211832628200765,4.329950193436657e-5,-1.7660410754522784,29.70940754496943,7.7586506396105985,905.9864820447178,-51.211476460937696
0.00825,0.14175,8.0,0.024490196304684294,1.8537551915817e-5,0.019892813487331018,32.666657236044706,3.094553274011068,1094.6243801507298,3.8001497536064086
0.00825,0.14525,1.0,0.02911450717243119,0.0,1.8638868862137146,33.302920389720235,3.4740743245994565,1109.0845064840437,62.072876587018875
0.00825,0.14875,3.0,0.029428576132121822,1.5150798613103154e-5,-0.8908219731922633,30.87408500532301,7.420104087665336,967.3367627324941,-18.987581159340895
0.00825,0.15225,7.0,0.030013165889644783,0.00016106294172451302,-0.3438426103761324,29.18388934419734,5.354830339936338,871.9389035017517,-10.338739021017298
0.00825,0.15575,3.0,0.02784485296441154,4.452745396345725e-5,1.8530784517962509,31.295131994041594,3.6656259844432144,988.5289829501701,56.596348660006775
0.00825,0.15925,2.0,0.02630341517533174,2.1250858884021377e-5,0.8714096353779979,35.66567566229684,0.7618589918212035,1291.7646199120832,30.857165559789735
0.00825,0.16275,0.0,0.0,0.0,0.0,0.0,0.0,0.0,0.0
0.00825,0.16625,0.0,0.0,0.0,0.0,0.0,0.0,0.0,0.0
0.00825,0.16974999999999998,1.0,0.023314830949542124,0.0,-1.3088610691007714,33.39214062554329,1.7131172982076142,1115.0350555560588,-43.705672878711894
0.00825,0.17325,0.0,0.0,0.0,0.0,0.0,0.0,0.0,0.0
0.00825,0.17675,0.0,0.0,0.0,0.0,0.0,0.0,0.0,0.0
0.00825,0.18025,0.0,0.0,0.0,0.0,0.0,0.0,0.0,0.0
0.00825,0.18375,1.0,0.02431250527038913,0.0,-1.5702697919186694,41.802238629402765,2.4657472194123016,1747.4271544295327,-65.64079255432685
0.00825,0.18725,0.0,0.0,0.0,0.0,0.0,0.0,0.0,0.0
0.00825,0.19075,1.0,0.022819912404804698,0.0,-7.170313961016794,32.00069516714004,51.41340229955235,1024.0444911802197,-229.45503131918687
0.00825,0.19425,0.0,0.0,0.0,0.0,0.0,0.0,0.0,0.0
0.00825,0.19774999999999998,1.0,0.014332987585529054,0.0,0.49229236023823675,27.90786333559201,0.24235176794893387,778.8488359580807,13.73882791068474
0.00825,0.20124999999999998,0.0,0.0,0.0,0.0,0.0,0.0,0.0,0.0
0.00825,0.20475,0.0,0.0,0.0,0.0,0.0,0.0,0.0,0.0
0.00825,0.20825,2.0,0.03331977628278926,1.1491570225886211e-5,-2.3614605791089414,31.403615055246135,8.731815065008833,992.1385274137856,-69.82494241596731
0.00825,0.21175,0.0,0.0,0.0,0.0,0.0,0.0,0.0,0.0
0.00825,0.21525,1.0,0.044540463277327594,0.0,1.667796430812816,38.04523728816984,2.781544934631968,1447.4400803131487,63.45171095863631
0.00825,0.21875,1.0,0.025639795169181065,0.0,-0.17795625461799,28.501307724604384,0.03166842855766289,812.3245420125935,-5.071985974385383
0.00825,0.22225,0.0,0.0,0.0,0.0,0.0,0.0,0.0,0.0
0.00825,0.22575,0.0,0.0,0.0,0.0,0.0,0.0,0.0,0.0
0.00825,0.22924999999999998,0.0,0.0,0.0,0.0,0.0,0.0,0.0,0.0
0.00825,0.23274999999999998,0.0,0.0,0.0,0.0,0.0,0.0,0.0,0.0
0.00825,0.23625,0.0,0.0,0.0,0.0,0.0,0.0,0.0,0.0
0.00825,0.23975,0.0,0.0,0.0,0.0,0.0,0.0,0.0,0.0
0.00825,0.24325,1.0,0.05115530621044166,0.0,0.6090504396147696,38.80064614332581,0.3709424379949441,1505.4901411395838,23.631550590929695
0.00825,0.24675,0.0,0.0,0.0,0.0,0.0,0.0,0.0,0.0
0.00825,0.25025,0.0,0.0,0.0,0.0,0.0,0.0,0.0,0.0
0.00825,0.25375,0.0,0.0,0.0,0.0,0.0,0.0,0.0,0.0
0.00825,0.25725,0.0,0.0,0.0,0.0,0.0,0.0,0.0,0.0
0.00825,0.26075,0.0,0.0,0.0,0.0,0.0,0.0,0.0,0.0
0.00825,0.26425,0.0,0.0,0.0,0.0,0.0,0.0,0.0,0.0
0.00825,0.26775,0.0,0.0,0.0,0.0,0.0,0.0,0.0,0.0
0.00825,0.27125,0.0,0.0,0.0,0.0,0.0,0.0,0.0,0.0
0.00825,0.27475,0.0,0.0,0.0,0.0,0.0,0.0,0.0,0.0
0.00825,0.27825,0.0,0.0,0.0,0.0,0.0,0.0,0.0,0.0
0.00825,0.28175,1.0,0.02220510902322004,0.0,-1.578615829338808,34.03578367058921,2.4920279366390523,1158.4345700711472,-53.729426866343445
0.00825,0.28525,0.0,0.0,0.0,0.0,0.0,0.0,0.0,0.0
0.00825,0.28875,0.0,0.0,0.0,0.0,0.0,0.0,0.0,0.0
0.00825,0.29225,0.0,0.0,0.0,0.0,0.0,0.0,0.0,0.0
0.00825,0.29575,1.0,0.031282857614950754,0.0,-3.3975112682664768,34.844774689153496,11.543082817997684,1214.1583231378722,-118.38551464660553
0.00825,0.29925,0.0,0.0,0.0,0.0,0.0,0.0,0.0,0.0
0.00825,0.30275,1.0,0.04355513877636082,0.0,-0.892553710635773,32.870355089583164,0.7966521263696873,1080.4602437152857,-29.33855740512292
0.00825,0.30624999999999997,0.0,0.0,0.0,0.0,0.0,0.0,0.0,0.0
0.00825,0.30974999999999997,0.0,0.0,0.0,0.0,0.0,0.0,0.0,0.0
0.00825,0.31325,0.0,0.0,0.0,0.0,0.0,0.0,0.0,0.0
0.00825,0.31675,0.0,0.0,0.0,0.0,0.0,0.0,0.0,0.0
0.00825,0.32025,0.0,0.0,0.0,0.0,0.0,0.0,0.0,0.0
0.00825,0.32375,0.0,0.0,0.0,0.0,0.0,0.0,0.0,0.0
0.00825,0.32725,0.0,0.0,0.0,0.0,0.0,0.0,0.0,0.0
0.00825,0.33075,0.0,0.0,0.0,0.0,0.0,0.0,0.0,0.0
0.00825,0.33425,0.0,0.0,0.0,0.0,0.0,0.0,0.0,0.0
0.00825,0.33775,0.0,0.0,0.0,0.0,0.0,0.0,0.0,0.0
0.00825,0.34125,0.0,0.0,0.0,0.0,0.0,0.0,0.0,0.0
0.00825,0.34475,1.0,0.027255929882412724,0.0,-2.369619194856998,35.4553919041474,5.615095128634726,1257.0848150766808,-84.01577721724507
0.00825,0.34825,1.0,0.02387851975434222,0.0,3.5375662319882375,35.53445383240115,12.514374845703456,1262.6974091670486,125.70548394964732
0.00855,0.00175,0.0,0.0,0.0,0.0,0.0,0.0,0.0,0.0
0.00855,0.0052499999999999995,22.0,0.015061066115059214,3.0470830572016115e-10,-13.179036967969859,-4.536058045639647,301.2628574988646,114.28215533037202,33.327690229427134
0.00855,0.008749999999999999,160.0,0.00905862466737791,3.14008659040069e-5,-3.656314743620899,-3.8507312824478186,132.15531206013958,262.92022935407596,-6.180379827743696
0.00855,0.01225,29173.0,0.008976173607001198,3.678656831430828e-5,0.35265265374446164,-6.016736707882253,165.6529736459469,249.39407327093463,-0.7683090155258798
0.00855,0.01575,246053.0,0.008755301742836336,3.608505171038998e-5,0.05834865732407671,-1.730295481519368,170.12299478242815,244.39905437804146,-0.22574553184458385
0.00855,0.01925,725018.0,0.00831693868206481,3.553025062717034e-5,0.04447779497566898,-0.9332953472896158,171.06835388333204,249.6519824535736,-0.44347196057093424
0.00855,0.02275,1.676607e6,0.007592894653615657,3.382372424199546e-5,0.006684084570471033,-0.5659295158109264,170.22828250434176,243.90243970491483,-0.204660893602112
0.00855,0.02625,3.487102e6,0.006797589301259238,3.2231489706295145e-5,0.028019926853795434,-0.4779532038524306,168.51374524802247,246.5573180992839,-0.12174362476681855
0.00855,0.02975,5.768019e6,0.006120872066602636,3.1315184340492985e-5,-0.000883530258608521,-0.014285282972457404,169.35201053131826,244.39902822077119,-0.09622603293218983
0.00855,0.03325,8.469637e6,0.0057555303064022525,3.09978140165743e-5,-0.008621770675207183,0.2554749857894339,169.0343452812066,244.39508363874623,0.46745461584278214
0.00855,0.03675,9.756056e6,0.005888090663516727,3.2206683973132244e-5,-0.014542015916106557,0.9221361017429002,169.53561004104574,246.1246238244296,0.05516356642112098
0.00855,0.04025,9.466904e6,0.006643994999547818,3.531463084393146e-5,0.01861162769733314,1.2096713212536117,169.4702387512244,246.49251582367685,0.065139627285171
0.00855,0.04375,8.611441e6,0.007637677524593224,3.878899320117077e-5,-0.0013877498380046355,1.229408711660237,169.5805867605162,246.33706014308618,-0.10882659646241405
0.00855,0.04725,7.11201e6,0.0087606367370286,4.236231834738382e-5,0.0030925356643873927,1.8843111075502164,169.28177416629993,246.69709244835443,0.15637668152151113
0.00855,0.050749999999999997,5.587956e6,0.009811218827543515,4.434073288539441e-5,-0.0056842474115035655,1.9109446945380215,170.88595790239765,249.96189389378003,0.4547329721323052
0.00855,0.05425,4.074577e6,0.010795852182176942,4.6079752248335025e-5,-0.0013541305646160645,2.094832387354391,170.91039231511803,248.77471598367634,-0.0806657566785908
0.00855,0.057749999999999996,2.614984e6,0.011549466909390705,4.6570638914585534e-5,0.03776239764264644,2.4659049385235234,171.82008986003984,250.24128937110154,0.6630852518978777
0.00855,0.06125,1.341253e6,0.012016979301057556,4.666096397203749e-5,-0.052923281849199505,3.621947249099415,171.19712137007903,251.2536185659043,-0.6332980644322865
0.00855,0.06475,79808.0,0.012321147788506265,4.513927309922247e-5,0.02729398390010305,7.138105129760886,163.55808339988945,255.68201111962503,-2.8287899504771064
0.00855,0.06824999999999999,74305.0,0.013659116026750597,4.8185591814045185e-5,-0.07695608886853735,-2.8547579647739973,89.78069867719087,133.1665986462409,0.20980233447536845
0.00855,0.07175,203059.0,0.013594956139280707,4.8867368483244614e-5,-0.005885564082953044,-0.3263438861977016,75.77323103091497,110.08566379965295,-0.3749053325283046
0.00855,0.07525,379947.0,0.014047377169002291,5.101218257807803e-5,-0.05583427324117808,0.7484904622522768,65.85845465122885,97.82421421354192,0.36668692026505506
0.00855,0.07875,509443.0,0.014887034040748563,5.352180005910028e-5,0.016526386056679256,1.1127046136979866,59.1946647882465,88.04423083766821,-0.3817535572074831
0.00855,0.08225,536684.0,0.016069013343018343,5.654026425110273e-5,-0.05330852984173793,1.2330723900195741,53.3555682703342,79.21570742931311,-0.2144101615696628
0.00855,0.08574999999999999,528242.0,0.017489164490334934,6.058625233641726e-5,0.006051719087318627,1.1254485854678244,49.380982685653386,72.22683973697062,-0.1728665660391986
0.00855,0.08925,451803.0,0.01912634528636358,6.552600378092637e-5,0.026220039055804886,1.250393944732478,46.587897762897796,68.73319704306266,-0.13811157760988998
0.00855,0.09275,362816.0,0.020828272323104687,7.086090769784714e-5,-0.03992565111337742,1.1348112225782592,44.48725156979725,67.2708057033397,-0.05533513301687246
0.00855,0.09625,293194.0,0.022605838897199918,7.517618767009129e-5,-0.007861366982453558,1.160052825883205,43.88591803650415,64.98996333860107,0.11788682242074626
0.00855,0.09974999999999999,212423.0,0.02380080442430492,7.296854223854359e-5,0.030749243575488677,1.1406717928278982,43.60900505301701,63.7738203386791,-0.2752061371347
0.00855,0.10325,108037.0,0.02510172421105843,7.523171904594498e-5,0.038591784867887446,1.5118817866315337,41.93252128060769,63.76757646394124,0.45595677104397997
0.00855,0.10675,12840.0,0.025232774760405207,7.097032856675156e-5,0.15290157694743953,2.9897730629776142,40.33889152812236,65.32006003676457,0.277075017332851
0.00855,0.11025,3.0,0.024447411902494404,3.481542078791724e-5,-1.6465136790106052,11.938858734758309,8.279795240479753,157.33440878732878,-10.58123986429441
0.00855,0.11374999999999999,17.0,0.02375479970737939,8.35565917044084e-5,0.17131736927720906,19.05962067774331,6.879241671777859,381.38697159382593,2.3349392141262033
0.00855,0.11725,22.0,0.02411662736913874,4.358289715017098e-5,0.14579317220940372,21.77242869866415,5.564482618753565,490.54438824079233,4.057484350025556
0.00855,0.12075,23.0,0.02320407821075736,3.766743296606348e-5,1.0070684939662757,26.74356454615707,6.172951302140478,726.6791113240322,26.35392235811228
0.00855,0.12425,20.0,0.025142700903364606,6.207723733111339e-5,-0.49033294766915225,27.371125419740473,5.80488654072604,774.1081794455454,-11.954239288089148
0.00855,0.12775,15.0,0.024830318797685224,0.00010587884913292143,0.7282033548050644,27.570156703651712,2.508432927552095,783.1524200861203,19.437794262774933
0.00855,0.13125,9.0,0.025296158953086137,6.654828932228014e-5,-0.8951259911269885,32.324725744423,4.029432045460793,1079.279620595219,-36.07632976767182
0.00855,0.13475,9.0,0.0329449204771711,9.007247162125502e-5,-0.8457708573742722,29.895329339852736,4.0811540000367135,920.1623109769506,-29.187835205211243
0.00855,0.13824999999999998,5.0,0.021224868510916595,3.60279952344489e-5,0.01384846549381577,29.121055968828134,3.355531036576884,870.678925697196,2.916371131539181
0.00855,0.14175,7.0,0.029300448732732107,3.105811114799549e-5,-0.5846982343488913,32.1621759187802,3.4648559713469513,1057.1798301349759,-15.245350061191752
0.00855,0.14525,2.0,0.019641681875009327,1.9055509882436114e-5,-2.0472214527910886,30.714925387720662,6.8452629294468,1028.953743049686,-47.81192300098506
0.00855,0.14875,3.0,0.02925089909873624,2.9087542554178284e-6,0.6397484562571436,35.10173139110855,3.00622003926376,1269.518131196782,16.010054084424674
0.00855,0.15225,2.0,0.022009585353942547,1.977909955511609e-7,-1.5651548785663767,36.59386496277094,6.423224144475596,1342.2451042098462,-60.80403143949795
0.00855,0.15575,2.0,0.02507520346961765,3.200448990507924e-6,-1.4107018864801324,29.307379067923485,8.552059751794143,879.6635229240184,-29.677682149848565
0.00855,0.15925,4.0,0.028104782677848418,7.897844531310345e-5,-0.30518911051636904,31.992859100917997,1.308640214223685,1066.1781020570977,-11.080783200819557
0.00855,0.16275,3.0,0.02589996413505248,3.312783975752276e-5,0.02818835137375353,36.48049939766329,3.491777228187889,1340.279198842809,-3.3086609187249536
0.00855,0.16625,1.0,0.03270740629507576,0.0,-0.9459875075501561,24.689510226841296,0.8948923644409568,609.571915241301,-23.355968242123687
0.00855,0.16974999999999998,0.0,0.0,0.0,0.0,0.0,0.0,0.0,0.0
0.00855,0.17325,3.0,0.02751841089227328,4.120686496874069e-6,-1.5787097016614344,35.55132685712314,3.494712175353657,1286.729535229156,-51.97996016753792
0.00855,0.17675,1.0,0.028384939586465402,0.0,0.49074544786104934,21.194415179357527,0.2408310945963419,449.20323479498074,10.401062769346833
0.00855,0.18025,0.0,0.0,0.0,0.0,0.0,0.0,0.0,0.0
0.00855,0.18375,0.0,0.0,0.0,0.0,0.0,0.0,0.0,0.0
0.00855,0.18725,0.0,0.0,0.0,0.0,0.0,0.0,0.0,0.0
0.00855,0.19075,0.0,0.0,0.0,0.0,0.0,0.0,0.0,0.0
0.00855,0.19425,0.0,0.0,0.0,0.0,0.0,0.0,0.0,0.0
0.00855,0.19774999999999998,0.0,0.0,0.0,0.0,0.0,0.0,0.0,0.0
0.00855,0.20124999999999998,2.0,0.034169533897637286,0.00027520392436235447,0.9951059081662117,37.83481626202719,1.5318646176318733,1434.0180574195172,36.47563797725246
0.00855,0.20475,1.0,0.027592675763683985,0.0,-0.9864712112101334,33.4141015574125,0.9731254505463875,1116.5021828890765,-32.962049234839114
0.00855,0.20825,0.0,0.0,0.0,0.0,0.0,0.0,0.0,0.0
0.00855,0.21175,1.0,0.03276868512368834,0.0,-0.3611503645889932,29.501818220631847,0.1304295858427627,870.3572783232053,-10.654592406419393
0.00855,0.21525,1.0,0.03212150614406816,0.0,0.18819513299004875,31.75387165369221,0.03541740808114214,1008.3083649991578,5.975924098815545
0.00855,0.21875,1.0,0.028470071586609632,0.0,-0.01599719740060148,35.37400990255438,0.00025591032467381077,1251.320576586015,-0.5658850192619939
0.00855,0.22225,2.0,0.02590825647160317,2.4859737836751834e-5,-1.355349958451521,27.854448941324367,1.9409234781456632,780.8416817836666,-37.03365745525842
0.00855,0.22575,0.0,0.0,0.0,0.0,0.0,0.0,0.0,0.0
0.00855,0.22924999999999998,2.0,0.029435729689853973,8.476576319793488e-6,0.16546309778858825,38.37711671321559,1.0894999034954356,1503.170289606911,12.029228050174261
0.00855,0.23274999999999998,1.0,0.032148698067784386,0.0,-0.11594670994810811,31.233744407703757,0.013443639547790714,975.5467897257657,-3.6214499034333714
0.00855,0.23625,0.0,0.0,0.0,0.0,0.0,0.0,0.0,0.0
0.00855,0.23975,0.0,0.0,0.0,0.0,0.0,0.0,0.0,0.0
0.00855,0.24325,0.0,0.0,0.0,0.0,0.0,0.0,0.0,0.0
0.00855,0.24675,0.0,0.0,0.0,0.0,0.0,0.0,0.0,0.0
0.00855,0.25025,1.0,0.02402034150425937,0.0,-2.4647249806746028,31.25799861304502,6.074869230361421,977.0624772931245,-77.04237002746414
0.00855,0.25375,0.0,0.0,0.0,0.0,0.0,0.0,0.0,0.0
0.00855,0.25725,0.0,0.0,0.0,0.0,0.0,0.0,0.0,0.0
0.00855,0.26075,1.0,0.026291286715606384,0.0,0.6897310888899011,36.82157513952618,0.47572897498124866,1355.8283957557726,25.396985115626705
0.00855,0.26425,0.0,0.0,0.0,0.0,0.0,0.0,0.0,0.0
0.00855,0.26775,0.0,0.0,0.0,0.0,0.0,0.0,0.0,0.0
0.00855,0.27125,0.0,0.0,0.0,0.0,0.0,0.0,0.0,0.0
0.00855,0.27475,0.0,0.0,0.0,0.0,0.0,0.0,0.0,0.0
0.00855,0.27825,0.0,0.0,0.0,0.0,0.0,0.0,0.0,0.0
0.00855,0.28175,0.0,0.0,0.0,0.0,0.0,0.0,0.0,0.0
0.00855,0.28525,0.0,0.0,0.0,0.0,0.0,0.0,0.0,0.0
0.00855,0.28875,2.0,0.044842962227359125,0.0003483618235197351,-0.47467334134063444,30.039963329233395,0.3469605935554885,911.9625640487409,-13.180596984280536
0.00855,0.29225,0.0,0.0,0.0,0.0,0.0,0.0,0.0,0.0
0.00855,0.29575,0.0,0.0,0.0,0.0,0.0,0.0,0.0,0.0
0.00855,0.29925,0.0,0.0,0.0,0.0,0.0,0.0,0.0,0.0
0.00855,0.30275,0.0,0.0,0.0,0.0,0.0,0.0,0.0,0.0
0.00855,0.30624999999999997,0.0,0.0,0.0,0.0,0.0,0.0,0.0,0.0
0.00855,0.30974999999999997,0.0,0.0,0.0,0.0,0.0,0.0,0.0,0.0
0.00855,0.31325,1.0,0.049657454790903346,0.0,-2.5363276932174084,34.10415560611273,6.43295816738154,1163.0934296059502,-86.49931431757943
0.00855,0.31675,0.0,0.0,0.0,0.0,0.0,0.0,0.0,0.0
0.00855,0.32025,0.0,0.0,0.0,0.0,0.0,0.0,0.0,0.0
0.00855,0.32375,0.0,0.0,0.0,0.0,0.0,0.0,0.0,0.0
0.00855,0.32725,0.0,0.0,0.0,0.0,0.0,0.0,0.0,0.0
0.00855,0.33075,0.0,0.0,0.0,0.0,0.0,0.0,0.0,0.0
0.00855,0.33425,1.0,0.033195013392536644,0.0,-0.014308547700547417,31.014042457766617,0.00020473453729884076,961.8708295721505,-0.4437659058937565
0.00855,0.33775,0.0,0.0,0.0,0.0,0.0,0.0,0.0,0.0
0.00855,0.34125,0.0,0.0,0.0,0.0,0.0,0.0,0.0,0.0
0.00855,0.34475,0.0,0.0,0.0,0.0,0.0,0.0,0.0,0.0
0.00855,0.34825,0.0,0.0,0.0,0.0,0.0,0.0,0.0,0.0
0.00885,0.00175,0.0,0.0,0.0,0.0,0.0,0.0,0.0,0.0
0.00885,0.0052499999999999995,56.0,0.006609874369041117,1.3833316463440402e-5,-4.767278816524322,-4.887240824990492,128.28924460046449,90.10363280713672,-12.135126487990988
0.00885,0.008749999999999999,211.0,0.01061912442032166,3.894382965949479e-5,-2.0537606621336364,0.48364336484213266,152.05975944624288,231.24469798982693,0.4720719275244303
0.00885,0.01225,27587.0,0.00907553715424839,3.75491622657815e-5,0.27985896657859044,-6.2166627099946545,160.79741338142017,238.3810481433086,-2.637291367485742
0.00885,0.01575,243736.0,0.008792560193785633,3.5663804989507494e-5,0.05778973237164065,-1.828371473231737,172.91864706680357,245.37724174350197,-1.30527183581099
0.00885,0.01925,730929.0,0.008370811321719558,3.481070708412286e-5,0.023878897724729176,-0.9735876668557606,171.52255086595125,248.98221775751355,-0.6399441274701275
0.00885,0.02275,1.710657e6,0.007677879863824706,3.378831828286095e-5,0.07520518376306995,-0.6829896705460957,170.36737937507198,245.45362783027358,0.343130114505883
0.00885,0.02625,3.483447e6,0.006924843937543338,3.2467909787608144e-5,0.04798368740277593,-0.4960643709623923,169.1162629146283,245.46853129757807,0.1542784008702916
0.00885,0.02975,5.688609e6,0.006267717797609345,3.186498843132159e-5,-0.0030269682036558393,0.00889338018767404,169.81107870917157,243.6295484120004,-0.09096241583928477
0.00885,0.03325,8.314618e6,0.00591804271266793,3.1598457503368636e-5,-0.01822977802568679,0.2849803093332556,169.4058648686636,244.94393868882824,0.13210890848431184
0.00885,0.03675,9.412765e6,0.006057456475851394,3.262137621062314e-5,0.0073472707794348426,0.9959162278128613,169.84437066632677,245.32266514415838,-0.014174822925695042
0.00885,0.04025,9.3169e6,0.006784612289333099,3.5828044407497024e-5,-0.009809567160548373,1.1112461151276725,169.95075738021526,246.56518015299963,0.10381552862861503
0.00885,0.04375,8.565215e6,0.007749957127564156,3.900972818148277e-5,0.00017682273905494266,1.1639886520663234,169.6141933015886,245.5274073106965,-0.02023149614842368
0.00885,0.04725,7.030384e6,0.008838112363912583,4.2216106980811576e-5,0.025876377309564047,1.7931169268244636,169.8263024733629,247.24715694366702,0.005629531144698095
0.00885,0.050749999999999997,5.495383e6,0.009878465153723289,4.446876099829211e-5,0.0036749952803254837,1.8599188071508306,171.12774990033478,249.3627116008509,-0.09226670582531626
0.00885,0.05425,4.073024e6,0.010856586903735027,4.6088491483341557e-5,-0.02316748491705681,1.9552159230976383,171.3444376342212,248.79666275710977,0.626502644649504
0.00885,0.057749999999999996,2.605562e6,0.011610787676412939,4.642322381659547e-5,0.0012678866836214704,2.427819850861824,171.36780152941748,250.4302015608547,0.5650604256886747
0.00885,0.06125,1.323396e6,0.01203584841156574,4.670679731873384e-5,0.02395672080664528,3.6786248688053567,171.00717519646713,251.04567281499536,-0.200357787406879
0.00885,0.06475,77546.0,0.012363613492856607,4.5260476709491994e-5,0.07710853878880108,6.922814206665397,162.63232986118763,251.7304018471565,-0.48320146281844173
0.00885,0.06824999999999999,74563.0,0.013756673330353719,4.881273273487567e-5,0.007817308038125245,-2.961923104568217,90.08562048978914,130.0709219726366,-0.684140867444358
0.00885,0.07175,206783.0,0.013801588533691496,4.915476266565572e-5,-0.018214689546285707,-0.6722549159883369,75.74989739595914,108.91770856925471,-0.5390379684693356
0.00885,0.07525,377145.0,0.014120972357388645,5.074915955784789e-5,-0.05248191861466247,0.6465610406359945,65.47406196595108,95.21015574246103,0.2318474968922018
0.00885,0.07875,500001.0,0.014930982853300146,5.446461024361857e-5,0.06265400585596051,0.9455455247103548,57.99033116195933,85.76969966967731,-0.05652576447316985
0.00885,0.08225,526483.0,0.01607587472513956,5.555905281411474e-5,0.015355241908416362,1.0900098371011615,52.452134094655214,77.86325640210804,-0.024243072185325388
0.00885,0.08574999999999999,516258.0,0.017500763659355403,6.011470586765112e-5,-0.004853009111174323,1.1056907334581514,48.66359723532574,71.64355064998371,-0.2927941713115448
0.00885,0.08925,445313.0,0.019141510002242054,6.480688210991662e-5,0.02131584288918227,1.175495360251876,46.16748605675311,67.3748780514177,0.3289441699046399
0.00885,0.09275,357626.0,0.020784609355206297,6.905004223701308e-5,0.04623809729178388,1.01042230048001,45.18037200081454,66.48312876036324,0.25980430252386133
0.00885,0.09625,283721.0,0.022739762371421834,7.666950868384976e-5,0.023811914194326367,0.9752101469656004,43.703825608981774,65.31429541036613,0.22612904360197472
0.00885,0.09974999999999999,206627.0,0.023989196622715026,7.604074239608757e-5,-0.0040402690151123315,1.1088391905625883,44.36013203062693,63.09461905726191,0.02227907248849332
0.00885,0.10325,98768.0,0.025127062839747,7.673113936637287e-5,-0.025347844864650103,1.2594670604402642,44.20588051279607,63.80327194646227,-0.35187009378773093
0.00885,0.10675,12362.0,0.025357090377532168,7.355186078363666e-5,-0.43774610690795374,3.279960080631113,39.97818917051772,66.44549121108875,-3.274812308768301
0.00885,0.11025,1.0,0.029787877340387237,0.0,4.884368598065379,16.291334966665794,23.857056601767155,265.40759499610755,79.57288493174688
0.00885,0.11374999999999999,17.0,0.02420610896305408,4.780117251369607e-5,1.75214790177865,17.841740804585573,8.651706232701901,357.3057159150216,34.11555698959608
0.00885,0.11725,26.0,0.025551466792036542,5.754166982443727e-5,0.7361955550413515,21.065865179219607,5.15992050885331,468.04066115000035,15.57266897016284
0.00885,0.12075,19.0,0.024634835084240338,7.655284376608286e-5,-0.2891782054156448,27.639329305355353,4.876446095552706,784.2433038986827,-9.491587755436607
0.00885,0.12425,23.0,0.023972334913013073,0.000107551306368023,-0.7871599474798385,28.624948181188003,6.126759681023891,830.5201854618562,-18.528389751000677
0.00885,0.12775,15.0,0.023081318315217102,3.368602709556179e-5,-0.25795151470043237,29.767041650558216,2.715422098810098,904.5619622747263,-8.877216705801239
0.00885,0.13125,14.0,0.023136290031233554,2.5342588473074092e-5,0.23006995414371065,29.17521973870834,4.252170352676746,867.5334974975774,7.202046163974211
0.00885,0.13475,10.0,0.02806252278980024,3.718430622467861e-5,-0.4406755490021317,30.7218903291226,2.0012244375787596,959.3676598268164,-12.083325839925072
0.00885,0.13824999999999998,7.0,0.023149067369918,8.93276030542474e-5,0.09705661592115628,32.39900067658142,8.74671212279497,1059.7423556342326,4.39449159196049
0.00885,0.14175,9.0,0.025170947518903558,5.7562648264569814e-5,-1.2013016989930412,32.93610080778575,8.419736832399309,1121.5968361932144,-30.88310864593928
0.00885,0.14525,10.0,0.024188766988451075,1.9923644576916214e-5,-0.41949163025723246,32.04863632583382,2.0961930552986825,1086.3728402719921,-12.486008817067486
0.00885,0.14875,4.0,0.02414588135761833,1.927743794939965e-5,-0.23942401555995757,28.8309128828356,1.3772157058199233,839.1225074108054,-7.081077408415066
0.00885,0.15225,5.0,0.02224035982719915,3.4339704774833346e-5,1.849668262383515,33.20079525050377,6.419806074201589,1116.3780136268772,62.05565793707797
0.00885,0.15575,4.0,0.020539652629153762,1.152911536609391e-5,-0.26704798993098705,32.87976051767422,0.7523986663615413,1087.4194566245887,-8.892746121511037
0.00885,0.15925,1.0,0.016275608013277328,0.0,-0.884066631388609,30.989638939558315,0.7815738087348026,960.357721604189,-27.396905705244585
0.00885,0.16275,2.0,0.022682322069488198,2.4629316069617853e-5,-1.693808966732872,31.12384558496018,5.239580509528232,968.6993002534359,-52.60328780906994
0.00885,0.16625,1.0,0.026051911492171415,0.0,-0.5788285790914781,38.37694449510595,0.33504252397305956,1472.7898687804432,-22.213672251974703
0.00885,0.16974999999999998,2.0,0.02503531408498979,4.271140671198334e-5,-0.8184765383900124,31.736698216981967,2.917981973644654,1025.5146994550705,-19.562289921965178
0.00885,0.17325,0.0,0.0,0.0,0.0,0.0,0.0,0.0,0.0
0.00885,0.17675,0.0,0.0,0.0,0.0,0.0,0.0,0.0,0.0
0.00885,0.18025,1.0,0.02242230977385406,0.0,1.517106849934225,29.61600643244728,2.301613194117347,877.1078370067586,44.93064622636184
0.00885,0.18375,0.0,0.0,0.0,0.0,0.0,0.0,0.0,0.0
0.00885,0.18725,0.0,0.0,0.0,0.0,0.0,0.0,0.0,0.0
0.00885,0.19075,2.0,0.019744414739686137,1.2453018569491457e-6,-2.63127127116298,21.614833200929706,7.052161670418538,513.0171988198035,-59.30157265290785
0.00885,0.19425,0.0,0.0,0.0,0.0,0.0,0.0,0.0,0.0
0.00885,0.19774999999999998,0.0,0.0,0.0,0.0,0.0,0.0,0.0,0.0
0.00885,0.20124999999999998,0.0,0.0,0.0,0.0,0.0,0.0,0.0,0.0
0.00885,0.20475,0.0,0.0,0.0,0.0,0.0,0.0,0.0,0.0
0.00885,0.20825,0.0,0.0,0.0,0.0,0.0,0.0,0.0,0.0
0.00885,0.21175,0.0,0.0,0.0,0.0,0.0,0.0,0.0,0.0
0.00885,0.21525,1.0,0.022424205673203773,0.0,0.1623669540945252,31.206874369837596,0.026363027781933654,973.8690079348266,5.066965138241036
0.00885,0.21875,1.0,0.01697200463341934,0.0,-1.0766466560764785,39.27456801153657,1.1591680220406628,1542.4916924928118,-42.28483231846908
0.00885,0.22225,0.0,0.0,0.0,0.0,0.0,0.0,0.0,0.0
0.00885,0.22575,1.0,0.018078876313212318,0.0,0.6999652551115525,30.824589988831598,0.4899513583633808,950.1553479795772,21.576141995241517
0.00885,0.22924999999999998,1.0,0.025035291466770786,0.0,-2.6121707172020274,35.68056995776488,6.823435855807754,1273.1030725109538,-93.20374001675181
0.00885,0.23274999999999998,1.0,0.023816688338311593,0.0,0.18049760064976858,29.18725286678619,0.03257938384032334,851.8957299097186,5.268229112012986
0.00885,0.23625,0.0,0.0,0.0,0.0,0.0,0.0,0.0,0.0
0.00885,0.23975,1.0,0.0353593842053807,0.0,1.4189093093217557,35.67146174398743,2.013303628079942,1272.4531829527587,50.614569145658635
0.00885,0.24325,1.0,0.02015766340734932,0.0,2.3010896162501404,27.66932250852109,5.295013422014218,765.5914080805519,63.66959071303417
0.00885,0.24675,1.0,0.041946595636052006,0.0,-1.5321038057289325,34.65028898664052,2.3473420715290785,1200.6425268577011,-53.087839626039255
0.00885,0.25025,0.0,0.0,0.0,0.0,0.0,0.0,0.0,0.0
0.00885,0.25375,0.0,0.0,0.0,0.0,0.0,0.0,0.0,0.0
0.00885,0.25725,0.0,0.0,0.0,0.0,0.0,0.0,0.0,0.0
0.00885,0.26075,0.0,0.0,0.0,0.0,0.0,0.0,0.0,0.0
0.00885,0.26425,0.0,0.0,0.0,0.0,0.0,0.0,0.0,0.0
0.00885,0.26775,2.0,0.04841009445210086,0.00017962232318053628,0.09100569326093977,25.466319553382945,5.988129511117917,653.2604931958272,7.63426205525078
0.00885,0.27125,0.0,0.0,0.0,0.0,0.0,0.0,0.0,0.0
0.00885,0.27475,0.0,0.0,0.0,0.0,0.0,0.0,0.0,0.0
0.00885,0.27825,1.0,0.03017854098056296,0.0,2.1559746178243975,36.57919818610495,4.648226552703057,1338.037739938344,78.86382282961053
0.00885,0.28175,0.0,0.0,0.0,0.0,0.0,0.0,0.0,0.0
0.00885,0.28525,0.0,0.0,0.0,0.0,0.0,0.0,0.0,0.0
0.00885,0.28875,0.0,0.0,0.0,0.0,0.0,0.0,0.0,0.0
0.00885,0.29225,0.0,0.0,0.0,0.0,0.0,0.0,0.0,0.0
0.00885,0.29575,0.0,0.0,0.0,0.0,0.0,0.0,0.0,0.0
0.00885,0.29925,0.0,0.0,0.0,0.0,0.0,0.0,0.0,0.0
0.00885,0.30275,0.0,0.0,0.0,0.0,0.0,0.0,0.0,0.0
0.00885,0.30624999999999997,0.0,0.0,0.0,0.0,0.0,0.0,0.0,0.0
0.00885,0.30974999999999997,0.0,0.0,0.0,0.0,0.0,0.0,0.0,0.0
0.00885,0.31325,0.0,0.0,0.0,0.0,0.0,0.0,0.0,0.0
0.00885,0.31675,0.0,0.0,0.0,0.0,0.0,0.0,0.0,0.0
0.00885,0.32025,0.0,0.0,0.0,0.0,0.0,0.0,0.0,0.0
0.00885,0.32375,0.0,0.0,0.0,0.0,0.0,0.0,0.0,0.0
0.00885,0.32725,0.0,0.0,0.0,0.0,0.0,0.0,0.0,0.0
0.00885,0.33075,0.0,0.0,0.0,0.0,0.0,0.0,0.0,0.0
0.00885,0.33425,0.0,0.0,0.0,0.0,0.0,0.0,0.0,0.0
0.00885,0.33775,0.0,0.0,0.0,0.0,0.0,0.0,0.0,0.0
0.00885,0.34125,0.0,0.0,0.0,0.0,0.0,0.0,0.0,0.0
0.00885,0.34475,0.0,0.0,0.0,0.0,0.0,0.0,0.0,0.0
0.00885,0.34825,0.0,0.0,0.0,0.0,0.0,0.0,0.0,0.0
0.00915,0.00175,0.0,0.0,0.0,0.0,0.0,0.0,0.0,0.0
0.00915,0.0052499999999999995,19.0,0.011161785113773146,2.6062133019745198e-5,-8.043822131487659,7.910706031333893,181.2737623315356,168.87334037869036,-79.10137513100022
0.00915,0.008749999999999999,392.0,0.013674812236459976,5.473191999667486e-5,2.0274578454689136,-2.0403845390248,140.7456815119004,214.47037429147912,-30.42704831422857
0.00915,0.01225,26376.0,0.009012395476222209,3.5799307284757244e-5,-0.3168091737043966,-5.550729793801241,163.65721206831637,247.64181089262132,1.0563683177464491
0.00915,0.01575,241405.0,0.008798940341757976,3.553249976746975e-5,-0.05418843246752099,-1.7784930004664805,171.94139229254256,246.06420827279368,-1.7465899953259243
0.00915,0.01925,729015.0,0.008422355513269614,3.491305044893785e-5,-0.05969216762168239,-1.0049139277730479,170.06488247421441,248.5012883789546,0.10519640589607902
0.00915,0.02275,1.722524e6,0.0077838177366372704,3.417072562516995e-5,0.019241499348546683,-0.7263217627519295,171.60481819951423,246.54421312283688,0.45546557131865695
0.00915,0.02625,3.476864e6,0.007056474834337333,3.3147945832660944e-5,0.008791244098840119,-0.5217824468147966,169.16558038561658,244.80907345672446,0.1829515022511497
0.00915,0.02975,5.649794e6,0.006413324588289466,3.244973530755755e-5,-0.037950344130325525,-0.045794943616362195,169.38128972016867,243.84910223209397,-0.15847360269776467
0.00915,0.03325,8.150174e6,0.006073996957667662,3.1894212838559416e-5,-0.013958190537520036,0.274612233862336,169.58437703797378,245.05416449463897,-0.16720874415905101
0.00915,0.03675,9.172227e6,0.006223176904991548,3.3164611281481836e-5,0.002228920486044402,0.9828656137216824,170.03712598784585,245.28317870318233,-0.25308424291987336
0.00915,0.04025,9.138905e6,0.00691529731561778,3.609942734545717e-5,-0.007055802111310278,1.003465951256942,169.93926840488768,247.09522156603643,-0.012517151438667218
0.00915,0.04375,8.506065e6,0.007865177559477503,3.917006690727488e-5,0.0031744439300067026,1.227663310623315,169.6422051639006,245.64774897043148,0.16000715777141641
0.00915,0.04725,6.936663e6,0.00892100057645448,4.2329429109880266e-5,0.012313225438514253,1.6097361155656895,170.45496880835276,247.55693710397242,0.2751793381927266
0.00915,0.050749999999999997,5.419603e6,0.009951679076260484,4.441017318271808e-5,-0.004865337115166192,1.8268803522674921,170.18070716130546,247.84137230718594,-0.4597302760493103
0.00915,0.05425,4.062476e6,0.01091684955456582,4.61523229474215e-5,-0.0015674898633098368,1.8952215110018809,171.51694370905258,248.80770689011635,0.87698872902224
0.00915,0.057749999999999996,2.579978e6,0.011622044103188633,4.603108575344581e-5,0.008174000156426092,2.285497287854138,170.95830245934732,249.86626114075278,0.3297941200936696
0.00915,0.06125,1.303717e6,0.012047481278130231,4.6235424421768794e-5,0.04373025244638832,3.7149989084285777,169.88965403924016,250.07717505424765,0.14482806886206642
0.00915,0.06475,76537.0,0.012508480545128951,4.799694530357068e-5,0.11481954593649202,7.2141008342989945,167.04136253454067,257.0718482460225,2.6006409825472687
0.00915,0.06824999999999999,76043.0,0.013719840366108836,5.005308315410935e-5,-0.07293969143538417,-3.27866507620252,91.0453434222103,130.71146798294052,0.4680425290108417
0.00915,0.07175,207437.0,0.013815267101331472,4.831006476365802e-5,0.09531563970522317,-0.9023027171378419,73.97402348913842,105.92968034253256,0.16621592776113264
0.00915,0.07525,373352.0,0.014201043485118208,5.100918434196275e-5,0.003658584521419888,0.4472108370537554,64.10152590663596,93.14943443635781,0.06470403724441513
0.00915,0.07875,487623.0,0.01505038241936447,5.520614481427438e-5,-0.06676646046934745,0.7932555894897251,56.789478052271015,82.9901121389113,0.310245152677531
0.00915,0.08225,503872.0,0.016180973915897554,5.642666633794262e-5,0.013042869697641584,1.0328396952086527,51.65445017338932,76.49199598644003,-0.007775608194620558
0.00915,0.08574999999999999,498148.0,0.01766929796479189,6.114949140381209e-5,-0.01905849125012203,1.1891605688192595,48.347234197118276,71.26118192352648,-0.6552630251544431
0.00915,0.08925,434774.0,0.01922390733770629,6.562385096964473e-5,0.02094598897894639,1.05001144163805,45.78295165347342,68.57822950025496,0.3776161455401003
0.00915,0.09275,341069.0,0.020871640466367358,6.900250381223901e-5,0.016654781651950418,0.9459157162361986,44.457729685618574,65.54603477048481,0.2439378549752429
0.00915,0.09625,268165.0,0.02287362397934845,7.746148813650964e-5,0.055858673110647634,0.9451928602421151,43.200767698442256,64.6630762510555,0.0006390664753307404
0.00915,0.09974999999999999,189881.0,0.024084547550919676,7.602712572172441e-5,-0.07136620971004044,1.0918474025034806,44.01137780071851,63.621204295955955,0.09171654117596595
0.00915,0.10325,98195.0,0.02515709575865364,7.941626334843289e-5,0.03556194607772741,1.3364036108525819,43.20510798833822,61.82046600900962,0.504500969497311
0.00915,0.10675,11577.0,0.026366232878231914,7.276924278490265e-5,-0.11761433221630296,3.0511606659167274,40.9924121649174,61.62298996799915,1.534271597001325
0.00915,0.11025,0.0,0.0,0.0,0.0,0.0,0.0,0.0,0.0
0.00915,0.11374999999999999,12.0,0.02502441472590715,0.00015236137777618257,-1.144404927400642,18.515487159762564,11.184995571372053,352.1150112718232,-22.78993070002854
0.00915,0.11725,19.0,0.021972553367389076,8.361539474947855e-5,0.5120464872950484,22.710546621826015,5.083112054876705,537.906827292723,10.03448095679199
0.00915,0.12075,27.0,0.024903133678700732,9.454673335747074e-5,0.3991894019681541,27.096272175416505,5.520964221652581,749.5682626278029,11.154309063372832
0.00915,0.12425,18.0,0.022469188106910183,8.585613735431066e-5,0.5267901926671759,27.26031719512559,3.3208770964344123,752.0075745829,12.282651230321752
0.00915,0.12775,18.0,0.02371599312677245,1.5309200528711277e-5,-0.2868062090231798,28.08743925174909,4.49193413500543,807.0596802091499,-3.678344833743281
0.00915,0.13125,14.0,0.028277632060608984,7.695771330926371e-5,1.2446971824786288,31.588270509902145,3.288019728229372,1049.5306789375443,37.366504424305326
0.00915,0.13475,5.0,0.0202565284591087,5.4335148441901695e-5,0.1216604793606722,30.877242012878657,4.8354620267924,957.4662834604362,4.707206025403778
0.00915,0.13824999999999998,8.0,0.020686718537204187,2.106194092917556e-5,0.4458469612212541,31.7432022646731,2.8321016255912834,1036.8580494646576,14.074003917916492
0.00915,0.14175,6.0,0.025878208090660153,8.323567979919041e-5,0.15655922175474768,29.773857104789144,0.6406223329787598,904.8073904476523,4.639243346908064
0.00915,0.14525,4.0,0.030508357253437746,8.908393364888698e-5,-1.1448443837317455,30.555202384985837,2.3918508444516267,956.3856545860134,-34.1529641572851
0.00915,0.14875,5.0,0.02073733618896745,0.00011859490615952919,-0.28505684193922154,33.05563495158226,0.9736712734370185,1154.9324705845718,-15.60118771857553
0.00915,0.15225,5.0,0.025352582843063444,4.45683210026247e-5,-0.12300560846101347,33.501234254493866,1.458733023141371,1146.1160521436714,-3.195104536927679
0.00915,0.15575,2.0,0.02679335799836502,1.9889995182512114e-6,0.803892603383999,35.09158648997787,1.8384039797966678,1233.6520464624018,26.578418765163526
0.00915,0.15925,1.0,0.034740352080339494,0.0,-0.6198640468499484,34.45548791107642,0.3842314365771951,1187.180647190333,-21.357718172749305
0.00915,0.16275,3.0,0.03100222383249059,6.928462284691518e-5,0.017742484770059408,33.02763144405866,5.621116183829397,1125.345339473955,-11.999866367983076
0.00915,0.16625,1.0,0.06752015728612143,0.0,-1.5927801827612786,35.61555128303611,2.536948710597052,1268.4674931945751,-56.72774428173795
0.00915,0.16974999999999998,0.0,0.0,0.0,0.0,0.0,0.0,0.0,0.0
0.00915,0.17325,0.0,0.0,0.0,0.0,0.0,0.0,0.0,0.0
0.00915,0.17675,1.0,0.020544977849421317,0.0,0.3444942798836285,30.06445557731357,0.11867630887253978,903.871489160261,10.357032974199978
0.00915,0.18025,0.0,0.0,0.0,0.0,0.0,0.0,0.0,0.0
0.00915,0.18375,0.0,0.0,0.0,0.0,0.0,0.0,0.0,0.0
0.00915,0.18725,3.0,0.02782831661353783,1.4390637576668345e-5,1.3919010498319138,26.300677571307773,2.719932244780779,702.4284849398688,35.4393930653015
0.00915,0.19075,1.0,0.033710028598554445,0.0,-1.2865901569964215,32.5996861176963,1.6553142320800767,1062.7395349723208,-41.94243528020095
0.00915,0.19425,0.0,0.0,0.0,0.0,0.0,0.0,0.0,0.0
0.00915,0.19774999999999998,0.0,0.0,0.0,0.0,0.0,0.0,0.0,0.0
0.00915,0.20124999999999998,1.0,0.02425671093530145,0.0,-0.9109481273192217,28.990539192487283,0.8298264906663969,840.4513626711412,-26.408877387370794
0.00915,0.20475,1.0,0.01956814013908998,0.0,0.9780191898896295,33.066116352172294,0.9565215357923672,1093.368050615396,32.33929632754778
0.00915,0.20825,2.0,0.0419862843311115,1.4326317891349148e-7,-1.9258838309819937,26.492341865080284,3.778131067368369,743.9889078174242,-49.3146243426327
0.00915,0.21175,0.0,0.0,0.0,0.0,0.0,0.0,0.0,0.0
0.00915,0.21525,2.0,0.023737993591895455,1.2584862278962026e-6,1.1827282680611548,24.27002250407771,1.8215982607845485,616.6510819060111,25.28794502916348
0.00915,0.21875,0.0,0.0,0.0,0.0,0.0,0.0,0.0,0.0
0.00915,0.22225,0.0,0.0,0.0,0.0,0.0,0.0,0.0,0.0
0.00915,0.22575,0.0,0.0,0.0,0.0,0.0,0.0,0.0,0.0
0.00915,0.22924999999999998,0.0,0.0,0.0,0.0,0.0,0.0,0.0,0.0
0.00915,0.23274999999999998,1.0,0.024232472629165194,0.0,-0.6819405045725312,36.60049363711251,0.46504285177663846,1339.5961344803131,-24.959359098496222
0.00915,0.23625,0.0,0.0,0.0,0.0,0.0,0.0,0.0,0.0
0.00915,0.23975,1.0,0.03608365828340756,0.0,-0.16218745485171981,38.135548435700876,0.026304770511278653,1454.3200544916876,-6.18510754016081
0.00915,0.24325,0.0,0.0,0.0,0.0,0.0,0.0,0.0,0.0
0.00915,0.24675,0.0,0.0,0.0,0.0,0.0,0.0,0.0,0.0
0.00915,0.25025,1.0,0.024363167049077747,0.0,1.4898468991022114,32.579033345547224,2.2196437827644746,1061.3934137302779,48.53777180561107
0.00915,0.25375,1.0,0.03128492157534784,0.0,1.4857949465162565,42.122943711011786,2.2075866230932455,1774.3423868810673,62.58605689821004
0.00915,0.25725,0.0,0.0,0.0,0.0,0.0,0.0,0.0,0.0
0.00915,0.26075,1.0,0.030165440173908264,0.0,-0.09822591697134744,32.75723987946321,0.009648330764862042,1073.0367645206948,-3.2176099246106644
0.00915,0.26425,0.0,0.0,0.0,0.0,0.0,0.0,0.0,0.0
0.00915,0.26775,0.0,0.0,0.0,0.0,0.0,0.0,0.0,0.0
0.00915,0.27125,2.0,0.027196566297445907,1.97792252836866e-5,-0.9086009511630346,34.42993198387908,3.006847649848457,1186.407697986358,-32.75071523292665
0.00915,0.27475,0.0,0.0,0.0,0.0,0.0,0.0,0.0,0.0
0.00915,0.27825,0.0,0.0,0.0,0.0,0.0,0.0,0.0,0.0
0.00915,0.28175,0.0,0.0,0.0,0.0,0.0,0.0,0.0,0.0
0.00915,0.28525,0.0,0.0,0.0,0.0,0.0,0.0,0.0,0.0
0.00915,0.28875,0.0,0.0,0.0,0.0,0.0,0.0,0.0,0.0
0.00915,0.29225,0.0,0.0,0.0,0.0,0.0,0.0,0.0,0.0
0.00915,0.29575,1.0,0.03242158663854221,0.0,3.9408794089007095,34.88900234785139,15.530530515497606,1217.2424848283797,137.49335094973605
0.00915,0.29925,0.0,0.0,0.0,0.0,0.0,0.0,0.0,0.0
0.00915,0.30275,2.0,0.025677964460146124,5.0081990095963336e-5,0.7212425876091565,31.862405264983217,1.0392334879255867,1102.7066110314229,29.719439020154628
0.00915,0.30624999999999997,0.0,0.0,0.0,0.0,0.0,0.0,0.0,0.0
0.00915,0.30974999999999997,0.0,0.0,0.0,0.0,0.0,0.0,0.0,0.0
0.00915,0.31325,1.0,0.033461533809060584,0.0,-1.5150273959190368,42.625500036401576,2.295308010385218,1816.9332533532706,-64.57880031989629
0.00915,0.31675,0.0,0.0,0.0,0.0,0.0,0.0,0.0,0.0
0.00915,0.32025,0.0,0.0,0.0,0.0,0.0,0.0,0.0,0.0
0.00915,0.32375,0.0,0.0,0.0,0.0,0.0,0.0,0.0,0.0
0.00915,0.32725,0.0,0.0,0.0,0.0,0.0,0.0,0.0,0.0
0.00915,0.33075,0.0,0.0,0.0,0.0,0.0,0.0,0.0,0.0
0.00915,0.33425,0.0,0.0,0.0,0.0,0.0,0.0,0.0,0.0
0.00915,0.33775,0.0,0.0,0.0,0.0,0.0,0.0,0.0,0.0
0.00915,0.34125,0.0,0.0,0.0,0.0,0.0,0.0,0.0,0.0
0.00915,0.34475,0.0,0.0,0.0,0.0,0.0,0.0,0.0,0.0
0.00915,0.34825,0.0,0.0,0.0,0.0,0.0,0.0,0.0,0.0
0.00945,0.00175,0.0,0.0,0.0,0.0,0.0,0.0,0.0,0.0
0.00945,0.0052499999999999995,47.0,0.006935622014569136,3.627167296496179e-5,2.138816372508239,-4.2976832229134665,91.62341392366854,314.85865841203093,-25.44489144384361
0.00945,0.008749999999999999,522.0,0.01194087747299015,5.654100164490939e-5,-0.9376816092565954,-5.18896587247397,143.758255154517,286.9174436570791,-23.02086409154058
0.00945,0.01225,27545.0,0.00921304402952788,3.702421334153228e-5,0.11895380621784733,-4.944093789370394,174.5377099656863,242.32624641389427,-1.3019887869405051
0.00945,0.01575,236221.0,0.008885092016517672,3.658807773558718e-5,-0.05181606545986757,-1.802562972786693,171.2793247163847,248.8392560157163,-2.098089045279092
0.00945,0.01925,715409.0,0.008458039556609297,3.50533818301963e-5,-0.0631446763655248,-1.1577438663489972,169.3687489960164,247.13113086064752,0.5856657417713922
0.00945,0.02275,1.738271e6,0.007858795835103585,3.4917917125843834e-5,-0.07181898572456509,-0.8790837707000803,171.2568182056102,247.46883182812212,-0.12963745735580443
0.00945,0.02625,3.492592e6,0.00715031182390905,3.324947385020588e-5,-0.011956694573413177,-0.5326308206331299,168.76500024361158,243.3671708428599,0.003868279060304138
0.00945,0.02975,5.620513e6,0.006566589655658857,3.283376614974144e-5,-0.022100431943566305,-0.07646341582276513,169.31144724685572,244.09165272567603,-0.137690788219289
0.00945,0.03325,7.99256e6,0.0062333242909484,3.25085090624863e-5,-0.000699776719977923,0.2775173005735816,169.62321563905945,244.98057007495882,0.13127435879445806
0.00945,0.03675,8.947526e6,0.006390472424293179,3.3715365550245555e-5,-0.004063987225447899,1.0141272198208715,169.77860508055463,244.60078101959184,-0.17489994400293987
0.00945,0.04025,8.992006e6,0.007063806660554954,3.6651482889079565e-5,-0.019891273612058266,0.9681354082279652,169.9992223479991,246.73590066574704,-0.14462790782842186
0.00945,0.04375,8.378284e6,0.007976652377286519,3.966389589871643e-5,-0.007399361350870245,1.3059199138101514,170.04919376722606,246.99242926842135,0.05836861744734045
0.00945,0.04725,6.880628e6,0.008991475392148491,4.2374746954767886e-5,-0.00037383190579013146,1.4856098391120487,170.55828393583647,247.25285625656326,-0.19583339909200964
0.00945,0.050749999999999997,5.364107e6,0.010037969696255476,4.444285149155365e-5,0.017113947165710644,1.861167267114897,170.14103871612093,248.23629639014274,-0.0975772700640061
0.00945,0.05425,4.019498e6,0.010955934869365011,4.6163512861069326e-5,-0.006660204830474084,1.8063275599423394,170.70969222774383,248.816644129499,0.20491143979883414
0.00945,0.057749999999999996,2.579161e6,0.011671496057524553,4.616730692626721e-5,0.058363345134455645,2.241332598218734,171.87963212302176,250.81713709277136,0.23015289477968628
0.00945,0.06125,1.289205e6,0.012137202188531553,4.682046577351403e-5,0.015278092641640028,3.6538254596193385,169.60118630242988,247.37618790187705,-0.4719018445997599
0.00945,0.06475,75619.0,0.01242976130690046,4.6602541845746635e-5,-0.0842799003846603,7.014998200874533,160.81812194653511,258.6243239916011,-0.9943633875155468
0.00945,0.06824999999999999,77793.0,0.013748671276859576,4.932418753060318e-5,-0.08573446443011079,-3.4465973015715665,87.09965069917781,128.41947493080303,0.38407024841163706
0.00945,0.07175,208638.0,0.013822951812379908,4.764408065168688e-5,0.002972469336093714,-1.176756437188378,71.64310292446277,105.2677847566391,0.17161993106766735
0.00945,0.07525,367255.0,0.014264808787613515,5.122622135317389e-5,0.04723289339766706,0.2666726660056334,63.144262681093835,92.28336460611743,-0.32983960588288597
0.00945,0.07875,473339.0,0.015093165996929246,5.478486663762181e-5,-0.02679462437580358,0.7992071108585703,56.29058182130113,83.26233669088342,-0.16184475147486804
0.00945,0.08225,494182.0,0.01626828580121606,5.682631161573558e-5,-0.01081773639829578,0.9870865102062407,51.02734509955839,75.1462044863466,-0.18324881534629317
0.00945,0.08574999999999999,476378.0,0.017714628971272173,6.0480365799806234e-5,-0.010447727129626489,1.0903243529571318,48.06982772266925,70.82073617302889,-0.8204328631670411
0.00945,0.08925,432469.0,0.01933337059600147,6.62492965514102e-5,-0.03057780893528495,1.08061503292313,45.623188798921475,67.81361011567438,0.0419636696411659
0.00945,0.09275,331137.0,0.020923671830522243,6.89581819834836e-5,-0.038090015211415425,1.1013918280559287,44.48568864038289,65.45544913976642,0.04712135993286771
0.00945,0.09625,255927.0,0.02274472198011657,7.423856214720173e-5,0.07826179417427542,1.0461249003988242,43.24802296627818,64.45637782848428,-0.046417757073280164
0.00945,0.09974999999999999,181835.0,0.024171503926256766,7.609553486774997e-5,-0.02143457621541044,1.0980428456236233,43.189748389382316,63.812679387426726,0.3781894797787338
0.00945,0.10325,93809.0,0.025216367137379354,7.721604889636593e-5,0.09160476848403819,1.3139133972856811,43.04642545427264,63.08589432715812,0.5786417345801216
0.00945,0.10675,11302.0,0.02562933090109473,7.49466402835328e-5,-0.1266239507631326,3.2484221257012655,42.869127348007055,62.36768642688294,0.10209827046663336
0.00945,0.11025,2.0,0.026362748402279017,6.023533916656493e-8,2.0951581118695164,6.1409709646262876,4.83564242509701,86.96345753819908,17.552896801402554
0.00945,0.11374999999999999,9.0,0.025015587188825517,1.6420157821556366e-5,-0.5816342334074213,17.33615643728251,9.982839391438356,306.7084365009454,-11.80629591373926
0.00945,0.11725,16.0,0.02485602073649776,5.710271099262879e-5,-0.2534071716359685,23.250987228238174,3.801527248077624,564.362011831154,-6.050044756013822
0.00945,0.12075,13.0,0.029146807885291195,8.358547316199169e-5,-0.6317471980177292,25.9583482508474,5.848083431471729,704.420844629335,-18.849309040615562
0.00945,0.12425,17.0,0.027346414975376328,6.403509099333198e-5,0.030200701824381476,26.86195734721641,2.4278938843961657,759.8365365403022,-3.5673784607402124
0.00945,0.12775,14.0,0.02392648666692402,3.103483145004281e-5,0.807034123470523,31.094790139713105,7.3259828320106735,977.773726806554,26.744125428894773
0.00945,0.13125,18.0,0.02378502922331077,3.9787947853259535e-5,-0.05526210869600977,30.295930183186886,4.24174412587122,948.4490832513484,1.6050192135375339
0.00945,0.13475,8.0,0.02902077351561273,7.330169619817639e-5,0.3629240058403257,29.8548515251139,6.289390770694351,945.0047120485405,0.8314878366778702
0.00945,0.13824999999999998,13.0,0.02725511387276545,4.051812328324746e-5,0.7037188362612318,30.047628932022587,3.2143129419438656,931.4479743988418,22.342821593526143
0.00945,0.14175,7.0,0.025688875527545806,0.00013758230734433471,0.6472351731462418,31.078969766155883,1.6450092806041405,981.566322813649,23.19485886534348
0.00945,0.14525,6.0,0.02940936613175669,0.00012273529176333927,0.48357633301539915,30.908728242134963,2.515082526098152,959.0495931297161,16.132534861472678
0.00945,0.14875,2.0,0.02395996269361055,1.916563249929901e-6,-0.23747759344670105,33.317177239565176,0.6006538919741824,1120.6976284006605,-5.503015772134027
0.00945,0.15225,3.0,0.023455583753282775,1.214279336493967e-5,-1.0358777012455223,33.95877013268694,1.452616151563986,1182.9510507604116,-38.51187094488803
0.00945,0.15575,2.0,0.01784622417534865,3.161998663346667e-6,-1.0643363988104768,27.359476138657733,5.095352293120121,768.9588519105255,-20.12486442232619
0.00945,0.15925,1.0,0.02962271109654219,0.0,3.354147804550381,30.93758029020716,11.250307494770142,957.1338742130145,103.76921700849948
0.00945,0.16275,1.0,0.030105707201126625,0.0,-0.09229290394292096,40.50253435381777,0.008517980118217234,1640.4552890821888,-3.73809651256176
0.00945,0.16625,2.0,0.0223365914281311,1.466771731582777e-5,-3.0445410125588372,36.99354845960647,16.66292649306169,1368.689504033031,-111.51759492393518
0.00945,0.16974999999999998,2.0,0.03320766499145281,5.120411808356934e-5,-0.2659790614345332,40.267896179345115,1.1362661290872225,1629.1489089420643,-13.564604605182407
0.00945,0.17325,0.0,0.0,0.0,0.0,0.0,0.0,0.0,0.0
0.00945,0.17675,1.0,0.02097215468402269,0.0,-1.7758686890999027,41.78481163255672,3.153709600925407,1745.9704831682473,-74.20433865819486
0.00945,0.18025,3.0,0.032258285741895425,0.00011901565729709734,-2.128561787418479,32.86932548120335,5.030075144342662,1092.987802138454,-71.58312068157096
0.00945,0.18375,1.0,0.02243820745052806,0.0,1.7988236108386901,34.473703837768475,3.2357663829107435,1188.4362562941728,62.0121124164383
0.00945,0.18725,0.0,0.0,0.0,0.0,0.0,0.0,0.0,0.0
0.00945,0.19075,1.0,0.02042602812866465,0.0,0.49378854462593685,28.6069338911896,0.24382712680380084,818.356666654892,14.1257762523409
0.00945,0.19425,0.0,0.0,0.0,0.0,0.0,0.0,0.0,0.0
0.00945,0.19774999999999998,0.0,0.0,0.0,0.0,0.0,0.0,0.0,0.0
0.00945,0.20124999999999998,0.0,0.0,0.0,0.0,0.0,0.0,0.0,0.0
0.00945,0.20475,2.0,0.022494110923423356,1.0605272901678947e-9,1.5317534406870492,35.234591524284276,2.346350424418607,1255.7559181461852,53.93652542406427
0.00945,0.20825,2.0,0.02760889173272601,0.00012897303939612853,0.9411914148619583,36.39729615229683,2.2629120094516275,1326.1153042638766,32.89227571358492
0.00945,0.21175,0.0,0.0,0.0,0.0,0.0,0.0,0.0,0.0
0.00945,0.21525,0.0,0.0,0.0,0.0,0.0,0.0,0.0,0.0
0.00945,0.21875,1.0,0.027827836660437838,0.0,-3.723221221629303,21.171489835122916,13.8623762651908,448.23198183871295,-78.82614024763872
0.00945,0.22225,0.0,0.0,0.0,0.0,0.0,0.0,0.0,0.0
0.00945,0.22575,0.0,0.0,0.0,0.0,0.0,0.0,0.0,0.0
0.00945,0.22924999999999998,0.0,0.0,0.0,0.0,0.0,0.0,0.0,0.0
0.00945,0.23274999999999998,0.0,0.0,0.0,0.0,0.0,0.0,0.0,0.0
0.00945,0.23625,0.0,0.0,0.0,0.0,0.0,0.0,0.0,0.0
0.00945,0.23975,0.0,0.0,0.0,0.0,0.0,0.0,0.0,0.0
0.00945,0.24325,0.0,0.0,0.0,0.0,0.0,0.0,0.0,0.0
0.00945,0.24675,0.0,0.0,0.0,0.0,0.0,0.0,0.0,0.0
0.00945,0.25025,0.0,0.0,0.0,0.0,0.0,0.0,0.0,0.0
0.00945,0.25375,1.0,0.032911215442032335,0.0,1.4019501641542977,27.96069234262998,1.9654642627722623,781.8003162792068,39.19949721961792
0.00945,0.25725,1.0,0.019606873368211396,0.0,-0.221283593471494,44.261559344898735,0.048966428739657425,1959.0856356419927,-9.794356904490979
0.00945,0.26075,0.0,0.0,0.0,0.0,0.0,0.0,0.0,0.0
0.00945,0.26425,0.0,0.0,0.0,0.0,0.0,0.0,0.0,0.0
0.00945,0.26775,0.0,0.0,0.0,0.0,0.0,0.0,0.0,0.0
0.00945,0.27125,0.0,0.0,0.0,0.0,0.0,0.0,0.0,0.0
0.00945,0.27475,1.0,0.024025511437902325,0.0,-2.1664153687906738,34.34380547428152,4.693355550132431,1179.496974455289,-74.40294800224075
0.00945,0.27825,0.0,0.0,0.0,0.0,0.0,0.0,0.0,0.0
0.00945,0.28175,1.0,0.04193810586488941,0.0,3.2027094574089587,40.36355737428006,10.257347868576787,1629.2167639067984,129.27274693727588
0.00945,0.28525,0.0,0.0,0.0,0.0,0.0,0.0,0.0,0.0
0.00945,0.28875,0.0,0.0,0.0,0.0,0.0,0.0,0.0,0.0
0.00945,0.29225,0.0,0.0,0.0,0.0,0.0,0.0,0.0,0.0
0.00945,0.29575,0.0,0.0,0.0,0.0,0.0,0.0,0.0,0.0
0.00945,0.29925,0.0,0.0,0.0,0.0,0.0,0.0,0.0,0.0
0.00945,0.30275,1.0,0.022235470142404356,0.0,-0.43846708310761984,25.545835451718467,0.1922533829689044,652.5897089262761,-11.201007956062222
0.00945,0.30624999999999997,0.0,0.0,0.0,0.0,0.0,0.0,0.0,0.0
0.00945,0.30974999999999997,0.0,0.0,0.0,0.0,0.0,0.0,0.0,0.0
0.00945,0.31325,1.0,0.027127069408431244,0.0,2.2728293352044693,44.72554414602777,5.16575318696599,2000.3742991582792,101.65352876807444
0.00945,0.31675,0.0,0.0,0.0,0.0,0.0,0.0,0.0,0.0
0.00945,0.32025,0.0,0.0,0.0,0.0,0.0,0.0,0.0,0.0
0.00945,0.32375,0.0,0.0,0.0,0.0,0.0,0.0,0.0,0.0
0.00945,0.32725,0.0,0.0,0.0,0.0,0.0,0.0,0.0,0.0
0.00945,0.33075,1.0,0.05875880654146873,0.0,1.051337351012391,31.800153501647745,1.1053102256337513,1011.2497627283593,33.432689144209746
0.00945,0.33425,0.0,0.0,0.0,0.0,0.0,0.0,0.0,0.0
0.00945,0.33775,0.0,0.0,0.0,0.0,0.0,0.0,0.0,0.0
0.00945,0.34125,0.0,0.0,0.0,0.0,0.0,0.0,0.0,0.0
0.00945,0.34475,1.0,0.02861345449502021,0.0,0.24597833620219295,32.94231806718109,0.06050534188079906,1085.1963196393258,8.103096588808645
0.00945,0.34825,0.0,0.0,0.0,0.0,0.0,0.0,0.0,0.0
0.00975,0.00175,0.0,0.0,0.0,0.0,0.0,0.0,0.0,0.0
0.00975,0.0052499999999999995,86.0,0.011675512366939252,4.8307932328913376e-5,-2.834387533580922,-14.625862663690812,103.90466363873077,281.92119892644314,47.55139232807903
0.00975,0.008749999999999999,1544.0,0.009452862196106387,4.255214228348703e-5,-1.2144228888613426,-4.358690002748867,144.7190367293392,277.4640755746058,2.3982797294501097
0.00975,0.01225,33727.0,0.009141751957076977,3.590621293053607e-5,-0.19201899776480302,-4.568282349793893,175.28070298145457,245.0659899199788,-1.8121898718823113
0.00975,0.01575,228002.0,0.008964829682568032,3.697343423639195e-5,-0.115146959322514,-1.9940087800937085,170.16585731943314,245.0012637824143,-0.12588255691206607
0.00975,0.01925,704687.0,0.008483714459920588,3.510014142777711e-5,-0.06565179307549504,-1.3085999317788524,169.59262378024334,247.570119673168,0.6310182959464449
0.00975,0.02275,1.754019e6,0.007933369578964717,3.4785675271967785e-5,-0.028816532937159814,-0.8681262329206945,169.92219381411732,248.0483831602479,-0.2983557034137038
0.00975,0.02625,3.487621e6,0.007261820307931624,3.364624008017604e-5,0.02551442698386975,-0.6059423755243541,169.9183806569365,242.62812668050142,-0.566155906560527
0.00975,0.02975,5.580525e6,0.006720776800648864,3.3419849799534886e-5,0.0060104848874356935,-0.20312790499778144,169.1867482901383,244.92168977515698,0.23327916239740967
0.00975,0.03325,7.836404e6,0.006392273237969079,3.3124232727541526e-5,0.017639481046924775,0.23356405966921928,169.7350971209729,243.85740094002375,0.23429836729846748
0.00975,0.03675,8.772532e6,0.006564696276717257,3.433822363562235e-5,-0.001552119515543199,1.0355905312946383,170.1094748330707,244.1259175432346,0.1629778388697966
0.00975,0.04025,8.916886e6,0.0072179224760830964,3.703027507574353e-5,-0.0034584068169975944,1.0281559444144424,170.324055026226,248.46964008371145,-0.06769625341335693
0.00975,0.04375,8.220846e6,0.00809707268085773,4.0138999404190414e-5,-0.034315004236211845,1.271795830089756,170.04843448888357,246.23852668822857,0.02150214018511657
0.00975,0.04725,6.786973e6,0.00908573967064951,4.265596057911567e-5,-0.013243161552623863,1.4391945975651943,171.20846125379157,247.8826830475858,-0.30884128601573846
0.00975,0.050749999999999997,5.320462e6,0.0101099044635912,4.4662225070517244e-5,0.009382072418738698,1.8279458384941554,170.61028165876237,247.8618863918979,-0.19748629788138913
0.00975,0.05425,3.997261e6,0.011021482253697855,4.625603771059525e-5,0.00795287213301486,1.838345905421186,171.17577316196252,249.03002673194464,-0.24362443428473263
0.00975,0.057749999999999996,2.573129e6,0.011703996971128942,4.6445884992610757e-5,-0.024005273466221007,2.2204948924762204,172.0903038871611,250.65956187467353,-0.11051828423690141
0.00975,0.06125,1.299554e6,0.012196390780524386,4.6651016392833317e-5,0.08232546709823338,3.4901619227203584,170.17264325565193,249.6802344711808,-0.29788751385157175
0.00975,0.06475,75467.0,0.012382759011338913,4.388386464767338e-5,-0.17394649522337252,7.013759102202073,161.11633507231247,261.56426294469827,-2.908115382659479
0.00975,0.06824999999999999,78160.0,0.01393442119647108,4.8669571149140696e-5,0.026649709851942115,-3.423155261875436,84.98424123421006,125.68563398814493,1.696843887557769
0.00975,0.07175,210106.0,0.013989961033484303,4.8707784849834815e-5,-0.049061601741502085,-1.294199189319962,70.14956236912154,103.59963494697361,-0.07857312461858888
0.00975,0.07525,358900.0,0.014414036788872929,5.173412653096647e-5,-0.013269021551450424,0.06494286263633908,61.47839160742766,89.30946351822719,0.3249328150506231
0.00975,0.07875,457926.0,0.015249102132775045,5.5944177109947935e-5,-0.03426954624942571,0.7126084408670176,55.229623020534305,80.5189981276807,-0.14413368047509667
0.00975,0.08225,477654.0,0.016301603680324666,5.6026230248750244e-5,0.0019257224060529312,0.9221728415635269,51.02609663718964,74.1233414948931,0.04709878746323342
0.00975,0.08574999999999999,464299.0,0.01774619395359864,6.082713960888903e-5,0.004977266092796652,1.12865650945727,47.979945719246224,70.50780610134562,0.07293968110216886
0.00975,0.08925,412821.0,0.019359710564772488,6.685062102795973e-5,-0.005261748825264727,1.0351302504391833,45.949461046586904,67.5462119878108,-0.06841402496058334
0.00975,0.09275,317146.0,0.020984733190320848,6.941743879828371e-5,-0.04963641247418404,1.0086861348948344,44.16344734015988,64.5376035785688,-0.5278421529050694
0.00975,0.09625,237839.0,0.022695819615578264,7.300004588112156e-5,0.057630847416413,0.9469161179042982,43.38412358839143,63.750556219669804,0.004900287695215615
0.00975,0.09974999999999999,169341.0,0.024000909158446236,7.435709386921231e-5,0.02849078281718987,1.073371131572186,43.66636591401659,62.93795082905057,-0.3148829166761729
0.00975,0.10325,88160.0,0.025316694735955225,7.721116207611786e-5,0.08831905979830273,1.3450700770330195,42.88391713159278,63.51491067365295,-0.022646463209013493
0.00975,0.10675,10286.0,0.026555755408469092,7.613281311511605e-5,-0.006041531479154412,3.266769436574187,43.859719204242566,67.27725003864052,-0.07281085450611204
0.00975,0.11025,1.0,0.022594302803639773,0.0,-4.509655785649694,10.97433447975844,20.33699530504376,120.43601727361495,-49.49047098029757
0.00975,0.11374999999999999,8.0,0.01994477827034557,2.0023639524386933e-5,1.231877770149402,15.585620250262057,10.579626886063485,273.1310623120217,10.542463322928551
0.00975,0.11725,9.0,0.022864292590917774,3.3884269229626104e-5,-0.948494898230174,21.455331927375237,5.643288677804186,468.63150449169024,-20.761133725320917
0.00975,0.12075,14.0,0.027916041363757325,0.00010974325766680771,-0.011909196643743174,23.572928350753934,7.313243030567138,578.360360419791,-3.2725151427741457
0.00975,0.12425,12.0,0.028861270292232535,9.943705425763158e-5,-1.013196753960496,27.406404334054187,3.018980066591735,769.2611281856632,-29.14133340901743
0.00975,0.12775,15.0,0.02193681165531284,3.42707153688148e-5,0.5393286172579097,27.139140169256414,4.191708735957641,764.8608829383169,14.431476645112
0.00975,0.13125,10.0,0.022565381441624364,3.8672088010751205e-5,-0.8666629366764741,28.93975378946435,6.27887392353382,844.5454938547953,-25.461200331711453
0.00975,0.13475,8.0,0.025577249826222583,0.00010502697127392193,0.3597017469467343,34.16785811260953,1.2350280807114509,1187.2880653621116,15.828158776354694
0.00975,0.13824999999999998,7.0,0.02309280432108632,4.5073197368403224e-5,0.507775912833344,30.805513338618212,3.6146052071829944,962.9634247940743,13.897855572059148
0.00975,0.14175,3.0,0.022637215487982643,4.22193955387402e-6,0.338248274562845,29.749142261599715,9.639823247567232,912.7624080804358,13.377730175340687
0.00975,0.14525,3.0,0.01971454211787863,1.362575186298816e-6,-0.2103882871391216,27.505936899279025,7.816664023642102,765.9511931700408,-2.164630936307141
0.00975,0.14875,4.0,0.029791198985820933,3.114727183644137e-5,-0.1157560069943272,28.182277529381494,10.361215850093105,855.8558678067776,7.490625799241794
0.00975,0.15225,1.0,0.016962266646283794,0.0,-3.205837369358524,24.999031832108496,10.277393238775582,624.9515925427739,-80.1428304451567
0.00975,0.15575,1.0,0.026221903283890024,0.0,-1.0006744837673565,39.97197440571717,1.0013494224630652,1597.7587378913086,-39.99893485360301
0.00975,0.15925,3.0,0.0195891747058597,1.169192539259919e-6,-1.2471324119297984,28.540114783536488,1.996055193432826,826.7560860596677,-34.59093470497411
0.00975,0.16275,0.0,0.0,0.0,0.0,0.0,0.0,0.0,0.0
0.00975,0.16625,0.0,0.0,0.0,0.0,0.0,0.0,0.0,0.0
0.00975,0.16974999999999998,0.0,0.0,0.0,0.0,0.0,0.0,0.0,0.0
0.00975,0.17325,0.0,0.0,0.0,0.0,0.0,0.0,0.0,0.0
0.00975,0.17675,0.0,0.0,0.0,0.0,0.0,0.0,0.0,0.0
0.00975,0.18025,1.0,0.033179355350252196,0.0,2.136153615429873,28.499603612687807,4.563152268714118,812.2274060803279,60.87953129556133
0.00975,0.18375,0.0,0.0,0.0,0.0,0.0,0.0,0.0,0.0
0.00975,0.18725,0.0,0.0,0.0,0.0,0.0,0.0,0.0,0.0
0.00975,0.19075,0.0,0.0,0.0,0.0,0.0,0.0,0.0,0.0
0.00975,0.19425,0.0,0.0,0.0,0.0,0.0,0.0,0.0,0.0
0.00975,0.19774999999999998,1.0,0.011185665262863256,0.0,-2.8859983727319736,31.287794307951508,8.328986607411599,978.9260726566828,-90.29652345912076
0.00975,0.20124999999999998,0.0,0.0,0.0,0.0,0.0,0.0,0.0,0.0
0.00975,0.20475,1.0,0.041718777616297664,0.0,-3.2870825055536965,24.200172593025844,10.804911398317167,585.6483535322392,-79.54796396191529
0.00975,0.20825,0.0,0.0,0.0,0.0,0.0,0.0,0.0,0.0
0.00975,0.21175,0.0,0.0,0.0,0.0,0.0,0.0,0.0,0.0
0.00975,0.21525,0.0,0.0,0.0,0.0,0.0,0.0,0.0,0.0
0.00975,0.21875,0.0,0.0,0.0,0.0,0.0,0.0,0.0,0.0
0.00975,0.22225,2.0,0.02191859273558095,1.3068523482168585e-6,-0.2926942259537655,36.07680957905212,0.973877150711454,1301.587016933694,-10.77194827809246
0.00975,0.22575,2.0,0.023274210112868912,2.1047295772694202e-5,0.7551259112570929,30.104248555431884,0.987673470957684,917.644293522522,20.553036081949266
0.00975,0.22924999999999998,0.0,0.0,0.0,0.0,0.0,0.0,0.0,0.0
0.00975,0.23274999999999998,1.0,0.018917556000806312,0.0,0.1340496853713794,32.20730322520094,0.017969318148165807,1037.3103810400387,4.317378863998798
0.00975,0.23625,0.0,0.0,0.0,0.0,0.0,0.0,0.0,0.0
0.00975,0.23975,1.0,0.030931787677985913,0.0,-0.8743721607971935,30.334683801224585,0.7645266755771531,920.1930413202773,-26.523803022376363
0.00975,0.24325,0.0,0.0,0.0,0.0,0.0,0.0,0.0,0.0
0.00975,0.24675,0.0,0.0,0.0,0.0,0.0,0.0,0.0,0.0
0.00975,0.25025,0.0,0.0,0.0,0.0,0.0,0.0,0.0,0.0
0.00975,0.25375,0.0,0.0,0.0,0.0,0.0,0.0,0.0,0.0
0.00975,0.25725,1.0,0.04194848629823174,0.0,-1.37430287217303,27.956498157467355,1.8887083844630395,781.5657892284756,-38.4206957137074
0.00975,0.26075,0.0,0.0,0.0,0.0,0.0,0.0,0.0,0.0
0.00975,0.26425,1.0,0.029006654014497993,0.0,1.5459455252151189,30.399373868249267,2.3899475669326495,924.1219315815964,46.99577600096137
0.00975,0.26775,2.0,0.03968817980361488,6.627844858945735e-5,2.210423035548486,33.82558684170471,5.275452578361596,1150.7278024904163,76.36698750250407
0.00975,0.27125,0.0,0.0,0.0,0.0,0.0,0.0,0.0,0.0
0.00975,0.27475,0.0,0.0,0.0,0.0,0.0,0.0,0.0,0.0
0.00975,0.27825,0.0,0.0,0.0,0.0,0.0,0.0,0.0,0.0
0.00975,0.28175,1.0,0.03958747656575717,0.0,-2.128485074311504,48.276680396225146,4.530448711566849,2330.6378700792693,-102.75619366067201
0.00975,0.28525,1.0,0.036632594320610896,0.0,1.0662337459255409,43.630188017847296,1.136854400950411,1903.5933064727058,46.51997880570497
0.00975,0.28875,0.0,0.0,0.0,0.0,0.0,0.0,0.0,0.0
0.00975,0.29225,0.0,0.0,0.0,0.0,0.0,0.0,0.0,0.0
0.00975,0.29575,0.0,0.0,0.0,0.0,0.0,0.0,0.0,0.0
0.00975,0.29925,0.0,0.0,0.0,0.0,0.0,0.0,0.0,0.0
0.00975,0.30275,2.0,0.03153405621537225,3.8109631826290847e-6,-0.894632749317162,29.930712440066962,0.9903641348519626,919.0829389066173,-24.67589101936036
0.00975,0.30624999999999997,0.0,0.0,0.0,0.0,0.0,0.0,0.0,0.0
0.00975,0.30974999999999997,1.0,0.024757452120827216,0.0,2.907187836469983,29.951381403363037,8.45174111651902,897.0852479697212,87.07429170133027
0.00975,0.31325,0.0,0.0,0.0,0.0,0.0,0.0,0.0,0.0
0.00975,0.31675,0.0,0.0,0.0,0.0,0.0,0.0,0.0,0.0
0.00975,0.32025,1.0,0.03258420641925534,0.0,-1.6890816220492382,37.76998401755063,2.8529967259444855,1426.5716926860298,-63.79658586913821
0.00975,0.32375,0.0,0.0,0.0,0.0,0.0,0.0,0.0,0.0
0.00975,0.32725,0.0,0.0,0.0,0.0,0.0,0.0,0.0,0.0
0.00975,0.33075,1.0,0.04678617405765259,0.0,-1.8784680336395994,28.583828400263048,3.5286421534058228,817.0352460156844,-53.693807928933865
0.00975,0.33425,1.0,0.03296214881477959,0.0,0.7846129829855402,40.2081944916167,0.6156175330694675,1616.6989042756757,31.547871420530146
0.00975,0.33775,0.0,0.0,0.0,0.0,0.0,0.0,0.0,0.0
0.00975,0.34125,0.0,0.0,0.0,0.0,0.0,0.0,0.0,0.0
0.00975,0.34475,0.0,0.0,0.0,0.0,0.0,0.0,0.0,0.0
0.00975,0.34825,1.0,0.024847829763138707,0.0,1.4655192115664923,37.12408906276401,2.147746559470473,1378.1979887400341,54.40606573338615
0.01005,0.00175,0.0,0.0,0.0,0.0,0.0,0.0,0.0,0.0
0.01005,0.0052499999999999995,42.0,0.010513312389714513,2.9214272801526088e-5,-10.454778607528233,-20.032489735433845,260.0383719632675,564.2364228949348,142.46654634852018
0.01005,0.008749999999999999,2065.0,0.008699149620590802,3.90867922580794e-5,-1.5350033340121976,-5.867040480815596,167.22347228246878,276.4302497007026,-2.558650849786272
0.01005,0.01225,35688.0,0.009062690935287887,3.3362432473927746e-5,-0.2703837732532763,-4.18458754670147,172.4155163779773,264.01980054834087,0.9882598870307195
0.01005,0.01575,224707.0,0.008861163082966706,3.588499588500785e-5,0.01463932397369248,-1.914834694245406,170.7539212271502,245.62217548408066,1.038804446761274
0.01005,0.01925,698534.0,0.008527784962148418,3.530094911544618e-5,-0.046124962954604956,-1.3315709333615884,169.18377338836672,247.53936845431926,-0.03580093731698723
0.01005,0.02275,1.769224e6,0.008006036710006553,3.47446098198646e-5,-0.02270768750942447,-1.0236671423975034,170.9445312874624,249.19979138384127,-0.11965346836668311
0.01005,0.02625,3.44305e6,0.007409597924263161,3.457081580207844e-5,-0.038330534883208096,-0.6037092479925948,169.7647553037125,242.57358891987897,-0.08914748913591546
0.01005,0.02975,5.500357e6,0.006842589696578641,3.351438138191167e-5,0.018820085830146053,-0.38918935397501986,168.56072377135104,244.82318860929053,0.22074250464253065
0.01005,0.03325,7.680297e6,0.006554626119787006,3.3527073611131845e-5,0.010340175134242407,0.24917359189973795,169.52554851977968,243.8817596240777,-0.024847964596665346
0.01005,0.03675,8.578663e6,0.006747499625689201,3.518699346989945e-5,-0.0025972885345001305,0.9939125361633588,170.03169893620048,243.85856377345186,0.1486477920166358
0.01005,0.04025,8.81415e6,0.007358197114337948,3.759495790406633e-5,0.0035938671358891152,1.0535565633517032,170.47607281516395,248.50981769860502,-0.33084523159299145
0.01005,0.04375,8.102803e6,0.008198430066665494,4.034915243782632e-5,0.0005653958439357106,1.227381405961053,170.296115570649,247.38299944955753,0.22494671591150092
0.01005,0.04725,6.713942e6,0.009177110427635155,4.263205925368568e-5,-0.003716863051018835,1.3843698465919236,170.89247476604433,247.99162129559295,-0.07108442518773102
0.01005,0.050749999999999997,5.300254e6,0.01018119098051035,4.479363453453301e-5,0.011198614404502106,1.7527746674861162,170.0637380862692,247.22357042899412,0.3321864838775818
0.01005,0.05425,3.980969e6,0.011055643218856824,4.605406167057658e-5,0.017925112127930437,1.8459740381887497,170.6069919066638,249.60570869556247,-0.6758033805301594
0.01005,0.057749999999999996,2.555449e6,0.01177789241678848,4.664219918989854e-5,0.037545977292690234,2.190268003567926,172.18107622563804,249.7801963493222,-0.04831123168943928
0.01005,0.06125,1.288197e6,0.012262271510831884,4.7159261869014625e-5,0.04793359535342083,3.426360019987908,169.7889989435591,248.77925033951635,0.4574349993986643
0.01005,0.06475,74474.0,0.012556613105604103,4.765633604004029e-5,-0.001900774752282071,7.050636967808339,162.95904924974113,258.6834617110749,1.0415884384108618
0.01005,0.06824999999999999,78487.0,0.013990110905912605,4.853524423188994e-5,-0.019083486017423115,-3.4069448259529254,80.70675689318352,124.58187707218401,0.18893428962155673
0.01005,0.07175,206709.0,0.013979246320581338,4.814798980773915e-5,0.0354269354834616,-1.2731926147402335,68.33477526138073,99.63508903252092,0.09171942701906517
0.01005,0.07525,351575.0,0.01446995608019367,5.173058781566738e-5,-0.022619752312951606,-0.10264681215341785,61.19611611819217,85.80835569736338,0.3879410562819469
0.01005,0.07875,444863.0,0.015309669290023935,5.601958552174785e-5,-0.012783935794462777,0.6165065585940831,54.040113998496004,79.94624480453574,0.22198427611581587
0.01005,0.08225,462218.0,0.016429555431129943,5.767440538105459e-5,0.010738856287715913,0.8966598356806453,51.03664935944294,73.57924136208445,-0.12499109131173707
0.01005,0.08574999999999999,438326.0,0.017856647817930327,6.111895852647837e-5,-0.0029089193249109096,1.0601722017704014,47.5006342731216,69.19396413168087,0.17858388905879663
0.01005,0.08925,390442.0,0.019452716564362257,6.557353194987428e-5,-0.04371340530324586,0.8835816016392526,45.67356560778444,66.67362490888547,-0.20908785430091684
0.01005,0.09275,299571.0,0.021017946563151233,7.159771611456524e-5,-0.027207262442940697,0.9712303346775782,44.39222532681188,63.872205365646565,-0.24406617877687986
0.01005,0.09625,223900.0,0.022853147352693618,7.660197108329899e-5,0.09096897651079651,1.0531815032860214,43.56438241616735,63.86638056826308,0.35254451268283304
0.01005,0.09974999999999999,157484.0,0.023957524714813133,7.369484177638868e-5,0.09206609049596205,0.9086022236993494,42.81199234767764,62.552176464435675,-0.5967796251240357
0.01005,0.10325,83791.0,0.025110649159925943,7.451304418830034e-5,0.12394565652348558,1.184691607145027,43.88427528751302,61.67287436699322,0.21671719181353677
0.01005,0.10675,9965.0,0.02642258547435025,7.89779327939797e-5,0.2644400461559995,2.941399750894643,45.94303635217193,62.54603319839402,-1.2163028987451363
0.01005,0.11025,3.0,0.02712257151506885,2.8710623962820995e-6,1.6866095072770833,6.973085632444384,32.43165290996707,49.725698563410525,15.032324607064528
0.01005,0.11374999999999999,6.0,0.024613040317188306,2.0594561532455638e-6,-0.27428960993306456,17.50706671193687,9.174470613851186,316.8046993371728,2.8866895231531196
0.01005,0.11725,12.0,0.02248021308864412,4.333751233202208e-5,0.8144678579435737,21.795734240031337,7.218586645593215,503.0019799211159,13.000742038994563
0.01005,0.12075,20.0,0.024051187065290303,5.1652853424530426e-5,-0.4940099400273929,23.948408093902145,5.072542605071213,588.484477800959,-12.621590274539837
0.01005,0.12425,13.0,0.023849020623858293,5.062320615409936e-5,0.384910910755742,25.999588590175353,2.9642227697774373,690.38702343077,9.149214889648189
0.01005,0.12775,14.0,0.023563102875902353,5.456005968393686e-5,-0.4233806279371849,30.21601632834891,4.873458386540478,929.586691513879,-13.79436742894782
0.01005,0.13125,10.0,0.029744158725752902,0.00014513300281844834,0.509854648231254,31.29354400353253,4.265284116049098,994.4529908520863,17.62001808931791
0.01005,0.13475,5.0,0.032153354187122264,4.555134404488683e-5,0.5199393139127836,29.08889232171608,10.303508485572353,903.6405572837624,7.233714086393665
0.01005,0.13824999999999998,7.0,0.028547519283174793,4.9727323870016445e-5,-0.4525601520987207,28.56980019492925,3.6487476440529436,825.6919851674148,-11.454613243335789
0.01005,0.14175,8.0,0.024921743924798186,6.242514141046323e-5,0.2876242643170275,35.118647541078424,2.950594668366853,1257.3223709456759,10.492018185676757
0.01005,0.14525,6.0,0.02399496740404656,3.3192824161604106e-5,-0.9841248891840195,35.66396602643164,1.4232319289379527,1278.1528500321876,-35.68120737167233
0.01005,0.14875,2.0,0.02706639614649588,2.9950210970359653e-6,-0.7996998679582934,30.272803846727754,1.14515206883373,923.4037076901803,-26.085252507878856
0.01005,0.15225,2.0,0.021399429087256165,5.196845828485791e-5,-0.5384031761111534,30.64979562214173,0.5329633841327374,940.3179287741686,-16.032148292072016
0.01005,0.15575,2.0,0.021438357921814397,5.71983467524091e-6,-0.6037677224965168,40.07456231625193,0.4102182639380224,1606.3941607288555,-24.334838543775266
0.01005,0.15925,0.0,0.0,0.0,0.0,0.0,0.0,0.0,0.0
0.01005,0.16275,2.0,0.023664186508086937,2.1449587266787003e-5,0.9833249352154128,35.091718225864675,1.4786037972406372,1233.9764845347263,35.64833472631048
0.01005,0.16625,1.0,0.04589163378281902,0.0,3.314963458104196,35.99452396230258,10.98898272856613,1295.6057552727746,119.32053162688891
0.01005,0.16974999999999998,0.0,0.0,0.0,0.0,0.0,0.0,0.0,0.0
0.01005,0.17325,0.0,0.0,0.0,0.0,0.0,0.0,0.0,0.0
0.01005,0.17675,1.0,0.039781375469934425,0.0,2.2961292178084682,26.701147650573148,5.272209384873729,712.951285857708,61.30928526949894
0.01005,0.18025,1.0,0.030356814120788535,0.0,-0.17509232081355458,38.827234026721534,0.03065732080787672,1507.5541021658025,-6.798350516509689
0.01005,0.18375,0.0,0.0,0.0,0.0,0.0,0.0,0.0,0.0
0.01005,0.18725,0.0,0.0,0.0,0.0,0.0,0.0,0.0,0.0
0.01005,0.19075,1.0,0.01959994458520514,0.0,-0.15893404650995935,30.959891884639934,0.02526003114002992,958.5149055085936,-4.920580896736676
0.01005,0.19425,1.0,0.03356854181810627,0.0,-1.6116797329140127,25.690128760284956,2.597511561485783,659.9827157200202,-41.404259858902655
0.01005,0.19774999999999998,1.0,0.029957636005206283,0.0,0.6686269993389329,34.16365854241762,0.44706206424498535,1167.1555650029045,22.842744497656597
0.01005,0.20124999999999998,1.0,0.03787225254737358,0.0,0.4509250307132128,27.145839727313238,0.20333338332371192,736.8966145009776,12.240738612774674
0.01005,0.20475,0.0,0.0,0.0,0.0,0.0,0.0,0.0,0.0
0.01005,0.20825,0.0,0.0,0.0,0.0,0.0,0.0,0.0,0.0
0.01005,0.21175,0.0,0.0,0.0,0.0,0.0,0.0,0.0,0.0
0.01005,0.21525,1.0,0.02678114150101846,0.0,0.20537563121815874,42.245349624721776,0.04217914989825714,1784.6695649149804,8.676165345209041
0.01005,0.21875,1.0,0.030137683717521395,0.0,-0.6449562824440087,38.16611666325849,0.41596860626399595,1456.6524611534576,-24.615476718459533
0.01005,0.22225,0.0,0.0,0.0,0.0,0.0,0.0,0.0,0.0
0.01005,0.22575,0.0,0.0,0.0,0.0,0.0,0.0,0.0,0.0
0.01005,0.22924999999999998,0.0,0.0,0.0,0.0,0.0,0.0,0.0,0.0
0.01005,0.23274999999999998,0.0,0.0,0.0,0.0,0.0,0.0,0.0,0.0
0.01005,0.23625,2.0,0.01945285360933056,6.930575064516162e-6,1.2840083158989197,34.44336173952314,1.6873696751491412,1190.0172853677066,43.848624255082925
0.01005,0.23975,1.0,0.020803583827332574,0.0,0.961558955007168,28.1422239799979,0.924595623954477,791.9847705403689,27.06040748178445
0.01005,0.24325,0.0,0.0,0.0,0.0,0.0,0.0,0.0,0.0
0.01005,0.24675,1.0,0.026410747612919405,0.0,3.079542321231613,32.139991377552214,9.48358090825659,1032.9790457491306,98.97646365119117
0.01005,0.25025,0.0,0.0,0.0,0.0,0.0,0.0,0.0,0.0
0.01005,0.25375,0.0,0.0,0.0,0.0,0.0,0.0,0.0,0.0
0.01005,0.25725,1.0,0.027423377849205743,0.0,0.9454718058417926,29.42203962180541,0.8939169356417404,865.6564155070874,27.817708932777133
0.01005,0.26075,1.0,0.02720864679650087,0.0,-2.690133742442703,33.288191234398795,7.236819552228784,1108.1036756579047,-89.54968646454162
0.01005,0.26425,0.0,0.0,0.0,0.0,0.0,0.0,0.0,0.0
0.01005,0.26775,0.0,0.0,0.0,0.0,0.0,0.0,0.0,0.0
0.01005,0.27125,0.0,0.0,0.0,0.0,0.0,0.0,0.0,0.0
0.01005,0.27475,1.0,0.03996381937577776,0.0,0.2816520392857978,37.52334941161087,0.07932787123384859,1408.001751065838,10.568527882613743
0.01005,0.27825,0.0,0.0,0.0,0.0,0.0,0.0,0.0,0.0
0.01005,0.28175,0.0,0.0,0.0,0.0,0.0,0.0,0.0,0.0
0.01005,0.28525,0.0,0.0,0.0,0.0,0.0,0.0,0.0,0.0
0.01005,0.28875,0.0,0.0,0.0,0.0,0.0,0.0,0.0,0.0
0.01005,0.29225,1.0,0.03166937751282013,0.0,-0.9587705963639191,25.511032726476465,0.9192410564520251,650.8127907713532,-24.4592280610233
0.01005,0.29575,0.0,0.0,0.0,0.0,0.0,0.0,0.0,0.0
0.01005,0.29925,0.0,0.0,0.0,0.0,0.0,0.0,0.0,0.0
0.01005,0.30275,0.0,0.0,0.0,0.0,0.0,0.0,0.0,0.0
0.01005,0.30624999999999997,0.0,0.0,0.0,0.0,0.0,0.0,0.0,0.0
0.01005,0.30974999999999997,0.0,0.0,0.0,0.0,0.0,0.0,0.0,0.0
0.01005,0.31325,0.0,0.0,0.0,0.0,0.0,0.0,0.0,0.0
0.01005,0.31675,0.0,0.0,0.0,0.0,0.0,0.0,0.0,0.0
0.01005,0.32025,0.0,0.0,0.0,0.0,0.0,0.0,0.0,0.0
0.01005,0.32375,0.0,0.0,0.0,0.0,0.0,0.0,0.0,0.0
0.01005,0.32725,0.0,0.0,0.0,0.0,0.0,0.0,0.0,0.0
0.01005,0.33075,0.0,0.0,0.0,0.0,0.0,0.0,0.0,0.0
0.01005,0.33425,0.0,0.0,0.0,0.0,0.0,0.0,0.0,0.0
0.01005,0.33775,0.0,0.0,0.0,0.0,0.0,0.0,0.0,0.0
0.01005,0.34125,0.0,0.0,0.0,0.0,0.0,0.0,0.0,0.0
0.01005,0.34475,0.0,0.0,0.0,0.0,0.0,0.0,0.0,0.0
0.01005,0.34825,0.0,0.0,0.0,0.0,0.0,0.0,0.0,0.0
0.01035,0.00175,0.0,0.0,0.0,0.0,0.0,0.0,0.0,0.0
0.01035,0.0052499999999999995,43.0,0.01135217983523312,1.5535511400586015e-5,-0.04768601339643275,-20.915959760259184,121.76615472430043,542.9988643970881,-23.683159733856527
0.01035,0.008749999999999999,1988.0,0.008197013862175462,3.218323499384356e-5,-0.033715058810586604,-4.847815013145891,167.48024751291572,263.89172493037245,4.692613285039287
0.01035,0.01225,37246.0,0.009106348896809684,3.4115946331642234e-5,0.13644267565435855,-3.4909585912016268,174.2375319332849,253.83760727223196,-1.9893166666357929
0.01035,0.01575,214868.0,0.008823866076909105,3.4767820150990464e-5,-0.061083917891966225,-2.0113931934539577,171.12705481737953,247.0580953439248,1.282742774677414
0.01035,0.01925,700775.0,0.00856706941314646,3.511498719404911e-5,-0.05724294376935346,-1.4228498751919096,170.71553143246163,247.2179516513106,-0.4770080818657493
0.01035,0.02275,1.767526e6,0.008125370559808652,3.576093375332396e-5,-0.007291511211638636,-1.0820626557145856,170.9647576238651,246.0737015980494,0.3881301074916977
0.01035,0.02625,3.42436e6,0.007501897991626555,3.460068262823292e-5,-0.03167869300208319,-0.6338960947818971,169.3003443078088,243.6588668709322,0.1454841969339992
0.01035,0.02975,5.485416e6,0.0069796475412886114,3.383129518534733e-5,0.02506464475926881,-0.43670881596163724,169.0812829074265,244.5254075399595,-0.3129670494139456
0.01035,0.03325,7.575633e6,0.006713762762316975,3.390858678217712e-5,-0.006844093985068595,0.23384074776178207,169.96742088609437,243.906220199907,-0.19194710009516197
0.01035,0.03675,8.434647e6,0.006907491066072617,3.5612376988295626e-5,-0.03567289722803739,0.9517084352035213,170.23470611419182,244.324959340921,-0.010873877265947993
0.01035,0.04025,8.695721e6,0.007489216562932068,3.769052770932741e-5,-0.0038158451473780212,1.0848507035949126,170.3521482216535,248.52143382856164,-0.02341969807745545
0.01035,0.04375,8.019092e6,0.008301172564287515,4.0490571046773514e-5,0.0031063305634356523,1.198027020308879,170.5175853753765,246.87139713328352,0.07862900265779883
0.01035,0.04725,6.610168e6,0.009271466924182471,4.2977809282320986e-5,-0.026171978794586295,1.3572922858604135,170.68619112404517,247.07944665822407,0.11202589620275223
0.01035,0.050749999999999997,5.291315e6,0.010253231468676353,4.506613019532927e-5,0.023054804567252198,1.749491831224863,169.57584087946532,248.2868231741393,-0.10560986817937479
0.01035,0.05425,3.941374e6,0.011086771236252273,4.5847446026741694e-5,0.04039877450389965,1.8760186270072967,171.0229770301752,249.58441623813218,0.06588053256271968
0.01035,0.057749999999999996,2.53502e6,0.011792029226817408,4.615446711516857e-5,-0.010048086084749308,2.1637398733112234,171.30896416740813,250.3684892356571,-0.3609384294128216
0.01035,0.06125,1.281471e6,0.012266096117362341,4.662841084564877e-5,-0.022044170589272247,3.3768823914052697,169.47636529860924,249.11259583139832,0.3772417955552236
0.01035,0.06475,74014.0,0.012628234453606923,4.659843482248631e-5,-0.023364305317315617,7.070988060043044,160.41447018865625,264.8587674420542,0.47103388387130285
0.01035,0.06824999999999999,77279.0,0.013950243232119087,4.7931826169356356e-5,-0.12402283171225734,-3.4043557038070604,79.64780010020309,123.0855142698816,2.1522612504855205
0.01035,0.07175,203715.0,0.014067666892204799,4.869112463218761e-5,0.005791398549704173,-1.3646299354062663,67.29472976053276,97.04216993587649,0.6234252879363453
0.01035,0.07525,341216.0,0.01452866983815866,5.0965271354745556e-5,0.011294198309692787,-0.22452850842180344,60.51650217857002,84.1024582270012,-0.34843962206688556
0.01035,0.07875,423806.0,0.015431118786549456,5.598357462643862e-5,-0.04324737357166137,0.6066443548507473,53.55102851438354,78.36007062761578,-0.4977038572906791
0.01035,0.08225,439742.0,0.016458996569126375,5.6654982943255575e-5,0.010078649975697185,0.8614975879120612,50.7528487097461,72.16769830137115,0.5364139324741236
0.01035,0.08574999999999999,418417.0,0.017917734512551613,6.095606996889668e-5,-0.0007776684867510807,1.0114090629715053,47.38219793884368,68.59236486666367,-0.3616256810705947
0.01035,0.08925,359863.0,0.01951352115064496,6.603556973983342e-5,0.0343491514794051,0.849262994062237,45.23940747381627,65.80177674893794,0.11800656502232307
0.01035,0.09275,278788.0,0.021109363863767498,7.135921065452314e-5,-0.008139268118898462,0.8725748072904309,43.69122684462145,63.2401165270468,0.5335669955197968
0.01035,0.09625,206482.0,0.022921230994207262,7.427348799361194e-5,0.02514780014028479,1.0124627304216303,42.89935129355496,64.12257415458818,0.7502122505633878
0.01035,0.09974999999999999,144954.0,0.024012020948950843,7.553072444390684e-5,0.12938861525513118,0.8972669201673455,43.64566303035242,62.74827508292383,-0.027645564944549828
0.01035,0.10325,77029.0,0.025227945775563757,7.205943144748525e-5,0.040030960496588275,1.198944827086012,42.93617866733064,61.146937767059285,-0.1865674070867927
0.01035,0.10675,8849.0,0.02563974016418685,7.607573491217555e-5,0.46494850951345,2.754656936028129,41.10241058065913,64.08435284847052,-3.4048766971704167
0.01035,0.11025,0.0,0.0,0.0,0.0,0.0,0.0,0.0,0.0
0.01035,0.11374999999999999,5.0,0.023652722350367892,3.108112006934945e-5,0.9406005055989678,18.062268136472508,2.1297234020018045,338.4167929847672,16.41738267265424
0.01035,0.11725,20.0,0.024027340524620473,6.348398702679552e-5,-0.16294551123874385,20.86892353111027,5.491387336710005,461.7301620056387,0.9274709304852036
0.01035,0.12075,9.0,0.02552719284453568,0.00010170895419846325,-0.7453250009742787,23.872761308307485,11.0794572905963,594.231292980699,-14.754395232494879
0.01035,0.12425,10.0,0.03233074706716748,0.00010003415492951416,1.3624711456204512,28.379819726746266,7.374989665702055,818.1764774764507,33.89611500936098
0.01035,0.12775,12.0,0.025081615252647033,2.546166750149316e-5,1.1419259596973217,27.583688197381445,6.9874275414092,774.9653767819339,32.92708333914003
0.01035,0.13125,9.0,0.02243381096069272,3.5482716014037466e-5,0.01601215780371333,30.12603029976384,1.1339139864973586,922.1781907554962,1.3397443818362662
0.01035,0.13475,7.0,0.025429187025891063,2.9143638469738588e-5,-0.1848270945702822,28.332577912580128,1.6829420882984298,832.0335161537247,-9.6545449058979
0.01035,0.13824999999999998,7.0,0.023248268327844334,2.4812164866251584e-5,-1.428496864163454,31.557591221223,5.319521156614886,1010.258478526435,-46.28916217565597
0.01035,0.14175,6.0,0.02191029707867375,4.634657123103795e-5,-0.06075214839789578,32.28925168936532,1.5168012637616086,1065.2106389152493,-1.402379361083593
0.01035,0.14525,5.0,0.023345050128917754,1.3356808689414628e-5,0.9586564992082942,30.44499321731032,5.530281260462547,944.6410926617518,37.2391945500326
0.01035,0.14875,5.0,0.027552086392664973,0.00012397525736354285,-0.1929535457865138,34.49739897067611,1.0981784813680244,1194.9814006224406,-8.229204065156306
0.01035,0.15225,4.0,0.027501667654932546,7.760086091882851e-5,-0.4559055012895995,33.43168966257963,1.6909662653056423,1137.379561688641,-10.767973917838757
0.01035,0.15575,3.0,0.02090502071875985,3.603888368653621e-5,-1.0234006708359933,31.243226862131678,2.089777930760877,1039.6946446195125,-23.83691218195053
0.01035,0.15925,1.0,0.03451792202406376,0.0,-1.119827256397939,30.55208475202459,1.2540130841717354,933.4298826948935,-34.213057245097005
0.01035,0.16275,1.0,0.03414903040809887,0.0,0.8311768334430804,41.35941896544699,0.6908549284524661,1710.6015371593762,34.376990888745915
0.01035,0.16625,0.0,0.0,0.0,0.0,0.0,0.0,0.0,0.0
0.01035,0.16974999999999998,0.0,0.0,0.0,0.0,0.0,0.0,0.0,0.0
0.01035,0.17325,1.0,0.0400768022832313,0.0,0.786371819035091,32.898961625654856,0.6183806377725579,1082.3416760463108,25.870816297931864
0.01035,0.17675,1.0,0.036624238561289504,0.0,1.0124103649659886,25.7107871418495,1.0249747470905661,661.0445754534936,26.0298673938427
0.01035,0.18025,0.0,0.0,0.0,0.0,0.0,0.0,0.0,0.0
0.01035,0.18375,0.0,0.0,0.0,0.0,0.0,0.0,0.0,0.0
0.01035,0.18725,0.0,0.0,0.0,0.0,0.0,0.0,0.0,0.0
0.01035,0.19075,1.0,0.023849746978904646,0.0,1.3614137590918918,31.14538352956749,1.8534474234447156,970.0349152038539,42.401753669347165
0.01035,0.19425,3.0,0.023536031160262514,2.3219961693154462e-5,1.55658681001728,32.04736779088974,2.4608669188738252,1036.9544783647916,50.33307864830365
0.01035,0.19774999999999998,2.0,0.026312526180159772,4.515558923707788e-5,-0.8498444930888043,29.69401435935805,1.5511808823642297,881.7738137008648,-25.415844325796098
0.01035,0.20124999999999998,2.0,0.02129788278337713,1.2145047582225572e-5,1.2102946789851756,33.564458778632996,3.678567585991499,1126.6997111880476,40.09303296649469
0.01035,0.20475,1.0,0.019301028750132863,0.0,2.563323260021288,28.994060763220006,6.570626135366164,840.6555595412939,74.32115035683242
0.01035,0.20825,0.0,0.0,0.0,0.0,0.0,0.0,0.0,0.0
0.01035,0.21175,2.0,0.03309534180389057,2.6360633337099357e-5,1.2222091579890957,28.7602772491436,2.442407627505006,827.7196944365674,35.88391395998042
0.01035,0.21525,0.0,0.0,0.0,0.0,0.0,0.0,0.0,0.0
0.01035,0.21875,0.0,0.0,0.0,0.0,0.0,0.0,0.0,0.0
0.01035,0.22225,0.0,0.0,0.0,0.0,0.0,0.0,0.0,0.0
0.01035,0.22575,1.0,0.019030431438018552,0.0,-0.8498380240298604,43.63297779387898,0.7222246670869776,1903.8367511611361,-37.08096363088889
0.01035,0.22924999999999998,2.0,0.04011959152032606,7.603249898399572e-5,0.545047241188022,25.15517782290917,0.3088132317471046,637.5809856776634,13.473456605591874
0.01035,0.23274999999999998,0.0,0.0,0.0,0.0,0.0,0.0,0.0,0.0
0.01035,0.23625,0.0,0.0,0.0,0.0,0.0,0.0,0.0,0.0
0.01035,0.23975,2.0,0.026079554491133264,3.21701190696528e-6,1.0977208613083103,23.709887552642044,1.2114783276452226,562.7465302184999,25.965089055164853
0.01035,0.24325,1.0,0.024405815163585136,0.0,-1.934035684357539,26.114867503091496,3.7404940283683343,681.9863047040243,-50.50708564324802
0.01035,0.24675,0.0,0.0,0.0,0.0,0.0,0.0,0.0,0.0
0.01035,0.25025,1.0,0.0272371092646594,0.0,-2.191924833489309,28.83593982480547,4.804534475667134,831.5114255798022,-63.20621259899446
0.01035,0.25375,0.0,0.0,0.0,0.0,0.0,0.0,0.0,0.0
0.01035,0.25725,0.0,0.0,0.0,0.0,0.0,0.0,0.0,0.0
0.01035,0.26075,0.0,0.0,0.0,0.0,0.0,0.0,0.0,0.0
0.01035,0.26425,0.0,0.0,0.0,0.0,0.0,0.0,0.0,0.0
0.01035,0.26775,3.0,0.02997887424179726,4.705495972905293e-5,1.0304481257854865,34.25845615002956,1.1147989204469608,1183.4228524277269,35.093429084609355
0.01035,0.27125,0.0,0.0,0.0,0.0,0.0,0.0,0.0,0.0
0.01035,0.27475,0.0,0.0,0.0,0.0,0.0,0.0,0.0,0.0
0.01035,0.27825,0.0,0.0,0.0,0.0,0.0,0.0,0.0,0.0
0.01035,0.28175,0.0,0.0,0.0,0.0,0.0,0.0,0.0,0.0
0.01035,0.28525,0.0,0.0,0.0,0.0,0.0,0.0,0.0,0.0
0.01035,0.28875,0.0,0.0,0.0,0.0,0.0,0.0,0.0,0.0
0.01035,0.29225,0.0,0.0,0.0,0.0,0.0,0.0,0.0,0.0
0.01035,0.29575,0.0,0.0,0.0,0.0,0.0,0.0,0.0,0.0
0.01035,0.29925,0.0,0.0,0.0,0.0,0.0,0.0,0.0,0.0
0.01035,0.30275,1.0,0.016222635207706886,0.0,0.0025427914514559976,40.46288006104169,6.465788365597699e-6,1637.244662834245,0.10288866552050614
0.01035,0.30624999999999997,0.0,0.0,0.0,0.0,0.0,0.0,0.0,0.0
0.01035,0.30974999999999997,0.0,0.0,0.0,0.0,0.0,0.0,0.0,0.0
0.01035,0.31325,0.0,0.0,0.0,0.0,0.0,0.0,0.0,0.0
0.01035,0.31675,0.0,0.0,0.0,0.0,0.0,0.0,0.0,0.0
0.01035,0.32025,0.0,0.0,0.0,0.0,0.0,0.0,0.0,0.0
0.01035,0.32375,1.0,0.028905580046823698,0.0,-0.5216672210991351,34.81850780387681,0.27213668956929393,1212.3284856886305,-18.163674208866965
0.01035,0.32725,0.0,0.0,0.0,0.0,0.0,0.0,0.0,0.0
0.01035,0.33075,0.0,0.0,0.0,0.0,0.0,0.0,0.0,0.0
0.01035,0.33425,0.0,0.0,0.0,0.0,0.0,0.0,0.0,0.0
0.01035,0.33775,0.0,0.0,0.0,0.0,0.0,0.0,0.0,0.0
0.01035,0.34125,0.0,0.0,0.0,0.0,0.0,0.0,0.0,0.0
0.01035,0.34475,0.0,0.0,0.0,0.0,0.0,0.0,0.0,0.0
0.01035,0.34825,0.0,0.0,0.0,0.0,0.0,0.0,0.0,0.0
0.01065,0.00175,0.0,0.0,0.0,0.0,0.0,0.0,0.0,0.0
0.01065,0.0052499999999999995,44.0,0.012364050750755192,1.6672516367544205e-5,2.4295707074443804,-5.276602199556423,131.475713839666,369.95938172085357,52.42035983184343
0.01065,0.008749999999999999,2148.0,0.008209102183217227,2.8775354137537466e-5,0.9374534392462762,-3.8658545452378057,179.71520313948878,274.7044948388254,-5.131406679636491
0.01065,0.01225,33951.0,0.008832600653001323,3.259793783657229e-5,0.19780351839801585,-2.8936318661152733,172.6195733917458,261.32513809643694,-1.4961917828390547
0.01065,0.01575,206535.0,0.008837061278466342,3.5157105440084956e-5,0.10236095062242252,-2.232234311826088,168.69920731198934,250.3464781800845,-0.27995053813854587
0.01065,0.01925,700009.0,0.008598500771218787,3.5216823744947284e-5,0.03556765332335271,-1.541768051788896,169.80880589630453,247.70820728536498,-1.6044842654504619
0.01065,0.02275,1.776133e6,0.008177491147098752,3.531718076646179e-5,0.032519886568151,-1.1420952409211809,170.40404792758056,246.29782778109794,0.13217540217547522
0.01065,0.02625,3.412171e6,0.007619028107000222,3.5228329790145736e-5,-0.0237956718797951,-0.7172797137971795,169.35363151320604,244.31719572190713,-0.8167631142016993
0.01065,0.02975,5.440288e6,0.007116567654561468,3.435672444889298e-5,0.015498926366522416,-0.28222745097135343,169.27433796537704,244.68623282947527,-0.18157359144019874
0.01065,0.03325,7.433295e6,0.006873357219239662,3.440966049809115e-5,0.018645362136792073,0.2538181192679016,169.9303766710137,243.54946701480247,-0.09109799684520807
0.01065,0.03675,8.363707e6,0.007062184421552372,3.58595636383389e-5,-0.023329876056531647,0.9247552654130513,169.9259553225451,245.10330583860764,0.07588429283187656
0.01065,0.04025,8.596736e6,0.007617595403004752,3.819971445475237e-5,0.018982109785582343,1.084538249466338,170.70423138377552,247.59094772236645,-0.020449191716527954
0.01065,0.04375,7.884672e6,0.00840676493663775,4.054182614550166e-5,0.0227249833790132,1.1648527652210279,170.8578185328301,246.40103279840145,-0.16785844733795058
0.01065,0.04725,6.570918e6,0.009348730163676964,4.2868683054839195e-5,-0.028055378515830547,1.3602566411207846,171.24391814291243,247.74240560822463,0.1820733116971428
0.01065,0.050749999999999997,5.223092e6,0.010330501152833868,4.514801098375398e-5,0.017017751756502005,1.7327671670944276,169.41103099676093,248.2076004801776,0.006816529841904583
0.01065,0.05425,3.905734e6,0.01113811752922955,4.5862175859227214e-5,0.01979727726298909,1.8701762189513091,170.93657982109596,250.13371004374815,-0.1224051579813879
0.01065,0.057749999999999996,2.529973e6,0.01184129173897213,4.62215155121127e-5,-0.008135111695854383,2.1196481861664274,170.32286697152546,249.55259647806753,-0.0974040280657866
0.01065,0.06125,1.284314e6,0.012276353394177588,4.6294088828634235e-5,-0.04006897101672993,3.360302207347543,170.522566815442,248.92856989983196,0.31584245873265726
0.01065,0.06475,73318.0,0.012660593783570272,4.657239657174466e-5,-0.1828929144275232,7.012971500949118,161.57214839099274,260.2217470832865,-2.0921520990934956
0.01065,0.06824999999999999,76135.0,0.014008651211559676,4.958146516970612e-5,0.028060555284985158,-3.349395848434925,78.21451177909705,120.80377189252658,0.9226347247709573
0.01065,0.07175,199822.0,0.01409098887703816,4.802557308701606e-5,0.005389432440026156,-1.4131283754185846,65.87949766618823,94.83864050600837,0.36145319568628514
0.01065,0.07525,329981.0,0.014533951380081463,5.0741238141791356e-5,-0.004501196481692626,-0.2150453960039394,58.81980659820271,82.50441010585115,-0.24896414524000154
0.01065,0.07875,399948.0,0.015462965491233074,5.4439117865261786e-5,-0.027352791002162175,0.4745602758580469,52.88762970545177,77.33024211849556,0.1919651261665435
0.01065,0.08225,413964.0,0.016523042182536272,5.7414108577503335e-5,-0.01486785972222375,0.7266852983793572,49.60934867188331,70.81108764553679,0.29136567747466174
0.01065,0.08574999999999999,384948.0,0.018006758839349563,6.123771617125631e-5,-0.027231731800577866,0.9223550993022346,46.752102509082604,68.06424268055346,0.4452460803892762
0.01065,0.08925,328209.0,0.019557138305160746,6.586171332492835e-5,-0.017089323882243344,0.8965217021656551,44.5516939529812,65.73150050285622,-0.1667711694822961
0.01065,0.09275,260204.0,0.021081496007375904,7.03549229479537e-5,-0.024212143880900316,0.8554517243162946,44.40855726169778,64.08950165675925,0.4942711848888859
0.01065,0.09625,187609.0,0.022846724344332915,7.624844394129078e-5,0.05388232721539532,0.8659406700953335,42.44012103472971,63.593555325602054,0.3856814855489377
0.01065,0.09974999999999999,134448.0,0.024010491473586575,7.202506085509442e-5,0.10258227458177721,0.9371998945305304,43.346839875381676,63.643436325742215,0.4325885800110408
0.01065,0.10325,71266.0,0.02517747571845796,7.228914698211093e-5,0.1563145005743287,1.1382112612392457,43.21647624192346,62.5376979210627,0.36605221180878583
0.01065,0.10675,7484.0,0.02553273589379965,8.835878573425958e-5,-0.023704991019217456,3.3042253363028675,45.76754601040354,66.82972370311224,-1.4573232341151907
0.01065,0.11025,0.0,0.0,0.0,0.0,0.0,0.0,0.0,0.0
0.01065,0.11374999999999999,4.0,0.01973126340633339,2.0708349048092593e-5,0.6291809839749047,18.836149448663168,8.70812631447902,364.9398328887169,6.015156079230659
0.01065,0.11725,9.0,0.02578095818362471,4.6570402812138716e-5,0.6100787725430997,19.30646853961647,6.4871935664710865,398.1103308342919,14.975121623608054
0.01065,0.12075,9.0,0.025791813897820988,0.00013082460158797256,1.741843293984336,24.123031919787756,9.685234262082792,626.8902730140283,42.29039186273008
0.01065,0.12425,12.0,0.024608997233988652,9.008470613891178e-5,-0.011234544549905412,25.701697177431047,1.5430830186635425,685.1091190072024,-1.5111380094465159
0.01065,0.12775,12.0,0.02658789168025973,7.2834733419424e-5,0.5490072567850175,28.754615622958266,4.624071782014652,850.405312534358,15.122471729710528
0.01065,0.13125,8.0,0.02288168799022034,2.8060824106216102e-5,0.745138210303496,27.566816291435902,7.109614018294952,778.5166577722466,21.50063621098427
0.01065,0.13475,8.0,0.022989520692171635,6.423764412256388e-5,0.5970947726712976,32.24388242166701,4.834852448316691,1053.17343190157,21.165696180758694
0.01065,0.13824999999999998,5.0,0.028932065780184923,0.00019669782406997303,0.6995569057432259,32.23504760767508,3.279107549092121,1107.645463043286,10.282851731544115
0.01065,0.14175,8.0,0.02500117050565095,6.662037809037053e-5,-0.7955532365714705,32.649189972136064,2.388275775278579,1091.552107583417,-23.47746469703469
0.01065,0.14525,1.0,0.05897456497129632,0.0,-1.6831359392697123,32.13971669023222,2.8329465900613364,1032.9613889283914,-54.09551223927645
0.01065,0.14875,2.0,0.022307369469291675,4.0916963654285575e-7,0.3443180261657738,28.30721821525566,0.1293689146159535,804.9750488739422,9.547293609280157
0.01065,0.15225,1.0,0.03320124825020445,0.0,-1.7610075505704499,28.560022535769406,3.1011475931661354,815.6748872436564,-50.29441532995213
0.01065,0.15575,3.0,0.026720836518714947,8.685589328276377e-5,-0.1979563546949602,34.89205838216746,1.0404908787942426,1265.1865078373785,-4.94104668476912
0.01065,0.15925,1.0,0.056299697415330106,0.0,0.46881109744299787,41.76913944785996,0.21978384508570806,1744.6610102147713,19.581836103800843
0.01065,0.16275,0.0,0.0,0.0,0.0,0.0,0.0,0.0,0.0
0.01065,0.16625,1.0,0.017661039926269287,0.0,-1.2401294772702174,18.804181848134704,1.5379211203945027,353.5972549777187,-23.3196202058214
0.01065,0.16974999999999998,1.0,0.04424107426870295,0.0,-0.43031148064747254,21.581761202607698,0.18516797037702012,465.7724166063829,-9.286879618074297
0.01065,0.17325,1.0,0.02743015637385911,0.0,0.5312485719249346,40.01204911689215,0.28222504517228236,1600.9640745325898,21.256343953139293
0.01065,0.17675,1.0,0.02263702488277325,0.0,1.5548260047088844,25.507645058686883,2.417483904918992,650.6399564399534,39.659949856130446
0.01065,0.18025,1.0,0.026404017426158145,0.0,0.9105793662005678,30.42006350320663,0.8291547821502278,925.380263539124,27.699882144530918
0.01065,0.18375,0.0,0.0,0.0,0.0,0.0,0.0,0.0,0.0
0.01065,0.18725,1.0,0.02456247263957182,0.0,-2.094847115057947,36.747617155207145,4.388384435466603,1350.3873665856745,-76.9806397828396
0.01065,0.19075,2.0,0.022357281841992524,5.780257127233282e-5,-2.1482790619428958,35.69826566823251,6.65034031926617,1287.4530566662734,-71.5289338955628
0.01065,0.19425,1.0,0.03147301278636482,0.0,1.2844897879016852,30.408515147564675,1.6499140152237164,924.6777934796703,39.05942717230053
0.01065,0.19774999999999998,0.0,0.0,0.0,0.0,0.0,0.0,0.0,0.0
0.01065,0.20124999999999998,1.0,0.028475299644371753,0.0,0.7045176952632641,29.21727773620802,0.4963451829390615,853.6493183147168,20.58408917257995
0.01065,0.20475,1.0,0.021983462015052073,0.0,3.9865061375148745,34.91543554682617,15.892231184443764,1219.0876394245722,139.19059810142753
0.01065,0.20825,0.0,0.0,0.0,0.0,0.0,0.0,0.0,0.0
0.01065,0.21175,1.0,0.03340838438397436,0.0,1.271983506630404,38.418492562441585,1.617942041139779,1475.9805707703795,48.86768888902854
0.01065,0.21525,0.0,0.0,0.0,0.0,0.0,0.0,0.0,0.0
0.01065,0.21875,0.0,0.0,0.0,0.0,0.0,0.0,0.0,0.0
0.01065,0.22225,0.0,0.0,0.0,0.0,0.0,0.0,0.0,0.0
0.01065,0.22575,1.0,0.027249290957662178,0.0,0.7597836222303571,26.160276158869774,0.577271152609482,684.3600487083303,19.87614937853253
0.01065,0.22924999999999998,0.0,0.0,0.0,0.0,0.0,0.0,0.0,0.0
0.01065,0.23274999999999998,0.0,0.0,0.0,0.0,0.0,0.0,0.0,0.0
0.01065,0.23625,1.0,0.019508740182103954,0.0,-0.9954114551995575,32.55358677755744,0.9908439651425007,1059.7360120839628,-32.404213186213525
0.01065,0.23975,0.0,0.0,0.0,0.0,0.0,0.0,0.0,0.0
0.01065,0.24325,1.0,0.024628021681828816,0.0,0.8439203353102737,30.314387320035244,0.7122015323502048,918.9620785891136,25.58292791184965
0.01065,0.24675,0.0,0.0,0.0,0.0,0.0,0.0,0.0,0.0
0.01065,0.25025,0.0,0.0,0.0,0.0,0.0,0.0,0.0,0.0
0.01065,0.25375,0.0,0.0,0.0,0.0,0.0,0.0,0.0,0.0
0.01065,0.25725,1.0,0.02840625052270422,0.0,-1.15743617360053,36.69246534102977,1.3396584959590365,1346.3370128026706,-42.469186684291564
0.01065,0.26075,1.0,0.025792961845607292,0.0,0.6459792900507285,30.757408797277417,0.41728924317444327,946.0181959228382,19.868649098665298
0.01065,0.26425,2.0,0.028343756442469933,5.258889843937657e-5,0.9159436501157499,41.643074799914714,1.8324960340624155,1761.1424080663282,32.96367348742029
0.01065,0.26775,0.0,0.0,0.0,0.0,0.0,0.0,0.0,0.0
0.01065,0.27125,0.0,0.0,0.0,0.0,0.0,0.0,0.0,0.0
0.01065,0.27475,0.0,0.0,0.0,0.0,0.0,0.0,0.0,0.0
0.01065,0.27825,0.0,0.0,0.0,0.0,0.0,0.0,0.0,0.0
0.01065,0.28175,0.0,0.0,0.0,0.0,0.0,0.0,0.0,0.0
0.01065,0.28525,0.0,0.0,0.0,0.0,0.0,0.0,0.0,0.0
0.01065,0.28875,1.0,0.030671111946423364,0.0,-0.4058413561822323,34.70718946641489,0.16470720638783357,1204.5890006576205,-14.085612842323506
0.01065,0.29225,0.0,0.0,0.0,0.0,0.0,0.0,0.0,0.0
0.01065,0.29575,0.0,0.0,0.0,0.0,0.0,0.0,0.0,0.0
0.01065,0.29925,0.0,0.0,0.0,0.0,0.0,0.0,0.0,0.0
0.01065,0.30275,0.0,0.0,0.0,0.0,0.0,0.0,0.0,0.0
0.01065,0.30624999999999997,0.0,0.0,0.0,0.0,0.0,0.0,0.0,0.0
0.01065,0.30974999999999997,0.0,0.0,0.0,0.0,0.0,0.0,0.0,0.0
0.01065,0.31325,0.0,0.0,0.0,0.0,0.0,0.0,0.0,0.0
0.01065,0.31675,0.0,0.0,0.0,0.0,0.0,0.0,0.0,0.0
0.01065,0.32025,0.0,0.0,0.0,0.0,0.0,0.0,0.0,0.0
0.01065,0.32375,0.0,0.0,0.0,0.0,0.0,0.0,0.0,0.0
0.01065,0.32725,1.0,0.03075530857424146,0.0,1.1160580098750141,29.030697556338357,1.245585481406177,842.7814006075898,32.39994254001042
0.01065,0.33075,0.0,0.0,0.0,0.0,0.0,0.0,0.0,0.0
0.01065,0.33425,0.0,0.0,0.0,0.0,0.0,0.0,0.0,0.0
0.01065,0.33775,0.0,0.0,0.0,0.0,0.0,0.0,0.0,0.0
0.01065,0.34125,0.0,0.0,0.0,0.0,0.0,0.0,0.0,0.0
0.01065,0.34475,0.0,0.0,0.0,0.0,0.0,0.0,0.0,0.0
0.01065,0.34825,0.0,0.0,0.0,0.0,0.0,0.0,0.0,0.0
0.01095,0.00175,0.0,0.0,0.0,0.0,0.0,0.0,0.0,0.0
0.01095,0.0052499999999999995,84.0,0.010411079584736912,2.299692900579231e-5,-1.149215680863581,-12.098798369784387,129.37355105129674,346.33634854919205,63.865900265560576
0.01095,0.008749999999999999,2428.0,0.008025603734104271,2.8751418383943165e-5,0.9013453917051845,-6.114629115302636,168.3840854990253,280.7349739623007,0.22768716864405025
0.01095,0.01225,33174.0,0.009007368562793971,3.515448389915313e-5,0.14313602276196408,-2.319871031745305,173.03793092159128,250.70840197924346,-3.895642709655399
0.01095,0.01575,190412.0,0.008960843696920802,3.595624557999608e-5,0.034886565592499204,-1.822083241575684,169.40268781023852,250.28202493977275,-0.8253305542962573
0.01095,0.01925,692399.0,0.008654923022483186,3.550015232057654e-5,0.01953283851315376,-1.7546414281015268,169.0607440017745,246.0643463980621,-1.1076294861448923
0.01095,0.02275,1.774361e6,0.008240678288961887,3.4946326436725585e-5,0.024420071373064456,-1.2445001181188522,169.99539433505726,246.49360351602672,-0.015458103237455018
0.01095,0.02625,3.375741e6,0.007723420187270379,3.5556027701114985e-5,-0.06453643902456031,-0.6399332587653782,169.72743197877332,242.25110224939178,-0.46404042918474775
0.01095,0.02975,5.358399e6,0.007240226772221943,3.4435985489083145e-5,0.019280962038918097,-0.09816249652056894,169.74426031560367,245.54551606528793,-0.37813286381175165
0.01095,0.03325,7.239708e6,0.007013051740680208,3.466119425315844e-5,0.014832378212720834,0.21853332393889593,169.89580261948774,243.4852899680814,0.3752364110520765
0.01095,0.03675,8.271461e6,0.007205965877612682,3.600776257918492e-5,-0.01868594793496609,0.8016110824748529,170.5304545240233,245.69296282586342,-0.27407662984261205
0.01095,0.04025,8.442605e6,0.007769623050686248,3.866216769740894e-5,0.007313833367387319,0.9571023779642928,170.33770534755539,245.8878441322105,0.34264445916339925
0.01095,0.04375,7.697853e6,0.008524644297776952,4.061013513110601e-5,0.004918722323577116,1.2369125033236927,170.01199742149612,246.5894616259791,0.037353430623678116
0.01095,0.04725,6.5052e6,0.009450695958822548,4.333297334188983e-5,-0.04607161423408782,1.4038241368515423,170.3963638281064,246.30070425546222,-0.04483358680629045
0.01095,0.050749999999999997,5.137685e6,0.010403104316461626,4.5128530397820085e-5,0.011019959658513698,1.6572908168221048,170.20272542904425,246.78632499275966,-0.10307743453296757
0.01095,0.05425,3.838202e6,0.011230015272724474,4.627434176241348e-5,-0.02105862796532245,1.8197473287092167,171.25772405810235,249.65945307482886,-0.08666510967857247
0.01095,0.057749999999999996,2.497893e6,0.011874854069295107,4.642849337110425e-5,0.0009212248185562109,2.142096080821358,170.4091299000111,248.89083350479487,0.4293698582165224
0.01095,0.06125,1.260728e6,0.012364800832700524,4.683473579118858e-5,0.00829465772125429,3.3931500726901067,170.50265791081767,250.28788707495605,0.14449549039073742
0.01095,0.06475,73660.0,0.012748238148354863,4.896411343795784e-5,0.06602523162743479,7.062735372228488,159.65567630607083,259.46110963914845,-2.195700182076387
0.01095,0.06824999999999999,77161.0,0.01414673798658008,4.976420229929805e-5,0.09111946391032952,-3.5858750690171695,75.00226592309286,118.273680827303,-0.5979979949615889
0.01095,0.07175,191409.0,0.014215818046822546,4.9085920097105306e-5,0.014692073198339851,-1.5346171097740189,63.63261370009026,93.28588396234598,-0.6308117847663404
0.01095,0.07525,315199.0,0.014739996889290256,5.228436614944497e-5,-0.02793417758619293,-0.30003155324831166,57.319732182081125,80.34647308812282,-0.36629059362481786
0.01095,0.07875,365654.0,0.015531981452808928,5.4625674048420954e-5,-0.001095927302825245,0.30664437344728085,51.70347949116973,76.17066949860892,-0.382502234523919
0.01095,0.08225,380362.0,0.016555538761741304,5.7400846634879004e-5,-0.004498536573855817,0.7084577554087755,48.56824143551583,69.5379370114237,-0.15724729965739834
0.01095,0.08574999999999999,351359.0,0.01801074803173154,6.209062848519794e-5,-0.04702447916567632,0.7886273796588311,46.80451737998162,67.7130051472796,0.03238066000182089
0.01095,0.08925,291274.0,0.01952547729662021,6.429117069796177e-5,0.03195863450877315,0.7655908556640533,45.27322809089468,65.94321821638323,-0.007242424034052811
0.01095,0.09275,234680.0,0.021266072860178165,7.273646388966282e-5,0.04973561911088755,0.7957480951697236,43.55255664472024,64.68188259732231,0.166965783121224
0.01095,0.09625,172470.0,0.022886923539732006,7.746671383302038e-5,-0.07395031892389767,0.7952658290323426,42.53315813548006,62.87881579294332,-0.30377674873907573
0.01095,0.09974999999999999,121261.0,0.02394191298439252,7.220645405393697e-5,0.05599608743664954,0.883023499507653,43.107274601491746,61.99715764911509,-0.5634097259159497
0.01095,0.10325,63479.0,0.0250986673664334,7.353575033442765e-5,0.21076742143700508,0.9881421317761252,41.616633996161326,64.51395570146718,-0.4542694503504298
0.01095,0.10675,6818.0,0.025219909437373785,8.212090047961324e-5,-0.4422702048034373,2.922487042734146,41.4741249004144,64.86482426688424,-1.8915056042152472
0.01095,0.11025,0.0,0.0,0.0,0.0,0.0,0.0,0.0,0.0
0.01095,0.11374999999999999,4.0,0.026222824303815572,9.116480370819568e-5,2.369601409018091,16.3286523043378,7.378185903955048,281.2028213511534,34.082458260319335
0.01095,0.11725,5.0,0.02295912214026538,6.824060836668541e-5,1.9855478114794756,20.566351019391202,8.569267446880698,426.7446478276267,43.48228571984243
0.01095,0.12075,8.0,0.022274967741045273,4.5634450983590306e-5,-0.18409769152615454,24.66131287423935,5.228874171227472,618.3743984725911,-2.9610643718072094
0.01095,0.12425,16.0,0.024774871619871762,0.00010792301735455012,0.08747303966381778,25.69624202147243,6.63977815873508,673.2989423251311,2.347052482547652
0.01095,0.12775,8.0,0.027220380749392422,5.88740454722452e-5,-1.1179464336976244,31.035898693542013,3.6534209051442246,977.4910108139305,-33.59100353188403
0.01095,0.13125,12.0,0.027472971500780458,4.822405471152786e-5,-0.7219817928143121,29.866564392057132,7.935769659848572,902.7400931595437,-24.87451032587325
0.01095,0.13475,12.0,0.02908042218019207,7.217936644597666e-5,0.34222129783840405,31.91138335267048,6.449791713323133,1043.7776098888776,8.941355107032187
0.01095,0.13824999999999998,11.0,0.02959573572955097,0.00012475363358131498,-0.14481620268232023,30.99403998716148,3.168933305463929,987.8127929080765,-1.243708978120937
0.01095,0.14175,3.0,0.024699985404849942,3.1692054167959087e-5,0.3814953076231321,34.319349709132226,3.9848056765134663,1183.566363967036,16.417307725192686
0.01095,0.14525,6.0,0.024789749243758555,8.060545827796888e-6,0.5171120165606885,32.45539043571495,2.021876504502357,1064.274212187908,16.424488560927735
0.01095,0.14875,4.0,0.024022219197904322,4.516234309028455e-5,-1.4489602478567263,34.02012863800512,4.353694788102356,1179.2911434593952,-45.01282910931659
0.01095,0.15225,5.0,0.024601540069458763,4.856649568280268e-6,0.5280561335414851,29.197495287249776,3.456744835237797,884.6570765693511,22.260140875031155
0.01095,0.15575,2.0,0.03143608095051249,9.557845082983825e-6,0.1787553130686137,34.78800482915521,0.7468901990634429,1214.2845316821351,7.926289766075865
0.01095,0.15925,1.0,0.019043376307297313,0.0,0.7059585326812456,34.72832912432246,0.49837744986545734,1206.0568437672634,24.51676027107805
0.01095,0.16275,0.0,0.0,0.0,0.0,0.0,0.0,0.0,0.0
0.01095,0.16625,0.0,0.0,0.0,0.0,0.0,0.0,0.0,0.0
0.01095,0.16974999999999998,1.0,0.01981395607044164,0.0,1.6710718313882564,38.261940964790845,2.7924810656593015,1463.9761263931398,63.93845176050239
0.01095,0.17325,1.0,0.03822774346544628,0.0,-0.3445868128029678,33.048476919444894,0.11874007155770759,1092.201826695082,-11.38806932966396
0.01095,0.17675,1.0,0.024939867624200834,0.0,-0.2507658518557163,27.265771268068374,0.06288351245692306,743.4222828426228,-6.83732435854028
0.01095,0.18025,0.0,0.0,0.0,0.0,0.0,0.0,0.0,0.0
0.01095,0.18375,0.0,0.0,0.0,0.0,0.0,0.0,0.0,0.0
0.01095,0.18725,0.0,0.0,0.0,0.0,0.0,0.0,0.0,0.0
0.01095,0.19075,0.0,0.0,0.0,0.0,0.0,0.0,0.0,0.0
0.01095,0.19425,0.0,0.0,0.0,0.0,0.0,0.0,0.0,0.0
0.01095,0.19774999999999998,0.0,0.0,0.0,0.0,0.0,0.0,0.0,0.0
0.01095,0.20124999999999998,0.0,0.0,0.0,0.0,0.0,0.0,0.0,0.0
0.01095,0.20475,0.0,0.0,0.0,0.0,0.0,0.0,0.0,0.0
0.01095,0.20825,0.0,0.0,0.0,0.0,0.0,0.0,0.0,0.0
0.01095,0.21175,1.0,0.06156830575636366,0.0,2.019334627836255,36.237536747589935,4.077712339178587,1313.159069532931,73.17571278189715
0.01095,0.21525,0.0,0.0,0.0,0.0,0.0,0.0,0.0,0.0
0.01095,0.21875,1.0,0.037196868373885826,0.0,-1.099239976526027,27.24428074977932,1.2083285259929404,742.2508335727961,-29.94800253185591
0.01095,0.22225,1.0,0.042331498724065685,0.0,-2.3062781183415466,23.34761077370679,5.318918759141025,545.1109288405094,-53.846083842955316
0.01095,0.22575,0.0,0.0,0.0,0.0,0.0,0.0,0.0,0.0
0.01095,0.22924999999999998,1.0,0.020281085522729867,0.0,-0.6934187048464195,38.77854726198362,0.4808295002308859,1503.7757277498972,-26.88977001823035
0.01095,0.23274999999999998,0.0,0.0,0.0,0.0,0.0,0.0,0.0,0.0
0.01095,0.23625,0.0,0.0,0.0,0.0,0.0,0.0,0.0,0.0
0.01095,0.23975,0.0,0.0,0.0,0.0,0.0,0.0,0.0,0.0
0.01095,0.24325,0.0,0.0,0.0,0.0,0.0,0.0,0.0,0.0
0.01095,0.24675,0.0,0.0,0.0,0.0,0.0,0.0,0.0,0.0
0.01095,0.25025,0.0,0.0,0.0,0.0,0.0,0.0,0.0,0.0
0.01095,0.25375,0.0,0.0,0.0,0.0,0.0,0.0,0.0,0.0
0.01095,0.25725,1.0,0.03852881083074599,0.0,0.015969743829359694,41.032577559479705,0.000255032717975372,1683.6724211747176,0.6552797522832241
0.01095,0.26075,0.0,0.0,0.0,0.0,0.0,0.0,0.0,0.0
0.01095,0.26425,1.0,0.02788338312860012,0.0,0.961807341713217,31.889417442455834,0.925073362573445,1016.9349448192064,30.671475819111542
0.01095,0.26775,0.0,0.0,0.0,0.0,0.0,0.0,0.0,0.0
0.01095,0.27125,2.0,0.031695486235465586,0.00011219503650575016,-0.5808150029746781,26.888293894627907,3.371120248202273,724.5367740839524,-17.79010483808436
0.01095,0.27475,0.0,0.0,0.0,0.0,0.0,0.0,0.0,0.0
0.01095,0.27825,0.0,0.0,0.0,0.0,0.0,0.0,0.0,0.0
0.01095,0.28175,0.0,0.0,0.0,0.0,0.0,0.0,0.0,0.0
0.01095,0.28525,0.0,0.0,0.0,0.0,0.0,0.0,0.0,0.0
0.01095,0.28875,0.0,0.0,0.0,0.0,0.0,0.0,0.0,0.0
0.01095,0.29225,0.0,0.0,0.0,0.0,0.0,0.0,0.0,0.0
0.01095,0.29575,0.0,0.0,0.0,0.0,0.0,0.0,0.0,0.0
0.01095,0.29925,0.0,0.0,0.0,0.0,0.0,0.0,0.0,0.0
0.01095,0.30275,1.0,0.023921600362912333,0.0,0.544701068789423,36.841152161382865,0.2966992543403398,1357.2704925781654,20.06741495773901
0.01095,0.30624999999999997,0.0,0.0,0.0,0.0,0.0,0.0,0.0,0.0
0.01095,0.30974999999999997,0.0,0.0,0.0,0.0,0.0,0.0,0.0,0.0
0.01095,0.31325,0.0,0.0,0.0,0.0,0.0,0.0,0.0,0.0
0.01095,0.31675,0.0,0.0,0.0,0.0,0.0,0.0,0.0,0.0
0.01095,0.32025,0.0,0.0,0.0,0.0,0.0,0.0,0.0,0.0
0.01095,0.32375,1.0,0.021248267027446942,0.0,-0.15295626530426723,30.169079686477748,0.023395619095829382,910.1733691290443,-4.61454975651047
0.01095,0.32725,0.0,0.0,0.0,0.0,0.0,0.0,0.0,0.0
0.01095,0.33075,0.0,0.0,0.0,0.0,0.0,0.0,0.0,0.0
0.01095,0.33425,0.0,0.0,0.0,0.0,0.0,0.0,0.0,0.0
0.01095,0.33775,1.0,0.021292315089019045,0.0,0.5323368741965638,44.67253557735089,0.2833825476293682,1995.6354349096812,23.780837951681765
0.01095,0.34125,0.0,0.0,0.0,0.0,0.0,0.0,0.0,0.0
0.01095,0.34475,0.0,0.0,0.0,0.0,0.0,0.0,0.0,0.0
0.01095,0.34825,1.0,0.034883636348507385,0.0,0.09877120591856596,34.0445867364266,0.009755751118607759,1159.0338860540742,3.3626248869560715
0.01125,0.00175,0.0,0.0,0.0,0.0,0.0,0.0,0.0,0.0
0.01125,0.0052499999999999995,74.0,0.01013216499344482,1.7122599446151713e-5,-2.7794164475137104,-9.790307913940575,86.62793967447614,230.19825753147953,66.91163318829707
0.01125,0.008749999999999999,2563.0,0.007901099789716834,2.7021167207387284e-5,-0.9069151832826104,-4.7682465359762665,185.5128744865567,270.1099530383681,6.725238114694598
0.01125,0.01225,31942.0,0.009206610473490567,3.802307982783238e-5,-0.09532203760416019,-2.5615359540182308,171.54880767910768,239.08785587986674,-1.4320760450858612
0.01125,0.01575,172724.0,0.00893576249694815,3.5929010236015975e-5,-0.08380081910648851,-2.15568233910927,169.06614826215798,250.13761779804204,-1.8828483228960715
0.01125,0.01925,668122.0,0.008712889767182718,3.613213674775833e-5,0.022417310456883294,-2.142236970500043,168.29850591285307,246.3983037359635,-1.112558679072996
0.01125,0.02275,1.757646e6,0.00834802529300553,3.555094821423795e-5,-0.031180294763961853,-1.27740800680373,170.677869270694,246.03038259583082,-0.21432184089494827
0.01125,0.02625,3.331643e6,0.007846866018436456,3.5572716936440734e-5,0.00251908490879078,-0.5697812807563253,170.33873479224363,241.42508945571083,-0.2838217062693109
0.01125,0.02975,5.248194e6,0.007356282897405152,3.454731464673944e-5,-0.01895823724781223,-0.07724600024837638,169.98817987425682,244.36791488851657,-0.020664135959454637
0.01125,0.03325,7.093205e6,0.007162590082932762,3.477553655638535e-5,0.011118674756269993,0.22686110177868918,170.1247606651275,243.93155017686448,-0.03232848616043982
0.01125,0.03675,8.108829e6,0.007335006462722524,3.6339867220496416e-5,-0.019961895983695056,0.5964996860658222,169.7972278138706,245.4675390405424,0.30052593834122293
0.01125,0.04025,8.309868e6,0.00788554000332404,3.886776793599695e-5,0.0006489464033907816,0.8644017973583406,170.14413076396957,244.7784930796137,0.04183735297576803
0.01125,0.04375,7.540551e6,0.008615847006071228,4.0698908801031814e-5,-0.010729023796214739,1.269980360031361,170.7352711835929,246.47840920043004,-0.16628205442678703
0.01125,0.04725,6.460668e6,0.009542729145815797,4.366821152942158e-5,-0.033627031604402474,1.4547490303451878,169.86183728242167,246.36855290309057,-0.2725034241898946
0.01125,0.050749999999999997,5.082318e6,0.010474395895095898,4.5435308378705724e-5,-0.006851951934647365,1.6010959141291252,171.0979310992657,248.1113616249776,-0.6311758507085233
0.01125,0.05425,3.795255e6,0.011277987156114283,4.6252975107820034e-5,-0.0249444008495868,1.7284556886558766,170.39520938112025,248.12196760799492,-0.5788943049375123
0.01125,0.057749999999999996,2.467322e6,0.011949154626511707,4.656376097106691e-5,0.008228588000506814,2.113978876973709,171.13376564426468,248.1696739351088,0.07797922566898301
0.01125,0.06125,1.235614e6,0.012405998193342474,4.7305494724858494e-5,-0.004151084548973586,3.3855700918775917,170.36655040010393,248.58718644364947,0.511405028546795
0.01125,0.06475,71619.0,0.012749893419183792,4.756404605902138e-5,-0.0943362897664388,6.8296673773253325,162.20488144982954,255.3686008660238,-2.362927323855222
0.01125,0.06824999999999999,73797.0,0.014064070576278093,4.9370931717097e-5,0.12461484562848807,-3.426290968616685,73.71304910736298,113.93787665170089,-0.9954931144426422
0.01125,0.07175,181123.0,0.014137544694486538,4.773122897371472e-5,-0.056640918202095124,-1.606356464548706,62.000460427533795,91.0251981565066,0.3766879219892849
0.01125,0.07525,297731.0,0.01477955055816379,5.2350544234729635e-5,-0.0019734810016802354,-0.33317553445444126,55.41641462299618,79.27018221199108,-0.15989576796845278
0.01125,0.07875,340842.0,0.015479254545383908,5.414960705389724e-5,0.03278430437094368,0.3220062119765928,51.14616260178379,74.10797754994246,-0.22971373113485583
0.01125,0.08225,340570.0,0.01660479106826495,5.6408674956623415e-5,0.030832676992380646,0.7077767123395026,48.20159298430057,69.59855602961348,-0.5579621228325206
0.01125,0.08574999999999999,316214.0,0.018032002346155505,6.247791255990387e-5,0.0010478667424714556,0.8293028267938305,45.88370441142997,67.12315576472587,0.0925836630635962
0.01125,0.08925,261801.0,0.019650922274647604,6.697377638906557e-5,-0.04002804311211105,0.7455231790076627,44.79949399584579,65.44967322114584,-0.6856739000969365
0.01125,0.09275,208921.0,0.02127960166161751,7.29980871480816e-5,-0.025022940399864302,0.8111514585308757,43.322198917396406,63.29250465810482,-0.08329549910358403
0.01125,0.09625,152032.0,0.02275891360263733,7.637317127513798e-5,-0.025410405934614168,0.7951299176363823,42.69426039924482,63.91172475746305,-0.4038038009430037
0.01125,0.09974999999999999,106911.0,0.023952599774968202,7.34293573758532e-5,-0.06113522683949441,0.7923021015410665,42.65405419655237,62.4925474931688,-0.10313766651011615
0.01125,0.10325,55190.0,0.024958047155074548,7.238934272590294e-5,0.0382063738084463,0.9386442366726102,40.80276029205364,64.61353612945092,0.13391241860427072
0.01125,0.10675,6509.0,0.025931275092142624,9.549088194564898e-5,-0.3298968536875906,3.18598168735533,38.236540379157645,65.50512170803138,0.48948040454109437
0.01125,0.11025,1.0,0.02186795100441395,0.0,-0.35092145331252655,3.484885923675989,0.12314586639497575,12.14442990103505,-1.2229212329647445
0.01125,0.11374999999999999,4.0,0.024870733846272298,4.175674842442037e-5,-1.1893162718777934,13.1413062553074,7.3154767848229785,180.1464941167817,-13.138864462241001
0.01125,0.11725,5.0,0.02507130910054318,2.6435188723964082e-5,1.6822212017763327,15.537020420321078,5.845281617796581,247.37906805683113,26.135064988950433
0.01125,0.12075,5.0,0.0316273256450832,0.00012461586988118183,0.5530123245152478,27.033585533838814,3.3678810161071664,746.084554616627,10.423852341839567
0.01125,0.12425,11.0,0.01779462601352663,7.008467302937123e-6,0.5998751348244504,28.05037398282753,3.7217776333526373,797.0022137102494,17.941747537893505
0.01125,0.12775,8.0,0.02576848907995017,6.381668597650225e-5,-0.2616412381219524,25.979039751543098,3.403165661239064,698.2289405559727,-6.6864153916718045
0.01125,0.13125,14.0,0.0201130853492604,2.9228000817962602e-5,-0.7365269897277917,28.90071794296987,4.739238434589727,873.2652513900975,-23.08092644125267
0.01125,0.13475,8.0,0.025797445967388335,0.00010581394389044727,0.9098916631821207,28.798144055449598,8.36239656095814,870.841626425471,20.108329063902872
0.01125,0.13824999999999998,0.0,0.0,0.0,0.0,0.0,0.0,0.0,0.0
0.01125,0.14175,2.0,0.025038161360088827,1.8405998954497137e-6,0.9477270299895983,28.140407980504293,12.600859189111425,903.4205960474696,-9.459415145090475
0.01125,0.14525,4.0,0.025615606778889168,6.966575718816715e-5,-0.8249861605209439,30.297965218574483,4.510272527885692,923.8719074614597,-21.02255712433258
0.01125,0.14875,1.0,0.023294911101494,0.0,-2.1756904853445387,30.732003252629955,4.733629088018755,944.4560239196582,-66.86332707232441
0.01125,0.15225,1.0,0.03433438016026774,0.0,-0.44269961802982793,31.334478062472545,0.19598295180375555,981.8495154475731,-13.871761469420619
0.01125,0.15575,0.0,0.0,0.0,0.0,0.0,0.0,0.0,0.0
0.01125,0.15925,1.0,0.01760152143515821,0.0,-0.7464038285044977,35.831453068959895,0.5571186752061716,1283.8930290330754,-26.7447337515509
0.01125,0.16275,1.0,0.017726338069295376,0.0,-1.0426144904104477,42.6841921953051,1.0870449756138376,1821.9402633657448,-44.503157294289636
0.01125,0.16625,2.0,0.020314039668835503,1.3166905203757067e-6,0.5370376106004375,27.876651001589885,6.481844141007576,778.1370245099889,12.445887592098956
0.01125,0.16974999999999998,1.0,0.017789412113553373,0.0,-1.3850835903301713,18.844166409911814,1.9184565522019177,355.10260768444874,-26.10074566781987
0.01125,0.17325,0.0,0.0,0.0,0.0,0.0,0.0,0.0,0.0
0.01125,0.17675,0.0,0.0,0.0,0.0,0.0,0.0,0.0,0.0
0.01125,0.18025,1.0,0.040211371316119404,0.0,0.8502027420758018,26.134462561999296,0.7228447026332124,683.0101334045428,22.219591732889185
0.01125,0.18375,0.0,0.0,0.0,0.0,0.0,0.0,0.0,0.0
0.01125,0.18725,1.0,0.032735208850742506,0.0,1.9890061047532355,29.531915764030234,3.956145284745639,872.1340486937775,58.73916073971445
0.01125,0.19075,0.0,0.0,0.0,0.0,0.0,0.0,0.0,0.0
0.01125,0.19425,0.0,0.0,0.0,0.0,0.0,0.0,0.0,0.0
0.01125,0.19774999999999998,0.0,0.0,0.0,0.0,0.0,0.0,0.0,0.0
0.01125,0.20124999999999998,0.0,0.0,0.0,0.0,0.0,0.0,0.0,0.0
0.01125,0.20475,1.0,0.02530660159376675,0.0,-2.044722880157345,36.81310216962326,4.180891656638948,1355.2044913511206,-75.27259229579867
0.01125,0.20825,0.0,0.0,0.0,0.0,0.0,0.0,0.0,0.0
0.01125,0.21175,0.0,0.0,0.0,0.0,0.0,0.0,0.0,0.0
0.01125,0.21525,0.0,0.0,0.0,0.0,0.0,0.0,0.0,0.0
0.01125,0.21875,0.0,0.0,0.0,0.0,0.0,0.0,0.0,0.0
0.01125,0.22225,0.0,0.0,0.0,0.0,0.0,0.0,0.0,0.0
0.01125,0.22575,1.0,0.02916475696870678,0.0,-0.19676371518111654,41.17857615081367,0.03871595961187555,1695.6751338083602,-8.102449629302619
0.01125,0.22924999999999998,1.0,0.028496046268580898,0.0,-1.1736033362633929,28.182678966716185,1.3773447908885663,794.2633937409869,-33.075286060178264
0.01125,0.23274999999999998,0.0,0.0,0.0,0.0,0.0,0.0,0.0,0.0
0.01125,0.23625,0.0,0.0,0.0,0.0,0.0,0.0,0.0,0.0
0.01125,0.23975,3.0,0.038723084458625025,6.277075332018169e-6,-0.9147189471267997,32.91035225797048,7.647921641262366,1087.2551884660077,-25.65547056404621
0.01125,0.24325,0.0,0.0,0.0,0.0,0.0,0.0,0.0,0.0
0.01125,0.24675,0.0,0.0,0.0,0.0,0.0,0.0,0.0,0.0
0.01125,0.25025,0.0,0.0,0.0,0.0,0.0,0.0,0.0,0.0
0.01125,0.25375,0.0,0.0,0.0,0.0,0.0,0.0,0.0,0.0
0.01125,0.25725,1.0,0.02862451827934584,0.0,0.944858269594077,24.116950164112428,0.8927571496203136,581.6272852182825,22.78709979994986
0.01125,0.26075,0.0,0.0,0.0,0.0,0.0,0.0,0.0,0.0
0.01125,0.26425,0.0,0.0,0.0,0.0,0.0,0.0,0.0,0.0
0.01125,0.26775,0.0,0.0,0.0,0.0,0.0,0.0,0.0,0.0
0.01125,0.27125,1.0,0.03142159668246143,0.0,0.7565215675480447,28.415435505586654,0.5723248821653507,807.4369749721546,21.49688981124678
0.01125,0.27475,2.0,0.028327641396635475,1.7732009197401283e-5,-1.6782132199769024,35.65159566505581,5.045357334811116,1271.6061063459429,-60.95798111120134
0.01125,0.27825,0.0,0.0,0.0,0.0,0.0,0.0,0.0,0.0
0.01125,0.28175,0.0,0.0,0.0,0.0,0.0,0.0,0.0,0.0
0.01125,0.28525,0.0,0.0,0.0,0.0,0.0,0.0,0.0,0.0
0.01125,0.28875,0.0,0.0,0.0,0.0,0.0,0.0,0.0,0.0
0.01125,0.29225,1.0,0.04307876546257866,0.0,0.373823516440642,39.12257741688611,0.13974402144404693,1530.576063740247,14.624939462201613
0.01125,0.29575,0.0,0.0,0.0,0.0,0.0,0.0,0.0,0.0
0.01125,0.29925,0.0,0.0,0.0,0.0,0.0,0.0,0.0,0.0
0.01125,0.30275,1.0,0.031281614226326686,0.0,0.31303054173652456,41.06073999738314,0.09798812005986204,1685.9843691326994,12.853265685483425
0.01125,0.30624999999999997,0.0,0.0,0.0,0.0,0.0,0.0,0.0,0.0
0.01125,0.30974999999999997,0.0,0.0,0.0,0.0,0.0,0.0,0.0,0.0
0.01125,0.31325,0.0,0.0,0.0,0.0,0.0,0.0,0.0,0.0
0.01125,0.31675,0.0,0.0,0.0,0.0,0.0,0.0,0.0,0.0
0.01125,0.32025,0.0,0.0,0.0,0.0,0.0,0.0,0.0,0.0
0.01125,0.32375,0.0,0.0,0.0,0.0,0.0,0.0,0.0,0.0
0.01125,0.32725,0.0,0.0,0.0,0.0,0.0,0.0,0.0,0.0
0.01125,0.33075,0.0,0.0,0.0,0.0,0.0,0.0,0.0,0.0
0.01125,0.33425,0.0,0.0,0.0,0.0,0.0,0.0,0.0,0.0
0.01125,0.33775,0.0,0.0,0.0,0.0,0.0,0.0,0.0,0.0
0.01125,0.34125,0.0,0.0,0.0,0.0,0.0,0.0,0.0,0.0
0.01125,0.34475,0.0,0.0,0.0,0.0,0.0,0.0,0.0,0.0
0.01125,0.34825,0.0,0.0,0.0,0.0,0.0,0.0,0.0,0.0
0.01155,0.00175,0.0,0.0,0.0,0.0,0.0,0.0,0.0,0.0
0.01155,0.0052499999999999995,124.0,0.009354844959827437,1.947227773649617e-5,3.025242164754941,-10.452560824140289,138.73424618781368,226.24815676738598,21.079912669944523
0.01155,0.008749999999999999,2451.0,0.008650547904708832,3.913839068668366e-5,1.2572323352897674,-2.4061975987971858,169.32714813034278,210.36136016923064,-6.6130301374638805
0.01155,0.01225,28906.0,0.00909591294474213,3.5289928446028975e-5,0.18232907579490706,-2.581107569793433,177.82226984132498,249.5632737875987,-7.241973392624903
0.01155,0.01575,156020.0,0.008995267840619806,3.5169446266207e-5,0.07752765102371804,-2.506782803458051,173.23333103171976,256.4720931078414,0.461933512035408
0.01155,0.01925,649693.0,0.008736170961022355,3.5024908934511e-5,0.047166495884027215,-2.4758226653834328,168.62958358389332,248.476447988545,-0.24906150098396823
0.01155,0.02275,1.744314e6,0.00841953396976514,3.5457460176604785e-5,0.020897616818507197,-1.3907046916538581,169.94296872089743,244.20117346313532,-0.8152981848972554
0.01155,0.02625,3.279288e6,0.007932031518839155,3.549867009871409e-5,-0.00011442980939654383,-0.6023206593613871,170.38520062505384,241.44410553417794,0.1882218432979801
0.01155,0.02975,5.156544e6,0.007494751663396799,3.4884523598723617e-5,-0.0070987872238123684,-0.08437329725767849,168.81052829224006,242.30390785662783,0.09847025567759805
0.01155,0.03325,6.947251e6,0.007299569058360357,3.5092145418707216e-5,0.019399440808077838,0.24293412403572204,169.12777893822394,243.24112146798433,-0.12544173148983379
0.01155,0.03675,7.86007e6,0.0074670822302097,3.6441766640898075e-5,-0.036250316834072115,0.5785439117377708,169.52601014057277,244.12214389946246,0.06911189525535097
0.01155,0.04025,8.187517e6,0.008004145351079793,3.903884417646207e-5,-0.012549018589459003,0.7899986492424584,169.985849012951,245.1450040182792,0.17324944239237305
0.01155,0.04375,7.329099e6,0.008721148378243627,4.105612409697388e-5,0.01263624851424335,1.1625799298093138,170.68464302923772,246.38238398947888,-0.24471690712311228
0.01155,0.04725,6.349382e6,0.009620022730969595,4.363295121420766e-5,-0.01949837556591015,1.4814528261490933,170.44025141642166,246.73931225314016,-0.173311556593944
0.01155,0.050749999999999997,5.043074e6,0.010534779201354256,4.505212274099332e-5,-0.007282193619728523,1.5311300562413648,170.87023539581836,248.35901761126075,-0.22414444917231766
0.01155,0.05425,3.749083e6,0.011343816828046388,4.6512513147864266e-5,0.02781817113342135,1.7027637825258088,170.16260619852025,247.73307432647786,-0.17087119405251117
0.01155,0.057749999999999996,2.444955e6,0.012003528798823288,4.6633321661294604e-5,-0.03402793013132662,2.012491029110615,171.74524802129972,246.9828110018512,0.40584574443325516
0.01155,0.06125,1.222088e6,0.012455667870993387,4.716162343935854e-5,-0.03298431990282713,3.4650978082654587,170.89334260802093,248.40075064008929,-0.5898063137924839
0.01155,0.06475,70641.0,0.012770550487730736,4.9409399477303586e-5,-0.16389315885735556,7.0750272186530685,161.14315917055546,257.06175887715534,-1.3812564983546496
0.01155,0.06824999999999999,69510.0,0.01401799657415918,4.9791912272316965e-5,0.041500109948243186,-3.3241637916072238,70.82374527075599,107.31277646164071,-0.05284556540334323
0.01155,0.07175,167105.0,0.01429488620720762,4.883209374421542e-5,-0.17073431897676355,-1.5072213580266316,60.67636113768604,88.12585878337487,0.7533709616942144
0.01155,0.07525,265666.0,0.01477715048984747,5.152383124666505e-5,-0.020700258729787268,-0.36662156750954916,54.81143552713639,77.9378141245778,-0.23565087964092718
0.01155,0.07875,307274.0,0.015592689237592735,5.6531749534713414e-5,0.04272402928452092,0.21809505249237723,49.987240466605115,73.78340884275869,0.229044855512222
0.01155,0.08225,308239.0,0.016626799702438088,5.575979777948282e-5,0.013593805925026741,0.5850471686148592,47.65739111161859,69.41322799873659,-0.48174497571922503
0.01155,0.08574999999999999,275472.0,0.018042707888527146,6.002292929148558e-5,-0.0038234319609080593,0.6909197765515,45.96101459195504,66.87684833872011,-0.08857066412827325
0.01155,0.08925,229371.0,0.019750659922137113,6.834876122345072e-5,-0.0527158128678445,0.6068620590749187,44.896444441686825,64.49732740395612,0.5276480594830232
0.01155,0.09275,181459.0,0.021414115916896355,7.17239427391765e-5,0.030665474406445088,0.6836679397556994,43.26978524803997,62.79463432838534,0.4925255123735732
0.01155,0.09625,135740.0,0.022837366010703356,7.707276772698046e-5,0.041337273619535,0.7661896616080102,42.65600091639629,62.39680683829673,-0.6342894341576134
0.01155,0.09974999999999999,95098.0,0.024115016669144892,7.633442719938674e-5,0.0011767005823317242,0.734173684770436,42.259704694968605,60.134125312713884,-0.23936494000974995
0.01155,0.10325,48103.0,0.024976423834245632,7.23941471793816e-5,0.0503292772948772,1.0652922737716277,42.80016976274396,61.56959768122575,1.0050559405777677
0.01155,0.10675,5691.0,0.02527429548004249,8.075309480941952e-5,-0.1579997618944062,2.984941657853995,44.58430787634015,59.267919197837145,1.7541025159522623
0.01155,0.11025,0.0,0.0,0.0,0.0,0.0,0.0,0.0,0.0
0.01155,0.11374999999999999,2.0,0.04078170450162813,6.50349707746382e-5,-1.2914397487380325,14.9322619253434,7.254655669976893,223.47816290164252,-20.964996648680945
0.01155,0.11725,6.0,0.027752820426806026,5.409455634045695e-5,-1.3159034695696863,18.305202329404874,9.307769309691448,362.89131574245033,-20.56563110626938
0.01155,0.12075,7.0,0.021793839687341148,6.68200243733032e-5,-2.454382016304443,23.511602435773884,12.40921454879606,576.9571960149233,-51.50944406345661
0.01155,0.12425,13.0,0.025032326904123436,7.041248036207885e-5,0.6209144395168861,26.039002865471318,6.882519635101915,699.7373231293693,19.633204057691874
0.01155,0.12775,8.0,0.025198374889037322,8.796676536562787e-5,0.12584773647323044,29.26931207863901,3.7584419131877014,874.6140115395301,1.6671698384096567
0.01155,0.13125,9.0,0.02266278090055577,6.022697302244807e-5,-0.4646912571294214,30.058583061680455,2.4425845479282304,918.9695123308244,-13.898764989574095
0.01155,0.13475,6.0,0.028324152236148127,3.313110946448138e-5,-0.9329722585637221,30.459818010344282,2.7911266237220076,973.738190418849,-36.81644150188426
0.01155,0.13824999999999998,9.0,0.022568185780294448,4.9774622379791274e-5,1.2227581859868952,30.66578882332682,5.945585139290528,973.4785236703801,39.4495077477776
0.01155,0.14175,4.0,0.02311966153865602,6.88457400084525e-5,1.2497171151736681,28.145809312977455,4.922425485912603,801.3176116454886,34.74761658888394
0.01155,0.14525,7.0,0.024590766630677288,2.5176235300046484e-5,0.7138086229652397,34.65433658635008,2.6093244582464443,1226.2667902769992,28.037070082828066
0.01155,0.14875,3.0,0.02457948065255844,1.701902608178404e-5,-0.1696339914046876,29.91702260502758,7.280378952202241,907.9992349762996,-14.18013666332466
0.01155,0.15225,4.0,0.025691352849788872,6.403504858273392e-5,1.0566530789639463,26.864436735735847,1.6631046460649102,733.3496543215256,26.142578540851517
0.01155,0.15575,0.0,0.0,0.0,0.0,0.0,0.0,0.0,0.0
0.01155,0.15925,2.0,0.027724892840822753,1.3349624671272124e-5,-0.4862482492322991,34.342005872829766,0.3061139647949606,1188.3894220645775,-17.49133601734654
0.01155,0.16275,1.0,0.01682416608830676,0.0,1.0424878432013505,32.11342020388809,1.0867809032226035,1031.2717571914877,33.477850166169965
0.01155,0.16625,1.0,0.0416534339026965,0.0,0.5423929652465952,34.89187731994247,0.2941901287489942,1217.443102909916,18.92510880258402
0.01155,0.16974999999999998,0.0,0.0,0.0,0.0,0.0,0.0,0.0,0.0
0.01155,0.17325,0.0,0.0,0.0,0.0,0.0,0.0,0.0,0.0
0.01155,0.17675,0.0,0.0,0.0,0.0,0.0,0.0,0.0,0.0
0.01155,0.18025,2.0,0.02992398243508019,0.00011069952298152524,-0.7672734532953049,32.43499153898462,2.314134501460654,1099.5049464850265,-15.835718561419515
0.01155,0.18375,0.0,0.0,0.0,0.0,0.0,0.0,0.0,0.0
0.01155,0.18725,0.0,0.0,0.0,0.0,0.0,0.0,0.0,0.0
0.01155,0.19075,1.0,0.019739877903636377,0.0,0.9102099905685828,26.833360130379656,0.8284822269308595,720.0292158866486,24.42399247119625
0.01155,0.19425,0.0,0.0,0.0,0.0,0.0,0.0,0.0,0.0
0.01155,0.19774999999999998,1.0,0.027189027000031753,0.0,0.28943829282316064,33.78591879979198,0.08377452535238568,1141.488309146137,9.778938658873718
0.01155,0.20124999999999998,1.0,0.028876757175267876,0.0,-1.690901480316054,27.21626948903422,2.859147816135023,740.7253248997351,-46.02003036768862
0.01155,0.20475,0.0,0.0,0.0,0.0,0.0,0.0,0.0,0.0
0.01155,0.20825,0.0,0.0,0.0,0.0,0.0,0.0,0.0,0.0
0.01155,0.21175,0.0,0.0,0.0,0.0,0.0,0.0,0.0,0.0
0.01155,0.21525,0.0,0.0,0.0,0.0,0.0,0.0,0.0,0.0
0.01155,0.21875,0.0,0.0,0.0,0.0,0.0,0.0,0.0,0.0
0.01155,0.22225,2.0,0.02013792289072578,1.2882523282397966e-5,0.15379582841518913,31.80687851848411,0.47157253008824696,1030.417205287714,1.9945480143199852
0.01155,0.22575,0.0,0.0,0.0,0.0,0.0,0.0,0.0,0.0
0.01155,0.22924999999999998,0.0,0.0,0.0,0.0,0.0,0.0,0.0,0.0
0.01155,0.23274999999999998,0.0,0.0,0.0,0.0,0.0,0.0,0.0,0.0
0.01155,0.23625,0.0,0.0,0.0,0.0,0.0,0.0,0.0,0.0
0.01155,0.23975,0.0,0.0,0.0,0.0,0.0,0.0,0.0,0.0
0.01155,0.24325,0.0,0.0,0.0,0.0,0.0,0.0,0.0,0.0
0.01155,0.24675,1.0,0.02498675043161,0.0,-0.5082037166107679,28.63574568391299,0.2582710175769977,820.0059308737415,-14.552792384485338
0.01155,0.25025,0.0,0.0,0.0,0.0,0.0,0.0,0.0,0.0
0.01155,0.25375,0.0,0.0,0.0,0.0,0.0,0.0,0.0,0.0
0.01155,0.25725,0.0,0.0,0.0,0.0,0.0,0.0,0.0,0.0
0.01155,0.26075,0.0,0.0,0.0,0.0,0.0,0.0,0.0,0.0
0.01155,0.26425,0.0,0.0,0.0,0.0,0.0,0.0,0.0,0.0
0.01155,0.26775,2.0,0.05046586288503621,0.00016529257806739678,1.2395809147390446,35.447833844150686,2.279115600326774,1276.1372649497357,40.12661305649178
0.01155,0.27125,1.0,0.026744725833181795,0.0,-1.3955518933231583,29.885430783272344,1.9475650869578518,893.1389731017622,-41.70666951237392
0.01155,0.27475,0.0,0.0,0.0,0.0,0.0,0.0,0.0,0.0
0.01155,0.27825,0.0,0.0,0.0,0.0,0.0,0.0,0.0,0.0
0.01155,0.28175,0.0,0.0,0.0,0.0,0.0,0.0,0.0,0.0
0.01155,0.28525,0.0,0.0,0.0,0.0,0.0,0.0,0.0,0.0
0.01155,0.28875,0.0,0.0,0.0,0.0,0.0,0.0,0.0,0.0
0.01155,0.29225,0.0,0.0,0.0,0.0,0.0,0.0,0.0,0.0
0.01155,0.29575,0.0,0.0,0.0,0.0,0.0,0.0,0.0,0.0
0.01155,0.29925,0.0,0.0,0.0,0.0,0.0,0.0,0.0,0.0
0.01155,0.30275,0.0,0.0,0.0,0.0,0.0,0.0,0.0,0.0
0.01155,0.30624999999999997,0.0,0.0,0.0,0.0,0.0,0.0,0.0,0.0
0.01155,0.30974999999999997,0.0,0.0,0.0,0.0,0.0,0.0,0.0,0.0
0.01155,0.31325,0.0,0.0,0.0,0.0,0.0,0.0,0.0,0.0
0.01155,0.31675,0.0,0.0,0.0,0.0,0.0,0.0,0.0,0.0
0.01155,0.32025,0.0,0.0,0.0,0.0,0.0,0.0,0.0,0.0
0.01155,0.32375,1.0,0.03026730530544968,0.0,-1.9382855875765341,35.42000348733155,3.75695101900691,1254.576647042579,-68.65408227140531
0.01155,0.32725,0.0,0.0,0.0,0.0,0.0,0.0,0.0,0.0
0.01155,0.33075,0.0,0.0,0.0,0.0,0.0,0.0,0.0,0.0
0.01155,0.33425,0.0,0.0,0.0,0.0,0.0,0.0,0.0,0.0
0.01155,0.33775,0.0,0.0,0.0,0.0,0.0,0.0,0.0,0.0
0.01155,0.34125,0.0,0.0,0.0,0.0,0.0,0.0,0.0,0.0
0.01155,0.34475,0.0,0.0,0.0,0.0,0.0,0.0,0.0,0.0
0.01155,0.34825,0.0,0.0,0.0,0.0,0.0,0.0,0.0,0.0
0.01185,0.00175,0.0,0.0,0.0,0.0,0.0,0.0,0.0,0.0
0.01185,0.0052499999999999995,58.0,0.008287326019665822,2.5964195943655098e-5,-1.1752796346661831,-1.2978160967857415,177.96452462660915,121.75749989421469,4.351791752620329
0.01185,0.008749999999999999,2596.0,0.00801408638957248,3.176575595330175e-5,-0.2700293958627491,-4.7453719468399305,197.37141493428612,261.6666485257991,0.06807960214894923
0.01185,0.01225,23858.0,0.009107112860620655,3.5601753894463275e-5,0.30520707558797744,-2.8027952156605576,175.73473268917712,264.1216298696305,1.0130719807199449
0.01185,0.01575,140292.0,0.009036138154446757,3.558425928292499e-5,0.20853018909387142,-2.719723645171212,166.4307750617725,257.8441560396665,-1.5592610150732502
0.01185,0.01925,637955.0,0.008817083580996666,3.540713829673276e-5,0.07296791657654868,-2.8897705734648182,171.92816106426665,250.64514404237852,0.25390153363282836
0.01185,0.02275,1.724147e6,0.008476375322066245,3.534802673775951e-5,0.03069277239290215,-1.3929068603729184,168.86785200952266,244.8858912775922,0.12959741092849547
0.01185,0.02625,3.229758e6,0.008046973824180728,3.5812200793514576e-5,0.010409140848448118,-0.7048131129258668,169.50497702830788,242.95306282775928,0.13288221555034685
0.01185,0.02975,5.046254e6,0.007623809019934535,3.539465775302208e-5,0.007397999370862932,-0.18831141816545535,169.60509546110976,242.93509979500334,-0.4966999971381712
0.01185,0.03325,6.807619e6,0.007451920136230687,3.5716531380532656e-5,-0.004064423253312461,0.19553409249559628,169.89659022270143,242.27535931500393,0.06552623509331351
0.01185,0.03675,7.710301e6,0.0076202799767015285,3.674479761628189e-5,-0.029099935346811035,0.6358980780974504,169.59925632489362,244.12356917620272,0.07280394615805674
0.01185,0.04025,8.007717e6,0.008106692852583886,3.9223553732245766e-5,0.0055083933275783615,0.7964632443328203,169.68187358992068,244.4199658199406,0.3368874944421375
0.01185,0.04375,7.134993e6,0.00883061754112017,4.132786525210325e-5,-0.03409351419635783,1.0724873755705477,170.44120342378656,245.78890863542736,0.20124194857286576
0.01185,0.04725,6.225274e6,0.009704524002714196,4.375204635708941e-5,0.022340078313889736,1.4077737396418462,171.2007894725351,246.57165236992654,-0.004685239148447384
0.01185,0.050749999999999997,4.974855e6,0.010584084230831105,4.491198949275451e-5,0.006722510705068031,1.4750438555817524,170.61658106894092,246.99512904914988,0.05873618041691679
0.01185,0.05425,3.701728e6,0.011346312562868416,4.6118695417299464e-5,0.00621466378004047,1.727491021017696,170.14371322853964,247.92679343197972,0.21730573059824185
0.01185,0.057749999999999996,2.433805e6,0.012055581649837529,4.6529109795424794e-5,-0.03998039763212708,1.946502216203056,170.76651119913203,246.427491159779,-0.3852544545634042
0.01185,0.06125,1.19639e6,0.012487099260127187,4.736677989721456e-5,-0.00527043732327917,3.5243263443512416,171.57967587799504,247.4753880017271,0.36594231868872923
0.01185,0.06475,68867.0,0.01277043001064562,4.662933739015531e-5,0.11674613856844349,7.044855247442289,160.54954137665945,252.2651909608773,-1.0623325830516646
0.01185,0.06824999999999999,65195.0,0.014121025577695854,4.7467981476428245e-5,0.06732711422272142,-3.0904991755867743,67.2489140829418,105.34566510418229,-0.1310317009683788
0.01185,0.07175,154912.0,0.014289683023798168,4.9377744808077896e-5,-0.05485984232539275,-1.4066486617102192,60.408445646431474,84.64250131628818,0.1326436394489081
0.01185,0.07525,239600.0,0.014849149816964514,5.1825509898371924e-5,0.10759538248283683,-0.334058712399402,52.93153626219029,75.5590552856461,-0.12182974727381946
0.01185,0.07875,268302.0,0.015649326538068886,5.553289974011637e-5,0.0613811328299877,0.25176739120185526,48.64498018534583,71.76303719070246,0.6502182005123031
0.01185,0.08225,261913.0,0.01652088029430468,5.462855616276669e-5,-0.032824268984285684,0.5432380483394346,46.22814543709502,69.0683698395652,-0.22048568736301188
0.01185,0.08574999999999999,233873.0,0.018170791988577396,6.104239651697353e-5,0.005848627308865976,0.5397844282844485,45.451759540518815,64.9701244265285,0.15787326137405053
0.01185,0.08925,197580.0,0.019841024375025176,6.708524293262467e-5,0.038832944088987874,0.4933391582833351,43.67819866275657,63.210569637114205,0.0265117209831649
0.01185,0.09275,154289.0,0.02147764994460132,7.321783983283148e-5,0.056833440379327124,0.5640975024956586,43.357257528049246,62.52167161836239,0.4238132424138719
0.01185,0.09625,112984.0,0.022905914064190014,7.589160271786106e-5,0.04878137146658753,0.7173466110812959,43.53646289789373,63.366048722313614,0.4961708326462547
0.01185,0.09974999999999999,78076.0,0.024037178876783562,7.177666242455763e-5,0.03548538102511473,0.5513072958000547,42.31974998203273,59.291504026666296,0.5075914954305242
0.01185,0.10325,40344.0,0.024946310247306376,7.59062662036944e-5,-0.22046701086182627,1.0595307845485002,41.57185296022123,61.22676721473087,0.4486428438229043
0.01185,0.10675,4112.0,0.02488575252246886,6.415152828978047e-5,0.4102180823046297,3.3451821354401052,41.28393879368403,64.09134783802438,2.034464151894427
0.01185,0.11025,1.0,0.02660042448393444,0.0,3.624594862895073,8.47057260018552,13.137687920125352,71.75060017501367,30.702393932412193
0.01185,0.11374999999999999,0.0,0.0,0.0,0.0,0.0,0.0,0.0,0.0
0.01185,0.11725,3.0,0.02139131904578051,5.297404299515362e-5,-1.7958004594443722,19.660786038677053,3.234303450610952,388.66811387529873,-35.39474493702441
0.01185,0.12075,10.0,0.02523004969291692,3.253445437713008e-5,-0.512591909083046,20.871745088902994,2.167337150479377,469.26896494476466,-13.997954514072086
0.01185,0.12425,9.0,0.026263817873897023,6.515081564582403e-6,0.5670671949663509,27.209266167735688,6.985324425672285,777.1252433794735,4.128127622496336
0.01185,0.12775,8.0,0.021908201346796677,2.3786494502922353e-5,1.3539100375698745,28.86551451852957,5.938827314524898,842.3870650531272,38.1262940640014
0.01185,0.13125,8.0,0.023789155937488697,8.614022244380282e-5,0.15384382387725387,29.790343165147913,5.895599297384375,891.8565970261875,6.758990946607684
0.01185,0.13475,4.0,0.02687698466847052,5.03601375023047e-6,-0.7522057077956847,27.19720094812674,3.702438478703441,750.5360548067208,-16.965370581061467
0.01185,0.13824999999999998,6.0,0.02702344005273471,4.813582809436507e-5,-0.934671263328269,25.224476181485024,5.682668267957106,640.3447091762152,-21.786413595425174
0.01185,0.14175,4.0,0.029793501532925287,7.679904031319834e-5,1.0954917208443402,28.858551749060975,3.781518688399041,840.7186006813497,30.09569875743057
0.01185,0.14525,7.0,0.026250033969146484,4.8806373285640794e-5,-0.7593679781689163,33.440663563956775,2.8514399473347196,1146.516349030775,-29.37489648278755
0.01185,0.14875,1.0,0.031282278946643545,0.0,-0.07725193471859032,33.80267354244322,0.00596786141776534,1142.620738616991,-2.611321929814644
0.01185,0.15225,0.0,0.0,0.0,0.0,0.0,0.0,0.0,0.0
0.01185,0.15575,0.0,0.0,0.0,0.0,0.0,0.0,0.0,0.0
0.01185,0.15925,1.0,0.04563050606684401,0.0,0.9122480629220616,35.535520700424726,0.8321965283050538,1262.7732314503141,32.41720992388928
0.01185,0.16275,0.0,0.0,0.0,0.0,0.0,0.0,0.0,0.0
0.01185,0.16625,0.0,0.0,0.0,0.0,0.0,0.0,0.0,0.0
0.01185,0.16974999999999998,0.0,0.0,0.0,0.0,0.0,0.0,0.0,0.0
0.01185,0.17325,1.0,0.0432996590912936,0.0,2.247250385577597,28.36287445432381,5.050134295478659,804.452647311734,63.73848055356816
0.01185,0.17675,0.0,0.0,0.0,0.0,0.0,0.0,0.0,0.0
0.01185,0.18025,1.0,0.03012217392252722,0.0,1.2642958386668923,26.08089743350828,1.5984439676704205,680.2132109371788,32.97397009388255
0.01185,0.18375,1.0,0.02611324546972468,0.0,2.3445688776264486,28.145663910422,5.497003221934545,792.1783969584316,65.98944764450935
0.01185,0.18725,0.0,0.0,0.0,0.0,0.0,0.0,0.0,0.0
0.01185,0.19075,1.0,0.024634650414995064,0.0,0.5882084103742807,28.928664297324694,0.3459891340350382,836.8676180273085,17.016083640580568
0.01185,0.19425,1.0,0.03309726731227333,0.0,-2.545818158460857,17.445653523913236,6.481190095949029,304.3508268764263,-44.41346152739496
0.01185,0.19774999999999998,0.0,0.0,0.0,0.0,0.0,0.0,0.0,0.0
0.01185,0.20124999999999998,0.0,0.0,0.0,0.0,0.0,0.0,0.0,0.0
0.01185,0.20475,0.0,0.0,0.0,0.0,0.0,0.0,0.0,0.0
0.01185,0.20825,1.0,0.03172482806857152,0.0,-0.44313573523545047,19.014368778245952,0.19636927984266325,361.54622003513447,-8.425946288586013
0.01185,0.21175,0.0,0.0,0.0,0.0,0.0,0.0,0.0,0.0
0.01185,0.21525,0.0,0.0,0.0,0.0,0.0,0.0,0.0,0.0
0.01185,0.21875,1.0,0.021596633716673613,0.0,4.064525961415311,23.24264339317505,16.520371291019057,540.2204719023039,94.47032748347804
0.01185,0.22225,1.0,0.025793627708788337,0.0,-3.3294779585195493,37.37832327723572,11.085423476267506,1397.1390510175418,-124.45030347797454
0.01185,0.22575,0.0,0.0,0.0,0.0,0.0,0.0,0.0,0.0
0.01185,0.22924999999999998,0.0,0.0,0.0,0.0,0.0,0.0,0.0,0.0
0.01185,0.23274999999999998,1.0,0.02410445685069002,0.0,-0.7596021292744233,37.20169567879559,0.5769953947982377,1383.9661613777182,-28.25848725023224
0.01185,0.23625,0.0,0.0,0.0,0.0,0.0,0.0,0.0,0.0
0.01185,0.23975,1.0,0.0461209260212643,0.0,2.0058077868394677,29.627583243907974,4.023264877745843,877.7936888746966,59.42723717586515
0.01185,0.24325,0.0,0.0,0.0,0.0,0.0,0.0,0.0,0.0
0.01185,0.24675,0.0,0.0,0.0,0.0,0.0,0.0,0.0,0.0
0.01185,0.25025,0.0,0.0,0.0,0.0,0.0,0.0,0.0,0.0
0.01185,0.25375,0.0,0.0,0.0,0.0,0.0,0.0,0.0,0.0
0.01185,0.25725,0.0,0.0,0.0,0.0,0.0,0.0,0.0,0.0
0.01185,0.26075,0.0,0.0,0.0,0.0,0.0,0.0,0.0,0.0
0.01185,0.26425,0.0,0.0,0.0,0.0,0.0,0.0,0.0,0.0
0.01185,0.26775,0.0,0.0,0.0,0.0,0.0,0.0,0.0,0.0
0.01185,0.27125,0.0,0.0,0.0,0.0,0.0,0.0,0.0,0.0
0.01185,0.27475,2.0,0.025940303231690595,2.0466061883054767e-7,0.7300141296700431,34.03003989214726,2.4772809865332874,1162.3979687812757,27.752123471993098
0.01185,0.27825,0.0,0.0,0.0,0.0,0.0,0.0,0.0,0.0
0.01185,0.28175,0.0,0.0,0.0,0.0,0.0,0.0,0.0,0.0
0.01185,0.28525,1.0,0.019754283982836553,0.0,1.092686315418266,35.00123201833117,1.1939633839023462,1225.0862428010512,38.245367249210126
0.01185,0.28875,0.0,0.0,0.0,0.0,0.0,0.0,0.0,0.0
0.01185,0.29225,0.0,0.0,0.0,0.0,0.0,0.0,0.0,0.0
0.01185,0.29575,0.0,0.0,0.0,0.0,0.0,0.0,0.0,0.0
0.01185,0.29925,0.0,0.0,0.0,0.0,0.0,0.0,0.0,0.0
0.01185,0.30275,0.0,0.0,0.0,0.0,0.0,0.0,0.0,0.0
0.01185,0.30624999999999997,0.0,0.0,0.0,0.0,0.0,0.0,0.0,0.0
0.01185,0.30974999999999997,0.0,0.0,0.0,0.0,0.0,0.0,0.0,0.0
0.01185,0.31325,0.0,0.0,0.0,0.0,0.0,0.0,0.0,0.0
0.01185,0.31675,1.0,0.03343147992556747,0.0,-1.1113849593339982,30.8527992548981,1.2351765278338327,951.8952218630407,-34.289337045244935
0.01185,0.32025,0.0,0.0,0.0,0.0,0.0,0.0,0.0,0.0
0.01185,0.32375,0.0,0.0,0.0,0.0,0.0,0.0,0.0,0.0
0.01185,0.32725,1.0,0.034982662729655056,0.0,-0.7508295019263072,31.827646677241752,0.5637449409629065,1012.9990930113379,-23.89713610215991
0.01185,0.33075,0.0,0.0,0.0,0.0,0.0,0.0,0.0,0.0
0.01185,0.33425,0.0,0.0,0.0,0.0,0.0,0.0,0.0,0.0
0.01185,0.33775,0.0,0.0,0.0,0.0,0.0,0.0,0.0,0.0
0.01185,0.34125,0.0,0.0,0.0,0.0,0.0,0.0,0.0,0.0
0.01185,0.34475,0.0,0.0,0.0,0.0,0.0,0.0,0.0,0.0
0.01185,0.34825,0.0,0.0,0.0,0.0,0.0,0.0,0.0,0.0
0.01215,0.00175,0.0,0.0,0.0,0.0,0.0,0.0,0.0,0.0
0.01215,0.0052499999999999995,57.0,0.008513076403811166,1.6851267402022656e-5,3.6020071674467538,-10.415616256833877,164.5954914700794,294.3171363959272,10.851517055632385
0.01215,0.008749999999999999,2123.0,0.008317123542211487,3.260579701130868e-5,-1.49059126920906,-2.5815332446494517,199.68344963373474,214.8626477120254,13.100531967267974
0.01215,0.01225,20530.0,0.008971579721570373,3.187375188173728e-5,0.6897193663241046,-2.3380672507811178,168.45153774019525,248.73780363035232,-4.936313537201951
0.01215,0.01575,119578.0,0.008994503261053452,3.3371487409791526e-5,-0.03478448680529959,-2.892888591552707,170.5452320657621,257.02655595688793,-2.719823354149737
0.01215,0.01925,604316.0,0.0088629910944022,3.608247422982538e-5,-0.022311423156464803,-3.1626611084252727,169.27436010511877,249.52615925351827,0.050920849673107886
0.01215,0.02275,1.70966e6,0.008549052162998618,3.552332554810887e-5,-0.01172994752177263,-1.4196031077116642,169.94678473828168,245.06750116393133,-0.11317197584393678
0.01215,0.02625,3.182563e6,0.008146081195574808,3.5956075415170595e-5,0.00019041413935779708,-0.8001113472946793,169.1496530281176,241.98375888389873,-0.2750801827884168
0.01215,0.02975,4.93568e6,0.007749094725847333,3.549561623472188e-5,0.009779433530728802,-0.35082997812616534,169.6831331933793,242.59551294513318,-0.7440743484153739
0.01215,0.03325,6.724279e6,0.007578769812996991,3.58879308477326e-5,-0.020182567889668518,0.1878653278153649,169.86699146999007,243.63792227250156,-0.17979636545820002
0.01215,0.03675,7.549347e6,0.007756390386289889,3.721343513054805e-5,-0.02158589825601901,0.6626159508078837,169.33377660356354,244.71284479706426,0.005785201787721121
0.01215,0.04025,7.832474e6,0.008229801971717339,3.9192098774640404e-5,0.011278840987848758,0.8652408060739362,170.12918835832545,245.36473668387546,0.14683828094059975
0.01215,0.04375,7.001577e6,0.008947430180955663,4.166748117521942e-5,-0.027786691309079344,1.0264502847372423,170.3451667954086,244.95909885884103,0.05054510218581316
0.01215,0.04725,6.090411e6,0.009786915320986547,4.360355516763997e-5,-0.017259187134322833,1.3864661326136676,171.64127614878328,247.5533868733775,-0.12308745955069364
0.01215,0.050749999999999997,4.87491e6,0.010639841593416483,4.492397495046291e-5,-0.004438278323440644,1.4871486712888409,170.4795047614836,247.04255273022298,-0.17802382122354943
0.01215,0.05425,3.599358e6,0.011424130548666554,4.625159958688405e-5,-0.028525942113900866,1.7066985278227176,170.38908823846262,247.20997842392808,-0.521952061777646
0.01215,0.057749999999999996,2.408666e6,0.012082381320868998,4.6704413820415007e-5,-0.07032953126493634,2.000904367928261,170.7184771492074,247.57154455337658,-0.3135429416304382
0.01215,0.06125,1.169829e6,0.012543722986401173,4.729783916639439e-5,0.004265682011428724,3.4181442635048085,171.50346305522723,247.0876463459189,0.6116100569246231
0.01215,0.06475,68574.0,0.012793605264887473,4.599162854631838e-5,0.05708904781877329,7.076853883485665,161.29678784899383,255.19542504335055,-1.5270781408933616
0.01215,0.06824999999999999,57840.0,0.014137384107209208,4.8687061242462676e-5,0.14282889781084787,-3.122072805910028,66.18429038082193,101.82506497626477,-1.8273992159077852
0.01215,0.07175,134856.0,0.014328861408140475,5.0842026842906084e-5,-0.019401133546911864,-1.2047188205843018,58.171805020981225,83.18663126321583,-0.7387940809838902
0.01215,0.07525,202851.0,0.014839400138285086,5.079959465043439e-5,0.10834707380299852,-0.3687494819017602,51.45124732780031,73.97629581471428,0.08257479615617122
0.01215,0.07875,221745.0,0.015606611481598646,5.506009121632479e-5,0.04917555648458779,0.33520130021807537,48.046754687001716,69.7093651708668,0.19358004551334765
0.01215,0.08225,214259.0,0.01659174932129365,5.371352724921399e-5,-0.018763076709984314,0.5020619939255007,46.120227284970575,68.65521548033759,-0.18655652096765432
0.01215,0.08574999999999999,190640.0,0.018137399162568065,6.263494160300935e-5,0.12386130632445028,0.4876562868860749,45.13664643186553,65.454985137914,-0.07174298961739146
0.01215,0.08925,160199.0,0.01966202275927931,6.65621093191767e-5,0.07803330379031764,0.580145749748447,43.82713903091765,62.53410137181669,-0.18179958500491344
0.01215,0.09275,126593.0,0.021534657689644323,7.407376239824838e-5,-0.00047724327181215126,0.7116453143590779,43.0492023275408,62.76990227385453,0.12670460129969272
0.01215,0.09625,92791.0,0.023134967237935844,7.812186154674125e-5,0.0033769646898734757,0.5620995376752389,42.16072430790306,63.580431597374584,-0.5500331732440263
0.01215,0.09974999999999999,61346.0,0.024064200110348252,7.191316475307827e-5,0.08359108339331234,0.6558076578819348,41.50393081367399,61.14104889306558,0.32164302296753733
0.01215,0.10325,31705.0,0.02501843431410972,7.3764172077811e-5,-0.03662032126883386,1.0645260177424531,41.35178240953385,57.91921673901548,-0.5404632724179935
0.01215,0.10675,3448.0,0.025841706459471103,6.545414025033474e-5,0.019288400857796772,3.5914948832466727,46.25368376268606,68.81454923592679,1.9921722598430454
0.01215,0.11025,1.0,0.04350057230817539,0.0,1.3396158579120232,11.710709600471855,1.7945706467693658,137.14071934658367,15.687852288194671
0.01215,0.11374999999999999,1.0,0.011864591334773448,0.0,0.5463086260814055,13.578444148381609,0.29845311493095295,184.37414549071875,7.418021167025457
0.01215,0.11725,11.0,0.025324175081481378,1.6649137737304722e-5,-0.10162927281182593,19.629521876791202,5.384537602425113,400.43872103835565,1.0498680604383042
0.01215,0.12075,11.0,0.02581707236540312,5.000906578464044e-5,-0.8462589305544539,22.096310604211887,3.270913295884312,505.0487837667972,-19.721939991763634
0.01215,0.12425,13.0,0.026122026283809247,2.8968089602726637e-5,0.4005057036998182,26.109821444783055,4.728379623522176,702.3413510870682,11.017921916156686
0.01215,0.12775,7.0,0.0317428831251534,0.0002323664027648184,0.041134353976404525,28.60226233207411,4.408046918059411,831.8709377935586,3.472512118205392
0.01215,0.13125,10.0,0.022803623596314118,4.396749066913248e-5,-1.5857198951526523,29.346261581403493,6.814659104457873,883.2289488073448,-48.81901096856678
0.01215,0.13475,4.0,0.025066974505519295,6.061328754532561e-6,0.5466921891954365,32.69936868306618,1.6199463772310965,1089.6581410381248,15.939543005297288
0.01215,0.13824999999999998,4.0,0.024986462974874047,1.8773090401215964e-5,-0.9952172557801564,32.42044440619353,2.309650100562122,1055.4770468782144,-33.74100011362108
0.01215,0.14175,2.0,0.020285186620539342,5.726193222318484e-7,-2.076682667072069,27.427809109866217,9.434555820791251,752.798090451687,-55.3372845461422
0.01215,0.14525,2.0,0.031010179875198742,5.543677331480046e-6,-0.13736364745872043,31.10744565201447,0.07813336837712638,970.6133961036367,-4.690466047049451
0.01215,0.14875,3.0,0.025324050914213508,9.998760389222284e-6,-1.5927720027352756,37.58187311169273,3.274711479630685,1428.6812209100824,-59.06011208555306
0.01215,0.15225,1.0,0.03443744222772867,0.0,-1.1567606706327707,34.993786817036366,1.3380952491227773,1224.5651157961881,-40.4794363064552
0.01215,0.15575,2.0,0.028002458003882166,4.2163473348830356e-5,-0.3780922390292124,37.72246020522322,0.2595434030403614,1456.8533300280976,-12.275407324619778
0.01215,0.15925,1.0,0.02443019572982879,0.0,-0.13383426904593115,37.09104572978539,0.017911611571058687,1375.7456733290312,-4.964052993395034
0.01215,0.16275,2.0,0.0228130707589749,1.0126743415364481e-5,-0.5493477144257561,35.611122656823945,0.4041645085604703,1325.3459653730729,-17.1430533695121
0.01215,0.16625,0.0,0.0,0.0,0.0,0.0,0.0,0.0,0.0
0.01215,0.16974999999999998,0.0,0.0,0.0,0.0,0.0,0.0,0.0,0.0
0.01215,0.17325,0.0,0.0,0.0,0.0,0.0,0.0,0.0,0.0
0.01215,0.17675,1.0,0.03405157829556495,0.0,3.9403731089732537,27.0715198769905,15.526540237919544,732.8671884502918,106.6718889423283
0.01215,0.18025,1.0,0.02129504592612041,0.0,2.0578589982178817,40.05344787011897,4.234783656546304,1604.2786862843382,82.42434810917517
0.01215,0.18375,0.0,0.0,0.0,0.0,0.0,0.0,0.0,0.0
0.01215,0.18725,0.0,0.0,0.0,0.0,0.0,0.0,0.0,0.0
0.01215,0.19075,1.0,0.028307631064266505,0.0,-1.8332678603982215,40.128716853856545,3.360871047969073,1610.3139163369904,-73.56668688719564
0.01215,0.19425,0.0,0.0,0.0,0.0,0.0,0.0,0.0,0.0
0.01215,0.19774999999999998,0.0,0.0,0.0,0.0,0.0,0.0,0.0,0.0
0.01215,0.20124999999999998,1.0,0.03562290926545872,0.0,0.9946653426847557,33.448120962695896,0.9893591439381825,1118.7767959351365,33.269686699521074
0.01215,0.20475,0.0,0.0,0.0,0.0,0.0,0.0,0.0,0.0
0.01215,0.20825,2.0,0.025351183734464162,1.2226042438442727e-5,-0.8219286875200864,34.279616477753095,1.3190550770537712,1219.6102933293423,-22.823117190375683
0.01215,0.21175,0.0,0.0,0.0,0.0,0.0,0.0,0.0,0.0
0.01215,0.21525,0.0,0.0,0.0,0.0,0.0,0.0,0.0,0.0
0.01215,0.21875,0.0,0.0,0.0,0.0,0.0,0.0,0.0,0.0
0.01215,0.22225,0.0,0.0,0.0,0.0,0.0,0.0,0.0,0.0
0.01215,0.22575,1.0,0.02039314501790243,0.0,1.2974631058840864,29.605287028997772,1.68341051113038,876.4730200693438,38.411767659233305
0.01215,0.22924999999999998,1.0,0.041801336672575164,0.0,0.7216094105475686,30.173359729166663,0.5207201413908094,910.4316373456965,21.773380328403697
0.01215,0.23274999999999998,3.0,0.024883025019298042,4.2807746916418084e-5,0.13977139018729945,34.91693895622048,3.0361533098149645,1240.4532454084324,3.8935007180695713
0.01215,0.23625,0.0,0.0,0.0,0.0,0.0,0.0,0.0,0.0
0.01215,0.23975,0.0,0.0,0.0,0.0,0.0,0.0,0.0,0.0
0.01215,0.24325,0.0,0.0,0.0,0.0,0.0,0.0,0.0,0.0
0.01215,0.24675,0.0,0.0,0.0,0.0,0.0,0.0,0.0,0.0
0.01215,0.25025,1.0,0.032622888446167383,0.0,-0.34604256753457147,38.63992996401178,0.11974545854591845,1493.0441876237353,-13.371060574102657
0.01215,0.25375,1.0,0.06405151321204715,0.0,0.06294969299823612,37.85650269884888,0.003962663848572178,1433.1147965879525,2.383055222879434
0.01215,0.25725,0.0,0.0,0.0,0.0,0.0,0.0,0.0,0.0
0.01215,0.26075,0.0,0.0,0.0,0.0,0.0,0.0,0.0,0.0
0.01215,0.26425,0.0,0.0,0.0,0.0,0.0,0.0,0.0,0.0
0.01215,0.26775,0.0,0.0,0.0,0.0,0.0,0.0,0.0,0.0
0.01215,0.27125,0.0,0.0,0.0,0.0,0.0,0.0,0.0,0.0
0.01215,0.27475,0.0,0.0,0.0,0.0,0.0,0.0,0.0,0.0
0.01215,0.27825,0.0,0.0,0.0,0.0,0.0,0.0,0.0,0.0
0.01215,0.28175,0.0,0.0,0.0,0.0,0.0,0.0,0.0,0.0
0.01215,0.28525,0.0,0.0,0.0,0.0,0.0,0.0,0.0,0.0
0.01215,0.28875,0.0,0.0,0.0,0.0,0.0,0.0,0.0,0.0
0.01215,0.29225,0.0,0.0,0.0,0.0,0.0,0.0,0.0,0.0
0.01215,0.29575,0.0,0.0,0.0,0.0,0.0,0.0,0.0,0.0
0.01215,0.29925,0.0,0.0,0.0,0.0,0.0,0.0,0.0,0.0
0.01215,0.30275,0.0,0.0,0.0,0.0,0.0,0.0,0.0,0.0
0.01215,0.30624999999999997,0.0,0.0,0.0,0.0,0.0,0.0,0.0,0.0
0.01215,0.30974999999999997,0.0,0.0,0.0,0.0,0.0,0.0,0.0,0.0
0.01215,0.31325,0.0,0.0,0.0,0.0,0.0,0.0,0.0,0.0
0.01215,0.31675,0.0,0.0,0.0,0.0,0.0,0.0,0.0,0.0
0.01215,0.32025,0.0,0.0,0.0,0.0,0.0,0.0,0.0,0.0
0.01215,0.32375,1.0,0.045833009752431896,0.0,0.27011901452251935,26.466271158954488,0.07296428200661702,700.4635090593061,7.149043083542562
0.01215,0.32725,0.0,0.0,0.0,0.0,0.0,0.0,0.0,0.0
0.01215,0.33075,0.0,0.0,0.0,0.0,0.0,0.0,0.0,0.0
0.01215,0.33425,0.0,0.0,0.0,0.0,0.0,0.0,0.0,0.0
0.01215,0.33775,0.0,0.0,0.0,0.0,0.0,0.0,0.0,0.0
0.01215,0.34125,0.0,0.0,0.0,0.0,0.0,0.0,0.0,0.0
0.01215,0.34475,0.0,0.0,0.0,0.0,0.0,0.0,0.0,0.0
0.01215,0.34825,0.0,0.0,0.0,0.0,0.0,0.0,0.0,0.0
0.01245,0.00175,0.0,0.0,0.0,0.0,0.0,0.0,0.0,0.0
0.01245,0.0052499999999999995,45.0,0.009844944605019324,1.407751779959682e-5,-1.555528346072502,-8.491389065122348,79.52466921344121,131.78577534043822,-10.932975474202387
0.01245,0.008749999999999999,1599.0,0.007479470089999916,2.0714237808974534e-5,-0.11518540622532536,-3.5905450011674094,163.99682975112395,238.7648941718858,0.6057501785098736
0.01245,0.01225,15704.0,0.0088496184519017,3.096734808698359e-5,1.1917077674972352,-2.435080636220867,163.75416668777302,253.09602157790698,-8.771275485569307
0.01245,0.01575,93485.0,0.00896850137530788,3.2664956926025735e-5,-0.10725208279664211,-2.9718730738176626,167.9033362182637,252.9659013600379,1.4416988691669792
0.01245,0.01925,557981.0,0.008870704063556093,3.609321556949571e-5,0.057094706246817874,-3.692431671518921,168.3940574462837,252.07359263997466,-1.3627392495929376
0.01245,0.02275,1.676762e6,0.008617078922005191,3.594113728978569e-5,-0.051487559900835395,-1.5775867447641814,170.49434416335302,246.12270050955354,-0.25267837260627285
0.01245,0.02625,3.147618e6,0.008252196402320717,3.616777815736429e-5,0.012486617405787078,-0.8844311096615491,169.72841737590807,243.0369620209426,-0.28712006971653187
0.01245,0.02975,4.872849e6,0.007877514195930316,3.584173038785998e-5,-0.011584978864682398,-0.40930699195241393,170.8360368079556,243.63879216300828,-0.582588715604876
0.01245,0.03325,6.577311e6,0.007725182216576056,3.633251662976046e-5,0.0020923172278112527,0.21000056183021457,170.40867934919282,242.77181348430014,-0.03390289232071941
0.01245,0.03675,7.376319e6,0.007898997904623766,3.764467595366954e-5,-0.01159461706577727,0.6032561442730274,169.46595298390213,244.62436440518428,0.1779290569652769
0.01245,0.04025,7.608532e6,0.008335876722623977,3.928504654602024e-5,0.0007926497836330478,0.8209420220630058,170.22710147692013,245.66253670950042,0.10818109874404086
0.01245,0.04375,6.831734e6,0.009036448613720195,4.176003955452398e-5,-0.029364241220567477,1.0051262608365283,170.58479220640766,244.63907941031394,0.17964809133881313
0.01245,0.04725,6.000207e6,0.009851704034937306,4.3324162560609255e-5,-0.029513097143156683,1.3105028987602438,170.91802548518223,246.78211065176177,0.2417006881900504
0.01245,0.050749999999999997,4.756155e6,0.010702013835058595,4.511909614357297e-5,0.011116378301397402,1.4950032591095834,170.2580671599122,245.93698811296952,-0.10363671724882356
0.01245,0.05425,3.510555e6,0.01146401977670703,4.574386498647699e-5,0.01830795711852581,1.7322146542072798,169.0770618639467,247.30226947948657,0.11780684056795501
0.01245,0.057749999999999996,2.351941e6,0.012127343294557016,4.692982064421647e-5,-0.046353963809963934,2.051111884844012,171.04910287897485,247.91915575617412,-0.48358957418113657
0.01245,0.06125,1.149171e6,0.012584458080179545,4.744600225294124e-5,-0.0064987256967279005,3.3615120242598024,170.42221792295345,245.8970187242686,-0.9300548837329142
0.01245,0.06475,65705.0,0.01284495310573455,4.7571845527361704e-5,0.07476418133660924,7.366846613426927,162.3498101723775,257.4097086158282,-2.8598327601740943
0.01245,0.06824999999999999,47591.0,0.014407697884409753,5.041766096958873e-5,0.15863718536218382,-2.751617124447687,62.85160507698644,95.3213797588082,-2.772400341780059
0.01245,0.07175,108214.0,0.014355899768833868,5.0982972718342486e-5,0.025615329027382963,-1.257663640043322,56.92012511950477,80.19573214982789,0.1474785909112193
0.01245,0.07525,155926.0,0.01484532659598863,5.108518633546061e-5,0.09135589329775773,-0.37599059125183193,50.3185667504417,71.94194421223496,-0.4613428511826005
0.01245,0.07875,168291.0,0.01558392335239448,5.401415440210383e-5,-0.01587099249412655,0.2755813274057951,46.82687540355321,68.07256485529904,-0.42310162536558393
0.01245,0.08225,162443.0,0.016720527478584907,5.635724747636839e-5,-0.03066533660091061,0.6011516764428555,45.80262489721215,67.45662573263354,0.48027177291762496
0.01245,0.08574999999999999,140730.0,0.01813880896421639,6.240808199968732e-5,0.013315903881267363,0.3911262694056786,44.87752710339769,63.68773735211244,0.20084971864158527
0.01245,0.08925,117840.0,0.019639449941421014,6.490424438445886e-5,-0.0010814790839045463,0.5039487447561851,43.32065337419405,63.31585023901032,-0.059911712145145075
0.01245,0.09275,91734.0,0.02141979685085245,7.294587849649248e-5,0.009082234423643603,0.3851418652181624,42.70570521405538,63.59795981896425,0.6985113347413296
0.01245,0.09625,65364.0,0.02347318684666863,8.151871165098627e-5,0.01536703012210384,0.7754188268764363,42.51656186820682,64.408221702516,-0.12534840330011718
0.01245,0.09974999999999999,45251.0,0.023856026870846096,6.901817942816702e-5,0.15875882317188958,0.7516139970411331,42.143635466182594,59.463949873363454,1.319308960388504
0.01245,0.10325,22788.0,0.02535336240398692,7.783219368320764e-5,0.03891771510220888,0.9290577091514793,41.270268274581674,59.34017036407586,-0.7319807439084571
0.01245,0.10675,2654.0,0.02491957638731343,6.076055763216168e-5,0.48931876866477014,3.284706361870846,41.331607996504026,57.10020192161733,1.3372642841741011
0.01245,0.11025,1.0,0.0210677239105816,0.0,3.1186326378195957,1.5910441427258353,9.72586952967361,2.531421464102188,4.961882191716489
0.01245,0.11374999999999999,2.0,0.024390720677335033,5.716101151633324e-6,-0.2004805316781159,11.220224875273654,0.06931857619437023,134.73853299056242,-1.7418707224561603
0.01245,0.11725,4.0,0.02046551304478774,2.623306669768007e-5,-0.29554404834106274,20.164744942910502,4.584672591762124,411.7935818468617,-4.976817466512587
0.01245,0.12075,6.0,0.028619391546874342,9.780120268439037e-5,-1.3679648085338478,26.371567018961628,3.4590852613789504,713.8392737078958,-36.68474253065618
0.01245,0.12425,5.0,0.02231891757403709,1.3291085766354336e-5,-1.2902085785456159,26.890977640567737,8.766598588355038,724.3137658399273,-32.063800756599846
0.01245,0.12775,11.0,0.0257631660155294,6.262657863640838e-5,0.10874098632882889,25.964989688798003,4.3053726106749215,682.7733666313003,4.875501161904667
0.01245,0.13125,10.0,0.02277281877830516,7.364070816799936e-5,-0.4623697871872311,26.650404328576425,4.031095411749906,717.0749380459904,-13.386080989626937
0.01245,0.13475,2.0,0.03220695271349384,0.00012205125040720909,1.2955455130643818,29.75712730148404,2.7714170140246535,897.1432093386202,34.98234310099157
0.01245,0.13824999999999998,8.0,0.025339024320473184,3.6363181249765045e-5,-0.4767239941232951,30.279778427710635,1.9968601695550547,947.0825105837246,-19.511960122416248
0.01245,0.14175,0.0,0.0,0.0,0.0,0.0,0.0,0.0,0.0
0.01245,0.14525,7.0,0.025116374512034523,2.8209048074699726e-5,1.7458716664380747,31.08961430327078,9.766459385673175,1013.0855081111931,41.52148256956001
0.01245,0.14875,1.0,0.031748220972797676,0.0,4.340132963200397,31.99350857974345,18.836754138258662,1023.5845912421179,138.8560811953793
0.01245,0.15225,1.0,0.029995395884802364,0.0,1.1347246689950954,35.23745072566889,1.2876000744260288,1241.677933643943,39.98480461091562
0.01245,0.15575,0.0,0.0,0.0,0.0,0.0,0.0,0.0,0.0
0.01245,0.15925,3.0,0.02067633668197954,3.763986632313917e-5,1.2479597224468546,37.01994441933051,3.383615697008792,1394.16755162498,45.62724923116631
0.01245,0.16275,0.0,0.0,0.0,0.0,0.0,0.0,0.0,0.0
0.01245,0.16625,0.0,0.0,0.0,0.0,0.0,0.0,0.0,0.0
0.01245,0.16974999999999998,1.0,0.022357038505454237,0.0,-1.6442837576282407,26.18385145051314,2.703669075600047,685.594076782539,-43.05368165222941
0.01245,0.17325,0.0,0.0,0.0,0.0,0.0,0.0,0.0,0.0
0.01245,0.17675,0.0,0.0,0.0,0.0,0.0,0.0,0.0,0.0
0.01245,0.18025,0.0,0.0,0.0,0.0,0.0,0.0,0.0,0.0
0.01245,0.18375,1.0,0.04823108995041772,0.0,-1.9914650562923042,27.87164260556352,3.9659330704333104,776.8284615322635,-55.505402310447536
0.01245,0.18725,0.0,0.0,0.0,0.0,0.0,0.0,0.0,0.0
0.01245,0.19075,0.0,0.0,0.0,0.0,0.0,0.0,0.0,0.0
0.01245,0.19425,1.0,0.022447582161164097,0.0,1.27826298166943,30.877361828233546,1.6339562503064216,953.4114734716541,39.469388596643654
0.01245,0.19774999999999998,0.0,0.0,0.0,0.0,0.0,0.0,0.0,0.0
0.01245,0.20124999999999998,0.0,0.0,0.0,0.0,0.0,0.0,0.0,0.0
0.01245,0.20475,2.0,0.029950485663872053,4.5194888687010274e-5,1.0265963539394258,32.15260671603578,1.239751867973621,1036.0352886770047,32.36178529590239
0.01245,0.20825,1.0,0.02387850595891603,0.0,-0.08291437764294354,27.888959280441927,0.006874794019916656,777.794049746148,-2.312395701847237
0.01245,0.21175,2.0,0.0289820912068163,1.7718381394763298e-7,-0.6190101904454205,36.718100280176614,0.39835080479553325,1352.1161898716475,-22.48567034444364
0.01245,0.21525,2.0,0.035163652733669365,6.87564602224224e-7,0.4273487707224106,31.06412863058201,0.638678801125151,1009.9032002096621,8.748930881226755
0.01245,0.21875,0.0,0.0,0.0,0.0,0.0,0.0,0.0,0.0
0.01245,0.22225,1.0,0.022189822588435916,0.0,0.8948606677638002,33.846700549488666,0.8007756147106745,1145.5991380867563,30.288081055316812
0.01245,0.22575,0.0,0.0,0.0,0.0,0.0,0.0,0.0,0.0
0.01245,0.22924999999999998,0.0,0.0,0.0,0.0,0.0,0.0,0.0,0.0
0.01245,0.23274999999999998,0.0,0.0,0.0,0.0,0.0,0.0,0.0,0.0
0.01245,0.23625,0.0,0.0,0.0,0.0,0.0,0.0,0.0,0.0
0.01245,0.23975,0.0,0.0,0.0,0.0,0.0,0.0,0.0,0.0
0.01245,0.24325,1.0,0.03183175713767328,0.0,1.3018361833911054,39.59348458541916,1.6947774483863198,1567.6440216158248,51.544230859836645
0.01245,0.24675,1.0,0.024210808044066938,0.0,-1.0297681206993607,26.88358950786468,1.0604223824086931,722.7273848273719,-27.683863445166864
0.01245,0.25025,1.0,0.023245656093266107,0.0,-1.8670074844658862,32.83040937060844,3.4857169470516363,1077.8357794417348,-61.29462001300492
0.01245,0.25375,0.0,0.0,0.0,0.0,0.0,0.0,0.0,0.0
0.01245,0.25725,0.0,0.0,0.0,0.0,0.0,0.0,0.0,0.0
0.01245,0.26075,0.0,0.0,0.0,0.0,0.0,0.0,0.0,0.0
0.01245,0.26425,0.0,0.0,0.0,0.0,0.0,0.0,0.0,0.0
0.01245,0.26775,0.0,0.0,0.0,0.0,0.0,0.0,0.0,0.0
0.01245,0.27125,0.0,0.0,0.0,0.0,0.0,0.0,0.0,0.0
0.01245,0.27475,0.0,0.0,0.0,0.0,0.0,0.0,0.0,0.0
0.01245,0.27825,0.0,0.0,0.0,0.0,0.0,0.0,0.0,0.0
0.01245,0.28175,0.0,0.0,0.0,0.0,0.0,0.0,0.0,0.0
0.01245,0.28525,0.0,0.0,0.0,0.0,0.0,0.0,0.0,0.0
0.01245,0.28875,0.0,0.0,0.0,0.0,0.0,0.0,0.0,0.0
0.01245,0.29225,0.0,0.0,0.0,0.0,0.0,0.0,0.0,0.0
0.01245,0.29575,1.0,0.04929834615734691,0.0,1.057271032836473,40.1106865460417,1.1178220368751022,1608.8671751948104,42.40786699231353
0.01245,0.29925,0.0,0.0,0.0,0.0,0.0,0.0,0.0,0.0
0.01245,0.30275,1.0,0.03597813138014365,0.0,1.1033561476571985,24.872425769813912,1.2173947885729335,618.6375636749032,27.443143880271506
0.01245,0.30624999999999997,0.0,0.0,0.0,0.0,0.0,0.0,0.0,0.0
0.01245,0.30974999999999997,0.0,0.0,0.0,0.0,0.0,0.0,0.0,0.0
0.01245,0.31325,0.0,0.0,0.0,0.0,0.0,0.0,0.0,0.0
0.01245,0.31675,0.0,0.0,0.0,0.0,0.0,0.0,0.0,0.0
0.01245,0.32025,0.0,0.0,0.0,0.0,0.0,0.0,0.0,0.0
0.01245,0.32375,0.0,0.0,0.0,0.0,0.0,0.0,0.0,0.0
0.01245,0.32725,1.0,0.03893147643167921,0.0,0.038890811754914566,30.99510827097225,0.001512495238956201,960.6967367292923,1.2054249210895773
0.01245,0.33075,0.0,0.0,0.0,0.0,0.0,0.0,0.0,0.0
0.01245,0.33425,0.0,0.0,0.0,0.0,0.0,0.0,0.0,0.0
0.01245,0.33775,0.0,0.0,0.0,0.0,0.0,0.0,0.0,0.0
0.01245,0.34125,0.0,0.0,0.0,0.0,0.0,0.0,0.0,0.0
0.01245,0.34475,0.0,0.0,0.0,0.0,0.0,0.0,0.0,0.0
0.01245,0.34825,0.0,0.0,0.0,0.0,0.0,0.0,0.0,0.0
0.01275,0.00175,0.0,0.0,0.0,0.0,0.0,0.0,0.0,0.0
0.01275,0.0052499999999999995,14.0,0.008134037016815959,2.006757521781285e-6,6.485511562033064,-4.197683703550312,82.15722532715793,107.13854351183815,-14.135725836059981
0.01275,0.008749999999999999,362.0,0.007507166474234039,1.6942369397888303e-5,1.7702824568729056,-5.721117767063573,151.13657513622107,232.1364435930979,-0.8275508067731667
0.01275,0.01225,3609.0,0.008917680795315358,3.1630898730913685e-5,0.8996780681016917,-3.1588366044748146,153.50493251944545,229.03175874961983,-5.922394048849639
0.01275,0.01575,21170.0,0.008917963881408943,3.5256582269883374e-5,0.08084433946960766,-3.704780590529181,166.46270879241584,263.8416822826143,-2.5349912738507228
0.01275,0.01925,443878.0,0.008892049605506994,3.5439970410900634e-5,0.004181042388148673,-3.862277026313803,168.6773177981001,247.6846131112052,-1.2126893038686746
0.01275,0.02275,1.649646e6,0.00871388967830553,3.6192801940331844e-5,-0.0027193856622085787,-1.6358022214854966,169.2021677871419,244.55499614559056,0.00859514261881523
0.01275,0.02625,3.11985e6,0.00833919403863495,3.647572617415416e-5,0.026740471675779497,-0.9930030696966741,169.54075089734678,242.70552169327505,-0.10866026306879589
0.01275,0.02975,4.805567e6,0.007994334679155909,3.606539443561304e-5,-0.013003610488523124,-0.4832614560359693,170.69906772369748,244.02348097902754,-0.17914568674855458
0.01275,0.03325,6.421467e6,0.007853432161388254,3.669056644174453e-5,-0.0038164395169417776,0.14474781798262132,170.87820298876667,242.76414625295288,0.31068092887450643
0.01275,0.03675,7.169641e6,0.008028787987090117,3.807378590588059e-5,0.0009003364747231309,0.6099784859953165,170.09516292575725,244.84291234191525,0.15798222720666708
0.01275,0.04025,7.355415e6,0.008442311399120593,3.9520706075207594e-5,0.013552198309671833,0.701598749099828,169.6491924150075,244.67189928297395,-0.2261407181623854
0.01275,0.04375,6.6589e6,0.009151372818211573,4.187665945578178e-5,-0.0168793893396415,1.0600138121453042,169.90569396010793,244.49613450348136,0.0999291516351153
0.01275,0.04725,5.856584e6,0.009952522283875678,4.3736291895602107e-5,-0.009675788047938998,1.2649615397316223,171.14922836947866,245.86470123282243,0.10017186954564496
0.01275,0.050749999999999997,4.636383e6,0.010747407977918393,4.476329310877225e-5,-0.025943661927678927,1.4047354602721533,169.76163684619488,245.64082353984196,0.04378747460431407
0.01275,0.05425,3.431517e6,0.011532406239941636,4.5812218502677575e-5,0.007125016729304712,1.7160278915286682,169.71659472005783,245.47641678558432,0.2635044985506572
0.01275,0.057749999999999996,2.298778e6,0.012164015473610013,4.673380305719708e-5,-0.004196972730290866,2.0341535014043157,170.09818505708438,247.21073510554086,0.1269527435394021
0.01275,0.06125,1.127032e6,0.012591493303941713,4.714698980827863e-5,0.08090906803723187,3.2950672981498275,169.9813672139963,247.2519308581909,-0.22572067701872456
0.01275,0.06475,61552.0,0.012872702940105969,4.715908659579278e-5,0.07566793945372156,8.094083523039739,162.1614611523227,261.75987166091363,1.9601082603629036
0.01275,0.06824999999999999,11929.0,0.014204699267651113,4.872858495046851e-5,-0.0733521217754188,-2.213259305168266,61.8329007493029,90.05720294971081,0.8872208695420151
0.01275,0.07175,26172.0,0.014380403094219315,5.104874235840459e-5,-0.07337118893868486,-0.9772372385506642,54.09413675295552,76.66932318628209,0.551012348456525
0.01275,0.07525,37544.0,0.015076596656034351,5.176878941828562e-5,0.0041230973958830495,-0.4181472686012558,50.42353158238059,70.85983557887995,-0.05458969054473324
0.01275,0.07875,39545.0,0.015513182014415434,5.1731163806223085e-5,0.051176483339549786,0.35127850154406887,46.50216420526826,66.29280045428276,-0.5631877469985527
0.01275,0.08225,37270.0,0.016714763273808195,5.755155917129059e-5,0.019651890441214598,0.6781533618897659,44.391133779560775,66.39608994463212,0.210561528626736
0.01275,0.08574999999999999,31318.0,0.01801049484467218,5.9493585898184936e-5,-0.013142990854497518,0.3184423238827288,44.363724611757995,63.16900867194646,0.16800119838069796
0.01275,0.08925,26352.0,0.01970023708952754,6.740686005640795e-5,0.08430646477117307,0.5039826635504453,42.03072559512913,61.8129728660493,1.5029308682641576
0.01275,0.09275,20273.0,0.02121801172357136,7.335742743986048e-5,-0.14187642571154183,0.3398157746319257,42.19840818654901,60.08933231876148,-0.009829093607128855
0.01275,0.09625,14705.0,0.023387460977452527,8.145295571308676e-5,0.05656373680348223,0.6071878336662314,41.44636196211227,61.505056080733304,0.5288069433592271
0.01275,0.09974999999999999,10364.0,0.02430149671991369,6.586408520542201e-5,0.24531866846252454,0.8151295811564363,44.65871475462102,58.79522193347782,0.689858050593477
0.01275,0.10325,5338.0,0.025626017498823404,8.2360732923062e-5,-0.0602111757455968,1.087455661175432,39.80328133425421,53.92628038432555,-2.0407925194496106
0.01275,0.10675,610.0,0.026564975458839523,8.29245110802602e-5,-1.4859100281092559,2.314754275101434,47.178748516498956,52.726442042661944,-3.053027304340919
0.01275,0.11025,0.0,0.0,0.0,0.0,0.0,0.0,0.0,0.0
0.01275,0.11374999999999999,0.0,0.0,0.0,0.0,0.0,0.0,0.0,0.0
0.01275,0.11725,6.0,0.0251741157896857,5.6140809657347875e-5,1.5788326238907717,18.694492976059912,4.741736286219372,363.77913705433616,29.61681086784217
0.01275,0.12075,2.0,0.026346285736327427,9.864485431599617e-6,0.36722607732642865,20.06435808457223,3.102577909318748,407.50207147684756,11.190706854027464
0.01275,0.12425,4.0,0.029258822033983445,3.1365286420264156e-5,-1.098096121543116,21.52693769297636,7.696926686145371,479.9859050789523,-20.785884486502102
0.01275,0.12775,9.0,0.030333479804427188,4.8756151522178273e-5,0.6027262187626442,24.512006657634824,2.532117767108011,609.2427756481495,15.393158825693382
0.01275,0.13125,4.0,0.021546731042631193,3.555652491260765e-5,-1.129283601864388,29.836897435144532,1.5556603430694191,897.8854597189826,-34.67973783178003
0.01275,0.13475,7.0,0.022408829814643427,3.572238414856639e-5,-0.6023050887659607,32.777025266428474,4.052385840128592,1082.731527191074,-17.429700236740633
0.01275,0.13824999999999998,4.0,0.0259552830132162,3.733147012393983e-5,-0.26923278182493987,31.278184946421863,2.7793467431830905,997.6453046524148,-3.774666374090474
0.01275,0.14175,1.0,0.039601707062211576,0.0,-0.5685225237256166,21.684012158161813,0.3232178599833443,470.19638327530936,-12.32784931665511
0.01275,0.14525,4.0,0.02191329601960935,2.647891586669021e-5,0.41483385646718485,34.217138547274125,0.9685482553002772,1177.8530252842877,13.64109115733107
0.01275,0.14875,3.0,0.027694955299660946,1.27379406689091e-6,0.14103165929677786,34.499128761048524,1.2469485821728623,1192.6675570000089,3.8016863150742317
0.01275,0.15225,2.0,0.027329344228311722,4.633781919668481e-5,-2.1133529795853843,33.793950289457186,5.21294939534687,1142.4690327244289,-70.84669139388886
0.01275,0.15575,1.0,0.02823023998429097,0.0,-1.8666981457546503,26.325695053219956,3.4845619673638497,693.0422200351296,-49.14212614154806
0.01275,0.15925,1.0,0.0225937042923785,0.0,-0.4097951094674816,29.456673187448136,0.16793203174346522,867.695595272126,-12.071200613398139
0.01275,0.16275,0.0,0.0,0.0,0.0,0.0,0.0,0.0,0.0
0.01275,0.16625,0.0,0.0,0.0,0.0,0.0,0.0,0.0,0.0
0.01275,0.16974999999999998,0.0,0.0,0.0,0.0,0.0,0.0,0.0,0.0
0.01275,0.17325,0.0,0.0,0.0,0.0,0.0,0.0,0.0,0.0
0.01275,0.17675,0.0,0.0,0.0,0.0,0.0,0.0,0.0,0.0
0.01275,0.18025,0.0,0.0,0.0,0.0,0.0,0.0,0.0,0.0
0.01275,0.18375,0.0,0.0,0.0,0.0,0.0,0.0,0.0,0.0
0.01275,0.18725,1.0,0.026686529240783602,0.0,-1.1511382963495536,20.26008062099904,1.3251193773225527,410.4708667693809,-23.32215468996144
0.01275,0.19075,0.0,0.0,0.0,0.0,0.0,0.0,0.0,0.0
0.01275,0.19425,0.0,0.0,0.0,0.0,0.0,0.0,0.0,0.0
0.01275,0.19774999999999998,0.0,0.0,0.0,0.0,0.0,0.0,0.0,0.0
0.01275,0.20124999999999998,1.0,0.018004851409571213,0.0,-1.1889033715915158,30.812853217776663,1.413491226981674,949.4319234202496,-36.633505078969165
0.01275,0.20475,1.0,0.019791020612666327,0.0,0.8071556608443661,30.071342936795265,0.6515002608331053,904.2856660223465,24.272254680626542
0.01275,0.20825,0.0,0.0,0.0,0.0,0.0,0.0,0.0,0.0
0.01275,0.21175,0.0,0.0,0.0,0.0,0.0,0.0,0.0,0.0
0.01275,0.21525,1.0,0.023530449970306056,0.0,-1.6702559128138836,22.99572324253012,2.7897548142897395,528.8032874470399,-38.408742715267586
0.01275,0.21875,0.0,0.0,0.0,0.0,0.0,0.0,0.0,0.0
0.01275,0.22225,0.0,0.0,0.0,0.0,0.0,0.0,0.0,0.0
0.01275,0.22575,0.0,0.0,0.0,0.0,0.0,0.0,0.0,0.0
0.01275,0.22924999999999998,0.0,0.0,0.0,0.0,0.0,0.0,0.0,0.0
0.01275,0.23274999999999998,1.0,0.059555737501684324,0.0,-1.3148661216116055,29.736373348028756,1.7288729177619455,884.2518998933549,-39.09934989491728
0.01275,0.23625,0.0,0.0,0.0,0.0,0.0,0.0,0.0,0.0
0.01275,0.23975,0.0,0.0,0.0,0.0,0.0,0.0,0.0,0.0
0.01275,0.24325,0.0,0.0,0.0,0.0,0.0,0.0,0.0,0.0
0.01275,0.24675,1.0,0.03204502125157634,0.0,-0.5804176172255027,30.816320054343713,0.33688461038573014,949.6455816917465,-17.88633505760065
0.01275,0.25025,1.0,0.034070394053479156,0.0,-0.3718272869277009,29.109536017374758,0.1382555313040148,847.3650871468383,-10.823719801064648
0.01275,0.25375,1.0,0.025703724270179716,0.0,1.4333328574870732,33.82999941145292,2.0544430803520584,1144.4688601789046,48.48964972520381
0.01275,0.25725,0.0,0.0,0.0,0.0,0.0,0.0,0.0,0.0
0.01275,0.26075,1.0,0.021248131813265105,0.0,-0.9525384684806445,43.21083338795126,0.9073295339354518,1867.1761220812834,-41.1599810571314
0.01275,0.26425,0.0,0.0,0.0,0.0,0.0,0.0,0.0,0.0
0.01275,0.26775,0.0,0.0,0.0,0.0,0.0,0.0,0.0,0.0
0.01275,0.27125,0.0,0.0,0.0,0.0,0.0,0.0,0.0,0.0
0.01275,0.27475,0.0,0.0,0.0,0.0,0.0,0.0,0.0,0.0
0.01275,0.27825,0.0,0.0,0.0,0.0,0.0,0.0,0.0,0.0
0.01275,0.28175,1.0,0.023795856493154015,0.0,0.1506644958613528,29.732041618985566,0.022699790313155596,883.9942988330898,4.47956306145322
0.01275,0.28525,0.0,0.0,0.0,0.0,0.0,0.0,0.0,0.0
0.01275,0.28875,0.0,0.0,0.0,0.0,0.0,0.0,0.0,0.0
0.01275,0.29225,0.0,0.0,0.0,0.0,0.0,0.0,0.0,0.0
0.01275,0.29575,0.0,0.0,0.0,0.0,0.0,0.0,0.0,0.0
0.01275,0.29925,0.0,0.0,0.0,0.0,0.0,0.0,0.0,0.0
0.01275,0.30275,0.0,0.0,0.0,0.0,0.0,0.0,0.0,0.0
0.01275,0.30624999999999997,0.0,0.0,0.0,0.0,0.0,0.0,0.0,0.0
0.01275,0.30974999999999997,0.0,0.0,0.0,0.0,0.0,0.0,0.0,0.0
0.01275,0.31325,0.0,0.0,0.0,0.0,0.0,0.0,0.0,0.0
0.01275,0.31675,0.0,0.0,0.0,0.0,0.0,0.0,0.0,0.0
0.01275,0.32025,0.0,0.0,0.0,0.0,0.0,0.0,0.0,0.0
0.01275,0.32375,0.0,0.0,0.0,0.0,0.0,0.0,0.0,0.0
0.01275,0.32725,0.0,0.0,0.0,0.0,0.0,0.0,0.0,0.0
0.01275,0.33075,0.0,0.0,0.0,0.0,0.0,0.0,0.0,0.0
0.01275,0.33425,0.0,0.0,0.0,0.0,0.0,0.0,0.0,0.0
0.01275,0.33775,0.0,0.0,0.0,0.0,0.0,0.0,0.0,0.0
0.01275,0.34125,0.0,0.0,0.0,0.0,0.0,0.0,0.0,0.0
0.01275,0.34475,0.0,0.0,0.0,0.0,0.0,0.0,0.0,0.0
0.01275,0.34825,0.0,0.0,0.0,0.0,0.0,0.0,0.0,0.0
0.013049999999999999,0.00175,0.0,0.0,0.0,0.0,0.0,0.0,0.0,0.0
0.013049999999999999,0.0052499999999999995,0.0,0.0,0.0,0.0,0.0,0.0,0.0,0.0
0.013049999999999999,0.008749999999999999,0.0,0.0,0.0,0.0,0.0,0.0,0.0,0.0
0.013049999999999999,0.01225,0.0,0.0,0.0,0.0,0.0,0.0,0.0,0.0
0.013049999999999999,0.01575,0.0,0.0,0.0,0.0,0.0,0.0,0.0,0.0
0.013049999999999999,0.01925,399178.0,0.008926082000591643,3.513705579139397e-5,0.03536656702929574,-4.350229013444688,170.90003714413962,244.33468743708002,-0.6339876273494378
0.013049999999999999,0.02275,1.616697e6,0.008782407605632155,3.6206748746612615e-5,0.017925330164527492,-1.7434896100713217,170.38386387227825,243.24398627182754,-0.7374683933308017
0.013049999999999999,0.02625,3.046493e6,0.008453674838213184,3.694035086397033e-5,-0.013958872497428965,-1.0645294382634214,169.96995870255864,242.90700784220482,-0.31404952345755754
0.013049999999999999,0.02975,4.684104e6,0.00809746634583976,3.635128647856542e-5,-0.022101802909627214,-0.4884817058816529,170.51728760260212,243.5715531532536,-0.5471349905802311
0.013049999999999999,0.03325,6.202884e6,0.007979437637405742,3.6723427229409355e-5,-0.024136219287322052,0.12252891674815519,170.26759165480624,242.86549488614708,0.1736033231006699
0.013049999999999999,0.03675,6.971637e6,0.008153917366590982,3.8241073770041754e-5,0.027074753152453467,0.615338199652517,170.07150974856933,244.26369069218094,0.12109671810031025
0.013049999999999999,0.04025,7.094778e6,0.008557726754833085,3.986608354177151e-5,0.013112676830116157,0.6646110558239019,170.26332191805932,244.3321485111411,-0.05311089207292923
0.013049999999999999,0.04375,6.531207e6,0.009242321694633487,4.178018469467822e-5,-0.0140198368921012,1.1313028416363378,170.50357426871668,245.3685205038097,-0.3217514956478282
0.013049999999999999,0.04725,5.694004e6,0.010027008450280194,4.345586824988852e-5,-0.0050818192524733005,1.2154204791056284,170.32723359325172,245.60560433697512,0.4995550442762052
0.013049999999999999,0.050749999999999997,4.560662e6,0.010817849774259775,4.525463336371406e-5,-0.03122449554367429,1.3134487294939874,169.39247334362517,245.124364610803,-0.06359268854575423
0.013049999999999999,0.05425,3.345077e6,0.011588253552304214,4.616251339019715e-5,-0.006954579046016888,1.6865708286867505,169.62249016923826,244.83610773739537,0.69302513679831
0.013049999999999999,0.057749999999999996,2.253079e6,0.012236995850968631,4.6766913230345626e-5,0.017026542843022498,1.986182325604354,169.24232377862052,245.98853639746326,0.8656589813305089
0.013049999999999999,0.06125,1.101517e6,0.012652148219194265,4.742006177874294e-5,0.03483579297120974,3.326551885948565,170.0181924806369,247.2741306451974,-0.14096672830154308
0.013049999999999999,0.06475,57746.0,0.012738579945895674,4.6682333629590336e-5,0.1359010116126709,8.639565679664544,168.2880310476791,262.5654354303062,1.365211663725392
0.013049999999999999,0.06824999999999999,0.0,0.0,0.0,0.0,0.0,0.0,0.0,0.0
0.013049999999999999,0.07175,0.0,0.0,0.0,0.0,0.0,0.0,0.0,0.0
0.013049999999999999,0.07525,0.0,0.0,0.0,0.0,0.0,0.0,0.0,0.0
0.013049999999999999,0.07875,0.0,0.0,0.0,0.0,0.0,0.0,0.0,0.0
0.013049999999999999,0.08225,0.0,0.0,0.0,0.0,0.0,0.0,0.0,0.0
0.013049999999999999,0.08574999999999999,0.0,0.0,0.0,0.0,0.0,0.0,0.0,0.0
0.013049999999999999,0.08925,0.0,0.0,0.0,0.0,0.0,0.0,0.0,0.0
0.013049999999999999,0.09275,0.0,0.0,0.0,0.0,0.0,0.0,0.0,0.0
0.013049999999999999,0.09625,0.0,0.0,0.0,0.0,0.0,0.0,0.0,0.0
0.013049999999999999,0.09974999999999999,0.0,0.0,0.0,0.0,0.0,0.0,0.0,0.0
0.013049999999999999,0.10325,0.0,0.0,0.0,0.0,0.0,0.0,0.0,0.0
0.013049999999999999,0.10675,0.0,0.0,0.0,0.0,0.0,0.0,0.0,0.0
0.013049999999999999,0.11025,0.0,0.0,0.0,0.0,0.0,0.0,0.0,0.0
0.013049999999999999,0.11374999999999999,3.0,0.021145992064970785,8.022492869732956e-6,0.4539118785471221,13.129538664375847,0.8914417158875647,179.8260643121243,7.936954515498509
0.013049999999999999,0.11725,2.0,0.018828979535197597,5.899687277035668e-6,-0.3206059189423447,21.49748537215533,2.221527573965426,465.30216918650615,-9.479852197075491
0.013049999999999999,0.12075,7.0,0.02175051174778732,3.399481815745352e-5,-1.458366388907212,23.132345402967555,11.313521179509257,548.2788861291285,-32.45045977234884
0.013049999999999999,0.12425,18.0,0.022176660122330598,5.0580758978832535e-5,-0.6753556061025876,24.285531312579057,5.767043185852804,603.3607791673038,-18.946348232497503
0.013049999999999999,0.12775,7.0,0.027448919190488273,3.974076810300431e-5,-0.2759349783024696,26.452382662517934,5.481856944580238,710.771420749493,-7.066420420783505
0.013049999999999999,0.13125,6.0,0.023364850149971944,7.010250427896249e-5,0.47432647187579685,27.434254057729053,4.873219685913288,755.2036691438841,14.338096470497065
0.013049999999999999,0.13475,7.0,0.026717787288690967,0.00012685821014162506,-0.8740027957365044,29.456835232715637,4.416603730468767,880.0381494084788,-23.66899703931844
0.013049999999999999,0.13824999999999998,5.0,0.024028587443597507,2.4313280092662164e-5,-0.7201889341480754,29.82408328520633,2.1584808629380428,918.8326620412722,-16.77974545483452
0.013049999999999999,0.14175,1.0,0.018439981640888756,0.0,-0.021675634465270106,34.65147831051558,0.0004698331294720053,1200.7249491041316,-0.7510927775399711
0.013049999999999999,0.14525,3.0,0.024975011439452105,1.98913658666265e-5,-0.5282572984267409,33.41365813529166,1.0069058629958085,1140.5760014531659,-13.534616137859173
0.013049999999999999,0.14875,2.0,0.023127198168338366,6.431167574914214e-6,-2.060879401881066,39.21303735590134,5.302276800584442,1554.4629656850989,-76.60316374202095
0.013049999999999999,0.15225,3.0,0.02494971851554174,2.6926570552569402e-5,0.24139191222472145,30.363643522130754,2.712259261122059,938.6776557393649,2.615042155717388
0.013049999999999999,0.15575,1.0,0.03354367507759591,0.0,-0.3826099761640564,32.23929087690488,0.14639039386025982,1039.3718762456824,-12.335074313958657
0.013049999999999999,0.15925,2.0,0.022685831075244176,1.9327824448898905e-6,-1.5395618328068792,41.75292023941583,3.292119086263033,1751.200134113464,-66.978799837007
0.013049999999999999,0.16275,0.0,0.0,0.0,0.0,0.0,0.0,0.0,0.0
0.013049999999999999,0.16625,0.0,0.0,0.0,0.0,0.0,0.0,0.0,0.0
0.013049999999999999,0.16974999999999998,2.0,0.03322087561651942,0.0003238736817473509,-0.33407840847054915,30.823946670071525,0.6015306819479711,982.7656285780786,-6.298123354636216
0.013049999999999999,0.17325,0.0,0.0,0.0,0.0,0.0,0.0,0.0,0.0
0.013049999999999999,0.17675,0.0,0.0,0.0,0.0,0.0,0.0,0.0,0.0
0.013049999999999999,0.18025,0.0,0.0,0.0,0.0,0.0,0.0,0.0,0.0
0.013049999999999999,0.18375,1.0,0.026109534282219907,0.0,-0.5305658256063114,36.74563483151592,0.2815000953013068,1350.2416791711162,-19.495978081811277
0.013049999999999999,0.18725,0.0,0.0,0.0,0.0,0.0,0.0,0.0,0.0
0.013049999999999999,0.19075,0.0,0.0,0.0,0.0,0.0,0.0,0.0,0.0
0.013049999999999999,0.19425,0.0,0.0,0.0,0.0,0.0,0.0,0.0,0.0
0.013049999999999999,0.19774999999999998,0.0,0.0,0.0,0.0,0.0,0.0,0.0,0.0
0.013049999999999999,0.20124999999999998,1.0,0.02543048703462582,0.0,3.7242371213432706,33.34969755349377,13.869942135991211,1112.2023269095082,124.20218161429234
0.013049999999999999,0.20475,0.0,0.0,0.0,0.0,0.0,0.0,0.0,0.0
0.013049999999999999,0.20825,1.0,0.019532655305281563,0.0,-1.7789994618925211,30.60061352491082,3.1648390854138797,936.397548100955,-54.43847499439735
0.013049999999999999,0.21175,1.0,0.03253170482459045,0.0,-1.126020580453395,30.728633717622188,1.2679223476046004,944.2489301517872,-34.601073975256696
0.013049999999999999,0.21525,1.0,0.027903364917942423,0.0,-0.8057839395883742,39.35977108753101,0.6492877572985607,1549.191580062842,-31.715471408207325
0.013049999999999999,0.21875,0.0,0.0,0.0,0.0,0.0,0.0,0.0,0.0
0.013049999999999999,0.22225,1.0,0.019760501917528293,0.0,-1.9752726205017592,30.978144938058676,3.901701925303887,959.6454638033704,-61.19028153008247
0.013049999999999999,0.22575,0.0,0.0,0.0,0.0,0.0,0.0,0.0,0.0
0.013049999999999999,0.22924999999999998,0.0,0.0,0.0,0.0,0.0,0.0,0.0,0.0
0.013049999999999999,0.23274999999999998,0.0,0.0,0.0,0.0,0.0,0.0,0.0,0.0
0.013049999999999999,0.23625,1.0,0.017315930005802723,0.0,1.1323472669933683,37.865425041080194,1.2822103330673504,1433.790413541663,42.87681055880941
0.013049999999999999,0.23975,0.0,0.0,0.0,0.0,0.0,0.0,0.0,0.0
0.013049999999999999,0.24325,0.0,0.0,0.0,0.0,0.0,0.0,0.0,0.0
0.013049999999999999,0.24675,0.0,0.0,0.0,0.0,0.0,0.0,0.0,0.0
0.013049999999999999,0.25025,0.0,0.0,0.0,0.0,0.0,0.0,0.0,0.0
0.013049999999999999,0.25375,0.0,0.0,0.0,0.0,0.0,0.0,0.0,0.0
0.013049999999999999,0.25725,2.0,0.015548410138372173,8.493254779811825e-7,0.037275245044403826,35.142906232559916,2.71001973530411,1236.766431867562,3.4825135680816075
0.013049999999999999,0.26075,0.0,0.0,0.0,0.0,0.0,0.0,0.0,0.0
0.013049999999999999,0.26425,0.0,0.0,0.0,0.0,0.0,0.0,0.0,0.0
0.013049999999999999,0.26775,1.0,0.023325781567976434,0.0,0.3049054122583215,42.58741727930391,0.092967310424417,1813.688110521553,12.985134022563322
0.013049999999999999,0.27125,0.0,0.0,0.0,0.0,0.0,0.0,0.0,0.0
0.013049999999999999,0.27475,0.0,0.0,0.0,0.0,0.0,0.0,0.0,0.0
0.013049999999999999,0.27825,0.0,0.0,0.0,0.0,0.0,0.0,0.0,0.0
0.013049999999999999,0.28175,0.0,0.0,0.0,0.0,0.0,0.0,0.0,0.0
0.013049999999999999,0.28525,0.0,0.0,0.0,0.0,0.0,0.0,0.0,0.0
0.013049999999999999,0.28875,1.0,0.04359433855742588,0.0,-1.223552286505303,23.900088974481815,1.4970801978123551,571.2142529881472,-29.243008512407407
0.013049999999999999,0.29225,0.0,0.0,0.0,0.0,0.0,0.0,0.0,0.0
0.013049999999999999,0.29575,0.0,0.0,0.0,0.0,0.0,0.0,0.0,0.0
0.013049999999999999,0.29925,0.0,0.0,0.0,0.0,0.0,0.0,0.0,0.0
0.013049999999999999,0.30275,0.0,0.0,0.0,0.0,0.0,0.0,0.0,0.0
0.013049999999999999,0.30624999999999997,0.0,0.0,0.0,0.0,0.0,0.0,0.0,0.0
0.013049999999999999,0.30974999999999997,0.0,0.0,0.0,0.0,0.0,0.0,0.0,0.0
0.013049999999999999,0.31325,0.0,0.0,0.0,0.0,0.0,0.0,0.0,0.0
0.013049999999999999,0.31675,0.0,0.0,0.0,0.0,0.0,0.0,0.0,0.0
0.013049999999999999,0.32025,0.0,0.0,0.0,0.0,0.0,0.0,0.0,0.0
0.013049999999999999,0.32375,0.0,0.0,0.0,0.0,0.0,0.0,0.0,0.0
0.013049999999999999,0.32725,0.0,0.0,0.0,0.0,0.0,0.0,0.0,0.0
0.013049999999999999,0.33075,0.0,0.0,0.0,0.0,0.0,0.0,0.0,0.0
0.013049999999999999,0.33425,0.0,0.0,0.0,0.0,0.0,0.0,0.0,0.0
0.013049999999999999,0.33775,0.0,0.0,0.0,0.0,0.0,0.0,0.0,0.0
0.013049999999999999,0.34125,1.0,0.03250165483813856,0.0,0.6939070030054872,27.664545996030782,0.4815069288200573,765.3271051665027,19.19662220161317
0.013049999999999999,0.34475,0.0,0.0,0.0,0.0,0.0,0.0,0.0,0.0
0.013049999999999999,0.34825,0.0,0.0,0.0,0.0,0.0,0.0,0.0,0.0
0.013349999999999999,0.00175,0.0,0.0,0.0,0.0,0.0,0.0,0.0,0.0
0.013349999999999999,0.0052499999999999995,0.0,0.0,0.0,0.0,0.0,0.0,0.0,0.0
0.013349999999999999,0.008749999999999999,0.0,0.0,0.0,0.0,0.0,0.0,0.0,0.0
0.013349999999999999,0.01225,0.0,0.0,0.0,0.0,0.0,0.0,0.0,0.0
0.013349999999999999,0.01575,0.0,0.0,0.0,0.0,0.0,0.0,0.0,0.0
0.013349999999999999,0.01925,387151.0,0.009083213159668292,3.5855912226737136e-5,-0.06271335362000849,-4.708265269187377,169.86436671235177,245.28845296613798,0.6130832750188665
0.013349999999999999,0.02275,1.596131e6,0.008867212460240583,3.6110109360982264e-5,-0.0005412789631395028,-1.977716130673502,169.69759383303176,244.18894260694765,-0.04134490533583611
0.013349999999999999,0.02625,2.961342e6,0.008520714852434401,3.6763625685371386e-5,0.013016871760951853,-1.1090378936155172,170.16130479542593,243.2703211892835,-0.3719101403943523
0.013349999999999999,0.02975,4.560638e6,0.008219526770281094,3.646812515700646e-5,-0.03896609903913781,-0.46219680583479666,170.16036843857657,242.72747798172824,-0.2826497942901221
0.013349999999999999,0.03325,5.987516e6,0.008095093771836048,3.7005482590558825e-5,-0.01258617740043674,0.12108154399965487,169.6281115793839,241.64035260787153,0.1225121016811476
0.013349999999999999,0.03675,6.735747e6,0.00827537973254809,3.8454521110582814e-5,0.0014574292370995625,0.579239972733591,169.84050006114862,243.0506591300135,-0.3618635857428388
0.013349999999999999,0.04025,6.843112e6,0.008687183894391902,4.012602800210556e-5,0.02868458340171046,0.6382263788238824,170.37075550561508,244.32441388699374,-0.30027796251136285
0.013349999999999999,0.04375,6.356623e6,0.009337146975394417,4.198050731251959e-5,0.007327603719578619,1.129280371526964,170.22281595228228,245.29012852310242,-0.2465893521753226
0.013349999999999999,0.04725,5.552453e6,0.010127513242362444,4.3868763426564343e-5,0.005827203219897308,1.1899900678144195,170.41616639741886,246.26110975053473,0.07964148409575042
0.013349999999999999,0.050749999999999997,4.500088e6,0.01087963190945221,4.4984563477805216e-5,-0.016317451876795116,1.3187866774371104,170.04029286044994,244.90983196015998,0.4165502453393638
0.013349999999999999,0.05425,3.254565e6,0.011639343023359203,4.605993982791254e-5,-0.0062980623341149684,1.6281616316634673,170.48432490405503,244.59327759925907,0.135111642424268
0.013349999999999999,0.057749999999999996,2.21674e6,0.012288967750532313,4.6865871739749776e-5,-0.031170690404772425,1.9689267479285166,169.6759556144162,247.00515500093857,0.48278627320615247
0.013349999999999999,0.06125,1.069767e6,0.01262517510015452,4.642659941351272e-5,0.0002387222961989515,3.305453611068339,169.2546634313342,246.56394209988895,-0.1043213187945931
0.013349999999999999,0.06475,54972.0,0.012796976144129557,4.5940700864260586e-5,0.24857790250205086,8.831681407868269,166.52895791201948,264.54423961687417,0.743612174774905
0.013349999999999999,0.06824999999999999,0.0,0.0,0.0,0.0,0.0,0.0,0.0,0.0
0.013349999999999999,0.07175,0.0,0.0,0.0,0.0,0.0,0.0,0.0,0.0
0.013349999999999999,0.07525,0.0,0.0,0.0,0.0,0.0,0.0,0.0,0.0
0.013349999999999999,0.07875,0.0,0.0,0.0,0.0,0.0,0.0,0.0,0.0
0.013349999999999999,0.08225,0.0,0.0,0.0,0.0,0.0,0.0,0.0,0.0
0.013349999999999999,0.08574999999999999,0.0,0.0,0.0,0.0,0.0,0.0,0.0,0.0
0.013349999999999999,0.08925,0.0,0.0,0.0,0.0,0.0,0.0,0.0,0.0
0.013349999999999999,0.09275,0.0,0.0,0.0,0.0,0.0,0.0,0.0,0.0
0.013349999999999999,0.09625,0.0,0.0,0.0,0.0,0.0,0.0,0.0,0.0
0.013349999999999999,0.09974999999999999,0.0,0.0,0.0,0.0,0.0,0.0,0.0,0.0
0.013349999999999999,0.10325,0.0,0.0,0.0,0.0,0.0,0.0,0.0,0.0
0.013349999999999999,0.10675,0.0,0.0,0.0,0.0,0.0,0.0,0.0,0.0
0.013349999999999999,0.11025,0.0,0.0,0.0,0.0,0.0,0.0,0.0,0.0
0.013349999999999999,0.11374999999999999,1.0,0.014512868102905743,0.0,-3.59314987479623,20.005299038734563,12.910726022748163,400.211989629194,-71.88203773629024
0.013349999999999999,0.11725,4.0,0.024465754800378905,2.7289433163247996e-5,0.5497647001140508,21.051355271015815,0.9713569589499663,470.36304063476393,11.779208123454637
0.013349999999999999,0.12075,8.0,0.02726412111083659,2.9325833166522357e-5,-0.16037884444188583,21.554384243888688,1.4383613725026816,479.1948950643856,-5.022229487123023
0.013349999999999999,0.12425,4.0,0.029237883095598584,2.2609205264008983e-5,-0.2584894919759235,27.06131381130595,7.307734545969832,752.2744014274925,-8.930306392502398
0.013349999999999999,0.12775,3.0,0.01772791961726324,3.3020612528566317e-6,-1.15964253193108,21.004077306795764,1.8719352199770087,444.86432714071464,-25.686263008453246
0.013349999999999999,0.13125,9.0,0.021169760153033363,5.054674810062931e-5,0.03670519110186273,27.486061639766636,7.045720539671606,772.5366453493332,6.074351453206264
0.013349999999999999,0.13475,4.0,0.022638575451031463,5.420815124777705e-5,0.5552743556052404,28.48252866302601,2.4901205249125313,818.8999684721975,17.392297072126258
0.013349999999999999,0.13824999999999998,1.0,0.00965686711132891,0.0,0.5957260811308677,34.29448427699189,0.3548895637395411,1176.1116518248439,20.430118722736534
0.013349999999999999,0.14175,3.0,0.034860001935103656,2.352391348278787e-5,-2.617265011575485,37.590864447311965,7.887371762312148,1426.0465749103155,-101.09723965272956
0.013349999999999999,0.14525,3.0,0.024500379455290544,8.661260652478778e-6,-0.34995758551224165,28.51701997071421,5.764614618927143,824.2557295263126,-7.239041563983761
0.013349999999999999,0.14875,2.0,0.024153119119175413,7.234963229774871e-5,-0.5440304734553061,33.36343220491746,0.3492034905546443,1113.5125201623832,-18.005914890562245
0.013349999999999999,0.15225,6.0,0.02665942098281648,8.468931150046742e-5,-1.249476171645241,35.876743569390015,2.46614109911966,1316.6346044110974,-48.69962296202955
0.013349999999999999,0.15575,0.0,0.0,0.0,0.0,0.0,0.0,0.0,0.0
0.013349999999999999,0.15925,1.0,0.02563580474052041,0.0,-0.010295898366181614,35.973536974069354,0.00010600552316674122,1294.095362424735,-0.37037988055709453
0.013349999999999999,0.16275,2.0,0.02217892741108069,6.950218982397422e-7,-0.23881813366020962,40.19034941823375,0.09439664894896904,1618.1333880154757,-9.925599395459269
0.013349999999999999,0.16625,0.0,0.0,0.0,0.0,0.0,0.0,0.0,0.0
0.013349999999999999,0.16974999999999998,1.0,0.0329666290829118,0.0,3.43898407834666,42.900940689127474,11.826611491121826,1840.4907120120333,147.53565197600378
0.013349999999999999,0.17325,0.0,0.0,0.0,0.0,0.0,0.0,0.0,0.0
0.013349999999999999,0.17675,1.0,0.06391039479161358,0.0,2.309451503107189,33.60342644792082,5.333566245204055,1129.1902690408242,77.6054837197026
0.013349999999999999,0.18025,0.0,0.0,0.0,0.0,0.0,0.0,0.0,0.0
0.013349999999999999,0.18375,1.0,0.024258776036883686,0.0,3.208520628366621,31.309755267042352,10.294604622654136,980.3007748820863,100.45799564341584
0.013349999999999999,0.18725,0.0,0.0,0.0,0.0,0.0,0.0,0.0,0.0
0.013349999999999999,0.19075,1.0,0.016526247536149303,0.0,0.9459933117714904,29.702597163364306,0.8949033459163922,882.2442782490973,28.098458258785474
0.013349999999999999,0.19425,0.0,0.0,0.0,0.0,0.0,0.0,0.0,0.0
0.013349999999999999,0.19774999999999998,0.0,0.0,0.0,0.0,0.0,0.0,0.0,0.0
0.013349999999999999,0.20124999999999998,0.0,0.0,0.0,0.0,0.0,0.0,0.0,0.0
0.013349999999999999,0.20475,0.0,0.0,0.0,0.0,0.0,0.0,0.0,0.0
0.013349999999999999,0.20825,0.0,0.0,0.0,0.0,0.0,0.0,0.0,0.0
0.013349999999999999,0.21175,1.0,0.045905268866321174,0.0,-1.9157207044707383,28.774572837538443,3.669985817537862,827.9760419828052,-55.124044947173715
0.013349999999999999,0.21525,0.0,0.0,0.0,0.0,0.0,0.0,0.0,0.0
0.013349999999999999,0.21875,0.0,0.0,0.0,0.0,0.0,0.0,0.0,0.0
0.013349999999999999,0.22225,0.0,0.0,0.0,0.0,0.0,0.0,0.0,0.0
0.013349999999999999,0.22575,0.0,0.0,0.0,0.0,0.0,0.0,0.0,0.0
0.013349999999999999,0.22924999999999998,0.0,0.0,0.0,0.0,0.0,0.0,0.0,0.0
0.013349999999999999,0.23274999999999998,1.0,0.02886120118450871,0.0,-3.124236639239436,24.694106435744075,9.760854577966125,609.798892659857,-77.15023209982999
0.013349999999999999,0.23625,0.0,0.0,0.0,0.0,0.0,0.0,0.0,0.0
0.013349999999999999,0.23975,0.0,0.0,0.0,0.0,0.0,0.0,0.0,0.0
0.013349999999999999,0.24325,1.0,0.019804331473889828,0.0,-2.632645175507087,37.60908082998428,6.930820620120742,1414.442960876291,-99.0113652023142
0.013349999999999999,0.24675,0.0,0.0,0.0,0.0,0.0,0.0,0.0,0.0
0.013349999999999999,0.25025,0.0,0.0,0.0,0.0,0.0,0.0,0.0,0.0
0.013349999999999999,0.25375,1.0,0.030525583281811423,0.0,1.994512851178008,44.459954533441355,3.9780815135142262,1976.6875571156725,88.67595067973872
0.013349999999999999,0.25725,0.0,0.0,0.0,0.0,0.0,0.0,0.0,0.0
0.013349999999999999,0.26075,1.0,0.02633871493496266,0.0,1.641718777272459,33.47663543643662,2.695240543648978,1120.6851201440838,54.9592209959026
0.013349999999999999,0.26425,0.0,0.0,0.0,0.0,0.0,0.0,0.0,0.0
0.013349999999999999,0.26775,0.0,0.0,0.0,0.0,0.0,0.0,0.0,0.0
0.013349999999999999,0.27125,0.0,0.0,0.0,0.0,0.0,0.0,0.0,0.0
0.013349999999999999,0.27475,1.0,0.022932300405737228,0.0,-0.39504031836195114,30.660665529334693,0.1560568531315117,940.0764107017327,-12.112199071897678
0.013349999999999999,0.27825,0.0,0.0,0.0,0.0,0.0,0.0,0.0,0.0
0.013349999999999999,0.28175,0.0,0.0,0.0,0.0,0.0,0.0,0.0,0.0
0.013349999999999999,0.28525,0.0,0.0,0.0,0.0,0.0,0.0,0.0,0.0
0.013349999999999999,0.28875,0.0,0.0,0.0,0.0,0.0,0.0,0.0,0.0
0.013349999999999999,0.29225,0.0,0.0,0.0,0.0,0.0,0.0,0.0,0.0
0.013349999999999999,0.29575,1.0,0.04947461621444952,0.0,-1.223284753464083,36.1614198279255,1.4964255880576822,1307.6482839714834,-44.235713539115046
0.013349999999999999,0.29925,0.0,0.0,0.0,0.0,0.0,0.0,0.0,0.0
0.013349999999999999,0.30275,0.0,0.0,0.0,0.0,0.0,0.0,0.0,0.0
0.013349999999999999,0.30624999999999997,0.0,0.0,0.0,0.0,0.0,0.0,0.0,0.0
0.013349999999999999,0.30974999999999997,0.0,0.0,0.0,0.0,0.0,0.0,0.0,0.0
0.013349999999999999,0.31325,0.0,0.0,0.0,0.0,0.0,0.0,0.0,0.0
0.013349999999999999,0.31675,1.0,0.028219673874130248,0.0,2.3436685135257784,27.78823032740706,5.492782101292132,772.1857447290255,65.12640046494606
0.013349999999999999,0.32025,0.0,0.0,0.0,0.0,0.0,0.0,0.0,0.0
0.013349999999999999,0.32375,0.0,0.0,0.0,0.0,0.0,0.0,0.0,0.0
0.013349999999999999,0.32725,1.0,0.039758752006832425,0.0,-1.7313709888487037,33.309011236869885,2.997645501026938,1109.4902295779243,-57.670255722751996
0.013349999999999999,0.33075,0.0,0.0,0.0,0.0,0.0,0.0,0.0,0.0
0.013349999999999999,0.33425,0.0,0.0,0.0,0.0,0.0,0.0,0.0,0.0
0.013349999999999999,0.33775,0.0,0.0,0.0,0.0,0.0,0.0,0.0,0.0
0.013349999999999999,0.34125,0.0,0.0,0.0,0.0,0.0,0.0,0.0,0.0
0.013349999999999999,0.34475,0.0,0.0,0.0,0.0,0.0,0.0,0.0,0.0
0.013349999999999999,0.34825,0.0,0.0,0.0,0.0,0.0,0.0,0.0,0.0
0.013649999999999999,0.00175,0.0,0.0,0.0,0.0,0.0,0.0,0.0,0.0
0.013649999999999999,0.0052499999999999995,0.0,0.0,0.0,0.0,0.0,0.0,0.0,0.0
0.013649999999999999,0.008749999999999999,0.0,0.0,0.0,0.0,0.0,0.0,0.0,0.0
0.013649999999999999,0.01225,0.0,0.0,0.0,0.0,0.0,0.0,0.0,0.0
0.013649999999999999,0.01575,0.0,0.0,0.0,0.0,0.0,0.0,0.0,0.0
0.013649999999999999,0.01925,372762.0,0.00912018505928379,3.563640961869244e-5,-0.0722896757455788,-5.0576502869494036,169.18332415810096,246.42082400603135,-0.10173917242373122
0.013649999999999999,0.02275,1.570426e6,0.008964047513773405,3.6525387011738534e-5,0.0025951982504666647,-2.042738557642555,169.5584893558285,244.93740996649873,0.04970539734339817
0.013649999999999999,0.02625,2.905571e6,0.00860400778726807,3.6673752174711106e-5,0.009596544651259812,-1.083252657159677,170.06377219681292,243.55534105084075,-0.7376859802733947
0.013649999999999999,0.02975,4.42475e6,0.00833027154678245,3.667491726500684e-5,-0.03788256034048048,-0.4790367102866976,170.05598402680917,243.83276074975984,-0.0013910401906732078
0.013649999999999999,0.03325,5.774332e6,0.00822763092335936,3.7440928141369324e-5,-0.01295020372638145,0.030216817918040442,170.05192197856567,242.3852488120836,0.26327458388656155
0.013649999999999999,0.03675,6.548069e6,0.008395508190327522,3.869591832138868e-5,0.021483050405365203,0.5092426444750741,169.40992074163202,243.82620104874718,0.05936953556667379
0.013649999999999999,0.04025,6.694425e6,0.008785575163432102,3.996371830932423e-5,0.022843860617457506,0.6731970830664253,169.91804096195204,244.00923760433992,-0.2287231955332554
0.013649999999999999,0.04375,6.17852e6,0.00943664533916281,4.2199575736524624e-5,-0.011199436887903752,1.1094084117868692,169.88854895210991,245.35936866304374,0.20693163991766206
0.013649999999999999,0.04725,5.425446e6,0.010209898661184854,4.3958255027539304e-5,0.017278216050950618,1.1763521096635503,170.85275026759868,246.4756205967078,-0.31259805381479544
0.013649999999999999,0.050749999999999997,4.374893e6,0.010952675219447145,4.513543339146932e-5,-0.02908420896877859,1.3452644039919508,170.042097997151,245.38202211726275,-0.1424297664346712
0.013649999999999999,0.05425,3.193098e6,0.011677869023947313,4.5968047650628056e-5,-0.03780098581694175,1.5147690032465022,170.11964231664197,245.2866484114836,0.08386010998663218
0.013649999999999999,0.057749999999999996,2.16272e6,0.012329088042453131,4.685775594739575e-5,-0.021964280334998226,1.8918016543922842,170.1517095700492,246.34998900861052,-0.408818065293347
0.013649999999999999,0.06125,1.041793e6,0.01266765755704012,4.625446787549418e-5,-0.01187168374704288,3.3026777934699183,169.2323822482349,247.1547763885043,1.1831772877170577
0.013649999999999999,0.06475,54226.0,0.012750557396850434,4.548488010347232e-5,0.0534616880937554,8.88513430229254,169.4573877591221,268.34685766348525,-1.2939973587573412
0.013649999999999999,0.06824999999999999,0.0,0.0,0.0,0.0,0.0,0.0,0.0,0.0
0.013649999999999999,0.07175,0.0,0.0,0.0,0.0,0.0,0.0,0.0,0.0
0.013649999999999999,0.07525,0.0,0.0,0.0,0.0,0.0,0.0,0.0,0.0
0.013649999999999999,0.07875,0.0,0.0,0.0,0.0,0.0,0.0,0.0,0.0
0.013649999999999999,0.08225,0.0,0.0,0.0,0.0,0.0,0.0,0.0,0.0
0.013649999999999999,0.08574999999999999,0.0,0.0,0.0,0.0,0.0,0.0,0.0,0.0
0.013649999999999999,0.08925,0.0,0.0,0.0,0.0,0.0,0.0,0.0,0.0
0.013649999999999999,0.09275,0.0,0.0,0.0,0.0,0.0,0.0,0.0,0.0
0.013649999999999999,0.09625,0.0,0.0,0.0,0.0,0.0,0.0,0.0,0.0
0.013649999999999999,0.09974999999999999,0.0,0.0,0.0,0.0,0.0,0.0,0.0,0.0
0.013649999999999999,0.10325,0.0,0.0,0.0,0.0,0.0,0.0,0.0,0.0
0.013649999999999999,0.10675,0.0,0.0,0.0,0.0,0.0,0.0,0.0,0.0
0.013649999999999999,0.11025,0.0,0.0,0.0,0.0,0.0,0.0,0.0,0.0
0.013649999999999999,0.11374999999999999,0.0,0.0,0.0,0.0,0.0,0.0,0.0,0.0
0.013649999999999999,0.11725,3.0,0.03943498246602152,0.0007439135699295179,0.5864907010340004,16.425714960611394,0.8583431552790534,282.7855766985228,9.071804745782279
0.013649999999999999,0.12075,6.0,0.03020816451056853,4.807108885217363e-5,-0.5961756144989241,23.290102889592067,2.985699549202591,582.7559210543299,-12.050300980817195
0.013649999999999999,0.12425,4.0,0.023152998174477867,5.503548967609938e-6,-0.15399229484403998,20.956970250117443,1.8298073946832674,473.0048572434163,-3.99686761629701
0.013649999999999999,0.12775,5.0,0.02190863188060739,1.713652606998192e-5,-0.7428723100127373,22.91222204831092,8.979511535911225,542.1702069893023,-13.14887435624281
0.013649999999999999,0.13125,6.0,0.024725763849463345,9.849935722543515e-5,-1.2811747523993304,28.162281983892676,7.733414422009962,804.4637863136534,-37.723780738741496
0.013649999999999999,0.13475,4.0,0.026148852237300603,0.00012373540356700832,-1.0050990591487188,32.23110411874854,1.7897906831669188,1047.1944026734568,-34.50060153437363
0.013649999999999999,0.13824999999999998,7.0,0.027441172998603627,3.15377551545446e-5,-0.5492601921476064,29.995027357197603,0.5098581910598677,925.3630138744063,-16.320504999122406
0.013649999999999999,0.14175,1.0,0.019366638719517174,0.0,4.010192384119754,31.723084275403043,16.081642957652075,1006.3540759443238,127.21567096201039
0.013649999999999999,0.14525,4.0,0.026208379809297803,7.360965325635422e-5,-0.5373362698913314,31.848554867867353,0.34087983291308566,1028.8703629671752,-17.255267042466933
0.013649999999999999,0.14875,2.0,0.036118700096736595,0.0001169266637157226,0.037262828162887285,35.53099457713803,1.268810329357465,1299.5766036735172,8.183509400498998
0.013649999999999999,0.15225,3.0,0.021776709088356768,7.720600146929867e-6,-1.6145788283676785,31.909776526816987,4.281959011430654,1035.4098439258132,-56.493872248595
0.013649999999999999,0.15575,2.0,0.030225742263527425,4.488496003196307e-6,1.5560073661029792,22.86248648434243,2.9680779501328036,582.9435294493156,41.314580925309166
0.013649999999999999,0.15925,0.0,0.0,0.0,0.0,0.0,0.0,0.0,0.0
0.013649999999999999,0.16275,2.0,0.023227717513444532,1.670601331052347e-5,-0.6655730715390394,36.76089529198187,1.303431686675002,1366.5204213245079,-20.85572551144039
0.013649999999999999,0.16625,0.0,0.0,0.0,0.0,0.0,0.0,0.0,0.0
0.013649999999999999,0.16974999999999998,0.0,0.0,0.0,0.0,0.0,0.0,0.0,0.0
0.013649999999999999,0.17325,0.0,0.0,0.0,0.0,0.0,0.0,0.0,0.0
0.013649999999999999,0.17675,1.0,0.03421401265800201,0.0,-1.573983822689304,33.285976676545275,2.477425074087634,1107.9562433115161,-52.39158881129574
0.013649999999999999,0.18025,0.0,0.0,0.0,0.0,0.0,0.0,0.0,0.0
0.013649999999999999,0.18375,0.0,0.0,0.0,0.0,0.0,0.0,0.0,0.0
0.013649999999999999,0.18725,1.0,0.030086045355333227,0.0,0.9030447191533718,20.044746949089834,0.8154897647907922,401.7918802530462,18.101302879141237
0.013649999999999999,0.19075,0.0,0.0,0.0,0.0,0.0,0.0,0.0,0.0
0.013649999999999999,0.19425,0.0,0.0,0.0,0.0,0.0,0.0,0.0,0.0
0.013649999999999999,0.19774999999999998,2.0,0.022119074816311358,1.7188479229983892e-6,-0.6037786664165361,29.025172129389496,1.500349139750105,842.86073250543,-16.850649751114915
0.013649999999999999,0.20124999999999998,1.0,0.021412047472732735,0.0,-1.4685013609267827,29.647906054180122,2.156496247043813,878.9983333974903,-43.53799038919291
0.013649999999999999,0.20475,0.0,0.0,0.0,0.0,0.0,0.0,0.0,0.0
0.013649999999999999,0.20825,0.0,0.0,0.0,0.0,0.0,0.0,0.0,0.0
0.013649999999999999,0.21175,1.0,0.02271282844736878,0.0,1.094660047380751,28.347872989379464,1.1982806193316282,803.6019030219898,31.031283989697638
0.013649999999999999,0.21525,0.0,0.0,0.0,0.0,0.0,0.0,0.0,0.0
0.013649999999999999,0.21875,0.0,0.0,0.0,0.0,0.0,0.0,0.0,0.0
0.013649999999999999,0.22225,0.0,0.0,0.0,0.0,0.0,0.0,0.0,0.0
0.013649999999999999,0.22575,1.0,0.027673640886175292,0.0,-0.8090457728114872,20.623134649151087,0.6545550625041365,425.3136827570161,-16.6850599100178
0.013649999999999999,0.22924999999999998,1.0,0.021707590422761644,0.0,-0.8813699705063486,38.40962694152336,0.7768130249103617,1475.2994417869975,-33.8530917646103
0.013649999999999999,0.23274999999999998,0.0,0.0,0.0,0.0,0.0,0.0,0.0,0.0
0.013649999999999999,0.23625,0.0,0.0,0.0,0.0,0.0,0.0,0.0,0.0
0.013649999999999999,0.23975,2.0,0.05351016674220284,0.0002575655071882057,-1.1569833432354975,36.54499383070681,1.7961378777980843,1335.559991012382,-42.178441238854546
0.013649999999999999,0.24325,0.0,0.0,0.0,0.0,0.0,0.0,0.0,0.0
0.013649999999999999,0.24675,0.0,0.0,0.0,0.0,0.0,0.0,0.0,0.0
0.013649999999999999,0.25025,0.0,0.0,0.0,0.0,0.0,0.0,0.0,0.0
0.013649999999999999,0.25375,0.0,0.0,0.0,0.0,0.0,0.0,0.0,0.0
0.013649999999999999,0.25725,0.0,0.0,0.0,0.0,0.0,0.0,0.0,0.0
0.013649999999999999,0.26075,0.0,0.0,0.0,0.0,0.0,0.0,0.0,0.0
0.013649999999999999,0.26425,0.0,0.0,0.0,0.0,0.0,0.0,0.0,0.0
0.013649999999999999,0.26775,1.0,0.018481712339926536,0.0,2.3439620078037926,40.223513126910845,5.494157894027587,1617.931008270769,94.28238658987615
0.013649999999999999,0.27125,0.0,0.0,0.0,0.0,0.0,0.0,0.0,0.0
0.013649999999999999,0.27475,0.0,0.0,0.0,0.0,0.0,0.0,0.0,0.0
0.013649999999999999,0.27825,0.0,0.0,0.0,0.0,0.0,0.0,0.0,0.0
0.013649999999999999,0.28175,1.0,0.022811256198916743,0.0,0.8672660330813062,35.40042088417064,0.7521503721365853,1253.189798776425,30.7015825896233
0.013649999999999999,0.28525,1.0,0.026232673143299245,0.0,-3.2819928537768503,43.56637315437358,10.771477092242314,1898.028869826123,-142.9845253576297
0.013649999999999999,0.28875,0.0,0.0,0.0,0.0,0.0,0.0,0.0,0.0
0.013649999999999999,0.29225,0.0,0.0,0.0,0.0,0.0,0.0,0.0,0.0
0.013649999999999999,0.29575,0.0,0.0,0.0,0.0,0.0,0.0,0.0,0.0
0.013649999999999999,0.29925,0.0,0.0,0.0,0.0,0.0,0.0,0.0,0.0
0.013649999999999999,0.30275,0.0,0.0,0.0,0.0,0.0,0.0,0.0,0.0
0.013649999999999999,0.30624999999999997,0.0,0.0,0.0,0.0,0.0,0.0,0.0,0.0
0.013649999999999999,0.30974999999999997,0.0,0.0,0.0,0.0,0.0,0.0,0.0,0.0
0.013649999999999999,0.31325,0.0,0.0,0.0,0.0,0.0,0.0,0.0,0.0
0.013649999999999999,0.31675,0.0,0.0,0.0,0.0,0.0,0.0,0.0,0.0
0.013649999999999999,0.32025,0.0,0.0,0.0,0.0,0.0,0.0,0.0,0.0
0.013649999999999999,0.32375,0.0,0.0,0.0,0.0,0.0,0.0,0.0,0.0
0.013649999999999999,0.32725,0.0,0.0,0.0,0.0,0.0,0.0,0.0,0.0
0.013649999999999999,0.33075,0.0,0.0,0.0,0.0,0.0,0.0,0.0,0.0
0.013649999999999999,0.33425,0.0,0.0,0.0,0.0,0.0,0.0,0.0,0.0
0.013649999999999999,0.33775,0.0,0.0,0.0,0.0,0.0,0.0,0.0,0.0
0.013649999999999999,0.34125,0.0,0.0,0.0,0.0,0.0,0.0,0.0,0.0
0.013649999999999999,0.34475,0.0,0.0,0.0,0.0,0.0,0.0,0.0,0.0
0.013649999999999999,0.34825,0.0,0.0,0.0,0.0,0.0,0.0,0.0,0.0
0.013949999999999999,0.00175,0.0,0.0,0.0,0.0,0.0,0.0,0.0,0.0
0.013949999999999999,0.0052499999999999995,0.0,0.0,0.0,0.0,0.0,0.0,0.0,0.0
0.013949999999999999,0.008749999999999999,0.0,0.0,0.0,0.0,0.0,0.0,0.0,0.0
0.013949999999999999,0.01225,0.0,0.0,0.0,0.0,0.0,0.0,0.0,0.0
0.013949999999999999,0.01575,0.0,0.0,0.0,0.0,0.0,0.0,0.0,0.0
0.013949999999999999,0.01925,363144.0,0.009183035858993223,3.6028734071084254e-5,0.0003974550182590761,-5.132519114557628,169.26688227545452,247.35601135257156,1.414570715679609
0.013949999999999999,0.02275,1.548303e6,0.009000049630824795,3.6419848705561604e-5,-0.0565366787348272,-2.0563983145462807,170.11237612235976,244.08809304679244,0.4148902179225051
0.013949999999999999,0.02625,2.837918e6,0.00869670691505301,3.686499537263592e-5,-0.013187969824508495,-0.9973911729233719,170.266060939231,242.538148405432,-0.2451507695907544
0.013949999999999999,0.02975,4.26165e6,0.008422221175463825,3.711253933290211e-5,-0.013244156440085083,-0.4695119526941001,169.69382037786355,243.19796416666827,0.23650007266323247
0.013949999999999999,0.03325,5.578774e6,0.008343709880480981,3.746403665171951e-5,0.012445364686305863,0.06785956146931121,169.88533353332414,242.4683498085929,-0.09465605295843321
0.013949999999999999,0.03675,6.362768e6,0.008507843401168677,3.875777284485159e-5,0.04123395435324955,0.42245802881925304,169.64344499512515,243.36293774815405,-0.21275040883815385
0.013949999999999999,0.04025,6.550139e6,0.008895665482376847,4.0175174962525134e-5,0.005603650017605117,0.7523188722794736,169.15676785610572,243.74415030869642,-0.24240166892367548
0.013949999999999999,0.04375,6.016012e6,0.009507907936484952,4.1880588629398735e-5,-0.014773886205104163,1.0536789996871883,169.34683606081188,244.11452662312203,-0.2904389486113438
0.013949999999999999,0.04725,5.315206e6,0.010283925715738171,4.394825800259519e-5,0.0024088741039828146,1.131067062440953,170.4737589180741,246.48014261821288,0.12043535732612028
0.013949999999999999,0.050749999999999997,4.26329e6,0.010997047021096646,4.479523666763401e-5,-0.003937490648163314,1.3362727296360366,170.0954605281824,246.46652615081368,0.026592577962008722
0.013949999999999999,0.05425,3.124078e6,0.01172998494128555,4.598179580358101e-5,0.01862215462630145,1.4346054636053325,169.93468183571719,246.2390943533664,-0.11884412754701658
0.013949999999999999,0.057749999999999996,2.122484e6,0.012356879831612037,4.69431755700705e-5,-0.04674242483248587,1.9290460710552981,170.47148553722812,245.21009309440623,-0.1300955112630206
0.013949999999999999,0.06125,1.029516e6,0.012663120988079314,4.610787246948104e-5,-0.02302188867130284,3.325114409625367,169.27992375123276,247.79180807395755,0.3800419424777407
0.013949999999999999,0.06475,52314.0,0.012876786934570275,4.5396711922316845e-5,0.26507735415181,9.13562485337744,172.02011037708783,272.6937244270315,3.663668142595681
0.013949999999999999,0.06824999999999999,0.0,0.0,0.0,0.0,0.0,0.0,0.0,0.0
0.013949999999999999,0.07175,0.0,0.0,0.0,0.0,0.0,0.0,0.0,0.0
0.013949999999999999,0.07525,0.0,0.0,0.0,0.0,0.0,0.0,0.0,0.0
0.013949999999999999,0.07875,0.0,0.0,0.0,0.0,0.0,0.0,0.0,0.0
0.013949999999999999,0.08225,0.0,0.0,0.0,0.0,0.0,0.0,0.0,0.0
0.013949999999999999,0.08574999999999999,0.0,0.0,0.0,0.0,0.0,0.0,0.0,0.0
0.013949999999999999,0.08925,0.0,0.0,0.0,0.0,0.0,0.0,0.0,0.0
0.013949999999999999,0.09275,0.0,0.0,0.0,0.0,0.0,0.0,0.0,0.0
0.013949999999999999,0.09625,0.0,0.0,0.0,0.0,0.0,0.0,0.0,0.0
0.013949999999999999,0.09974999999999999,0.0,0.0,0.0,0.0,0.0,0.0,0.0,0.0
0.013949999999999999,0.10325,0.0,0.0,0.0,0.0,0.0,0.0,0.0,0.0
0.013949999999999999,0.10675,0.0,0.0,0.0,0.0,0.0,0.0,0.0,0.0
0.013949999999999999,0.11025,0.0,0.0,0.0,0.0,0.0,0.0,0.0,0.0
0.013949999999999999,0.11374999999999999,1.0,0.03010530934199982,0.0,0.9699496178824447,15.49458852542409,0.9408022612303005,240.0822735722039,15.02897021948081
0.013949999999999999,0.11725,4.0,0.019200058358569767,1.7489483390156653e-5,-1.7848675688226425,19.477978334243293,6.133719580434572,383.76852702739166,-35.57033978365952
0.013949999999999999,0.12075,3.0,0.015347405314955317,8.860140906430876e-6,0.9764377015171016,23.142912121247015,1.9389642400334663,538.6804962762678,24.340145674897173
0.013949999999999999,0.12425,7.0,0.02157549651016103,2.556120782280174e-5,-1.2373373314495715,21.699107108817387,4.059913504084907,481.317298960348,-25.529645595349855
0.013949999999999999,0.12775,12.0,0.02958806784693707,0.0001334795640768958,-0.3553823373898577,24.934786825722682,3.280621560199975,656.1296253554483,-10.082703575394486
0.013949999999999999,0.13125,5.0,0.027403929877706897,2.70498724955828e-5,0.7373626769575169,26.729245592057847,2.778161841894772,750.9368591696779,26.499226857970225
0.013949999999999999,0.13475,4.0,0.029382629767128667,8.7020019484005e-6,-1.4707545398525805,30.2306438611042,3.127490292731573,930.6505958961005,-42.509838018558895
0.013949999999999999,0.13824999999999998,2.0,0.028260299380214175,2.708630160704662e-6,1.06083168931067,31.216409807164588,2.890861919074397,978.2224992869213,35.69124440718467
0.013949999999999999,0.14175,3.0,0.03294784575051585,0.00013955408337467656,0.7222722228842691,28.307826319635332,3.607740613158027,860.6187565669866,18.050218626894452
0.013949999999999999,0.14525,2.0,0.020442331731494207,4.722889291335428e-5,-0.3174861504187397,25.667741616075574,0.16582801766413868,658.9213479193445,-8.073337321802121
0.013949999999999999,0.14875,1.0,0.02131869792249605,0.0,-1.9425688284425064,30.64375180439657,3.773573653236492,939.0395246494579,-59.52759704174959
0.013949999999999999,0.15225,2.0,0.02231588066778588,1.1883913182381634e-6,0.9380580133530374,28.39431688098785,3.2180699051709056,863.1593564051494,15.099026867160475
0.013949999999999999,0.15575,0.0,0.0,0.0,0.0,0.0,0.0,0.0,0.0
0.013949999999999999,0.15925,0.0,0.0,0.0,0.0,0.0,0.0,0.0,0.0
0.013949999999999999,0.16275,1.0,0.015363826462862024,0.0,-2.2393892946794343,30.054311407838632,5.014864413124854,903.2616341993394,-67.30330322567583
0.013949999999999999,0.16625,2.0,0.024134996971314784,6.739718504077883e-5,-0.25015710298611893,29.920046818831636,3.3022204459042017,934.6669888216904,3.821440933660085
0.013949999999999999,0.16974999999999998,0.0,0.0,0.0,0.0,0.0,0.0,0.0,0.0
0.013949999999999999,0.17325,0.0,0.0,0.0,0.0,0.0,0.0,0.0,0.0
0.013949999999999999,0.17675,0.0,0.0,0.0,0.0,0.0,0.0,0.0,0.0
0.013949999999999999,0.18025,0.0,0.0,0.0,0.0,0.0,0.0,0.0,0.0
0.013949999999999999,0.18375,0.0,0.0,0.0,0.0,0.0,0.0,0.0,0.0
0.013949999999999999,0.18725,0.0,0.0,0.0,0.0,0.0,0.0,0.0,0.0
0.013949999999999999,0.19075,1.0,0.037336831231560334,0.0,-0.4279829504803175,28.160856172383298,0.1831694059018379,793.0338203616585,-12.052366312708465
0.013949999999999999,0.19425,1.0,0.027505590293257623,0.0,1.8481841805969708,28.294256235325513,3.415784765408896,800.5649359102566,52.29299677588581
0.013949999999999999,0.19774999999999998,0.0,0.0,0.0,0.0,0.0,0.0,0.0,0.0
0.013949999999999999,0.20124999999999998,1.0,0.024008014217985485,0.0,3.6830039324330706,27.629441495363565,13.564517966317462,763.386037345718,101.75934167835346
0.013949999999999999,0.20475,1.0,0.029784392309430526,0.0,-1.0340216732749063,39.42021290100353,1.0692008208022372,1553.9531851604452,-40.761354504748724
0.013949999999999999,0.20825,0.0,0.0,0.0,0.0,0.0,0.0,0.0,0.0
0.013949999999999999,0.21175,0.0,0.0,0.0,0.0,0.0,0.0,0.0,0.0
0.013949999999999999,0.21525,0.0,0.0,0.0,0.0,0.0,0.0,0.0,0.0
0.013949999999999999,0.21875,0.0,0.0,0.0,0.0,0.0,0.0,0.0,0.0
0.013949999999999999,0.22225,0.0,0.0,0.0,0.0,0.0,0.0,0.0,0.0
0.013949999999999999,0.22575,1.0,0.03731463042888789,0.0,-1.0656186752354024,37.755358984780884,1.135543161010454,1425.4671320696746,-40.23281562439925
0.013949999999999999,0.22924999999999998,0.0,0.0,0.0,0.0,0.0,0.0,0.0,0.0
0.013949999999999999,0.23274999999999998,0.0,0.0,0.0,0.0,0.0,0.0,0.0,0.0
0.013949999999999999,0.23625,1.0,0.027467608445510456,0.0,-1.9809670817899003,38.61872007387595,3.9242305791351937,1491.405540144389,-76.50241320720708
0.013949999999999999,0.23975,0.0,0.0,0.0,0.0,0.0,0.0,0.0,0.0
0.013949999999999999,0.24325,0.0,0.0,0.0,0.0,0.0,0.0,0.0,0.0
0.013949999999999999,0.24675,0.0,0.0,0.0,0.0,0.0,0.0,0.0,0.0
0.013949999999999999,0.25025,0.0,0.0,0.0,0.0,0.0,0.0,0.0,0.0
0.013949999999999999,0.25375,0.0,0.0,0.0,0.0,0.0,0.0,0.0,0.0
0.013949999999999999,0.25725,0.0,0.0,0.0,0.0,0.0,0.0,0.0,0.0
0.013949999999999999,0.26075,1.0,0.0458871863626537,0.0,0.21771279762107645,29.012124178646683,0.04739886224799579,841.7033493572155,6.316310719863244
0.013949999999999999,0.26425,0.0,0.0,0.0,0.0,0.0,0.0,0.0,0.0
0.013949999999999999,0.26775,0.0,0.0,0.0,0.0,0.0,0.0,0.0,0.0
0.013949999999999999,0.27125,0.0,0.0,0.0,0.0,0.0,0.0,0.0,0.0
0.013949999999999999,0.27475,0.0,0.0,0.0,0.0,0.0,0.0,0.0,0.0
0.013949999999999999,0.27825,0.0,0.0,0.0,0.0,0.0,0.0,0.0,0.0
0.013949999999999999,0.28175,0.0,0.0,0.0,0.0,0.0,0.0,0.0,0.0
0.013949999999999999,0.28525,0.0,0.0,0.0,0.0,0.0,0.0,0.0,0.0
0.013949999999999999,0.28875,0.0,0.0,0.0,0.0,0.0,0.0,0.0,0.0
0.013949999999999999,0.29225,0.0,0.0,0.0,0.0,0.0,0.0,0.0,0.0
0.013949999999999999,0.29575,0.0,0.0,0.0,0.0,0.0,0.0,0.0,0.0
0.013949999999999999,0.29925,0.0,0.0,0.0,0.0,0.0,0.0,0.0,0.0
0.013949999999999999,0.30275,0.0,0.0,0.0,0.0,0.0,0.0,0.0,0.0
0.013949999999999999,0.30624999999999997,0.0,0.0,0.0,0.0,0.0,0.0,0.0,0.0
0.013949999999999999,0.30974999999999997,0.0,0.0,0.0,0.0,0.0,0.0,0.0,0.0
0.013949999999999999,0.31325,0.0,0.0,0.0,0.0,0.0,0.0,0.0,0.0
0.013949999999999999,0.31675,0.0,0.0,0.0,0.0,0.0,0.0,0.0,0.0
0.013949999999999999,0.32025,0.0,0.0,0.0,0.0,0.0,0.0,0.0,0.0
0.013949999999999999,0.32375,0.0,0.0,0.0,0.0,0.0,0.0,0.0,0.0
0.013949999999999999,0.32725,0.0,0.0,0.0,0.0,0.0,0.0,0.0,0.0
0.013949999999999999,0.33075,0.0,0.0,0.0,0.0,0.0,0.0,0.0,0.0
0.013949999999999999,0.33425,1.0,0.022986520120951953,0.0,0.8955824718749072,33.30044074227716,0.802067963929569,1108.9193536299126,29.82329103449245
0.013949999999999999,0.33775,1.0,0.03041547613518696,0.0,0.823717497315676,31.203717825925256,0.6785105153840008,973.6720061599656,25.703048354515698
0.013949999999999999,0.34125,0.0,0.0,0.0,0.0,0.0,0.0,0.0,0.0
0.013949999999999999,0.34475,0.0,0.0,0.0,0.0,0.0,0.0,0.0,0.0
0.013949999999999999,0.34825,0.0,0.0,0.0,0.0,0.0,0.0,0.0,0.0
0.014249999999999999,0.00175,0.0,0.0,0.0,0.0,0.0,0.0,0.0,0.0
0.014249999999999999,0.0052499999999999995,0.0,0.0,0.0,0.0,0.0,0.0,0.0,0.0
0.014249999999999999,0.008749999999999999,0.0,0.0,0.0,0.0,0.0,0.0,0.0,0.0
0.014249999999999999,0.01225,0.0,0.0,0.0,0.0,0.0,0.0,0.0,0.0
0.014249999999999999,0.01575,0.0,0.0,0.0,0.0,0.0,0.0,0.0,0.0
0.014249999999999999,0.01925,356301.0,0.009217449446671248,3.606619348781507e-5,0.04976364436556842,-5.222505053935068,170.69056439400615,245.8412091427829,1.366077160216891
0.014249999999999999,0.02275,1.531534e6,0.009070765819772017,3.704676056503439e-5,-0.02900451805809261,-2.030391790249935,170.02826090666053,242.88418972367035,-1.18919983537866
0.014249999999999999,0.02625,2.769838e6,0.008786275872562773,3.733782838548689e-5,-0.010734354513782154,-1.0221233213575975,169.33176011099923,244.56934759519672,-0.52328597552447
0.014249999999999999,0.02975,4.110185e6,0.008542125769014142,3.7176035921392276e-5,-0.018392704256889943,-0.516747958121064,169.56483745025125,242.34946355218133,-0.5312684227754477
0.014249999999999999,0.03325,5.391851e6,0.008451997740156663,3.793360180546388e-5,-0.009968266468703016,0.18018011930269873,170.126845392472,243.62484523545996,-0.4734500076502859
0.014249999999999999,0.03675,6.156593e6,0.008616544223159628,3.89910058989433e-5,0.015158097765001178,0.34825886153366337,170.12156255352835,244.51564055523053,-0.11006429970127113
0.014249999999999999,0.04025,6.360652e6,0.008984079785427255,4.0181329226911284e-5,-0.0011944186408338782,0.8279410312869213,169.1132146173076,243.3364329996598,-0.05941855457489323
0.014249999999999999,0.04375,5.813292e6,0.009598784520458054,4.211770756501841e-5,-0.006755674854343538,0.9737309545652381,169.50377640108186,244.4275888491438,0.01842361291976983
0.014249999999999999,0.04725,5.206221e6,0.010334495168296317,4.377216955317678e-5,-0.009736002078844508,1.064532523506002,171.19772076999712,246.64575496309675,-0.49310851009636
0.014249999999999999,0.050749999999999997,4.161984e6,0.011063087068522949,4.485531005434164e-5,0.0029385328547954378,1.2646609166088418,170.80276612297925,245.90409996189027,0.012203012511493699
0.014249999999999999,0.05425,3.033028e6,0.011816444687490973,4.665852283919347e-5,0.00994391153595533,1.3208692391685561,169.75162498036627,245.24403115234412,-0.3818055548981211
0.014249999999999999,0.057749999999999996,2.043223e6,0.012380996722063992,4.6756830259421744e-5,-0.037190859376796545,1.8967341721228428,170.79521914791812,245.76690779989136,-0.2509537140102613
0.014249999999999999,0.06125,1.006311e6,0.012703528298237402,4.6241795840678867e-5,0.0031154394831941564,3.2763300676695155,169.0480917164617,245.495382645407,0.2931108275192155
0.014249999999999999,0.06475,50664.0,0.01280961499183161,4.5695667352026046e-5,-0.06443532390169555,8.979464864929334,170.29217182970055,273.1433278287777,2.027136424596515
0.014249999999999999,0.06824999999999999,0.0,0.0,0.0,0.0,0.0,0.0,0.0,0.0
0.014249999999999999,0.07175,0.0,0.0,0.0,0.0,0.0,0.0,0.0,0.0
0.014249999999999999,0.07525,0.0,0.0,0.0,0.0,0.0,0.0,0.0,0.0
0.014249999999999999,0.07875,0.0,0.0,0.0,0.0,0.0,0.0,0.0,0.0
0.014249999999999999,0.08225,0.0,0.0,0.0,0.0,0.0,0.0,0.0,0.0
0.014249999999999999,0.08574999999999999,0.0,0.0,0.0,0.0,0.0,0.0,0.0,0.0
0.014249999999999999,0.08925,0.0,0.0,0.0,0.0,0.0,0.0,0.0,0.0
0.014249999999999999,0.09275,0.0,0.0,0.0,0.0,0.0,0.0,0.0,0.0
0.014249999999999999,0.09625,0.0,0.0,0.0,0.0,0.0,0.0,0.0,0.0
0.014249999999999999,0.09974999999999999,0.0,0.0,0.0,0.0,0.0,0.0,0.0,0.0
0.014249999999999999,0.10325,0.0,0.0,0.0,0.0,0.0,0.0,0.0,0.0
0.014249999999999999,0.10675,0.0,0.0,0.0,0.0,0.0,0.0,0.0,0.0
0.014249999999999999,0.11025,0.0,0.0,0.0,0.0,0.0,0.0,0.0,0.0
0.014249999999999999,0.11374999999999999,1.0,0.023274467619830774,0.0,1.7175754935375847,11.562966571047891,2.9500655760008776,133.70219592317102,19.860268015026175
0.014249999999999999,0.11725,4.0,0.021647235780288765,3.294747742440035e-5,0.8768669959060609,20.760612243053252,8.247893395872891,450.1584014987776,16.369446563063534
0.014249999999999999,0.12075,4.0,0.02292682732947816,5.9287040737335495e-6,-0.4696839251062741,19.84086797204499,3.260906564036902,425.2354676325781,-15.627253132629189
0.014249999999999999,0.12425,5.0,0.026643237167730198,0.0001225729060434602,0.911418738355362,24.495021264962162,3.206868165456067,645.05172345473,22.45168352233413
0.014249999999999999,0.12775,3.0,0.021575006071962635,3.328853392834695e-6,0.1704607266247713,24.969680018959032,1.929118877864933,631.0194156598411,4.225222595321245
0.014249999999999999,0.13125,6.0,0.029743249461377567,3.9389298599724325e-5,1.1257836307602354,26.4949834738051,3.846701108635003,719.0161016343557,27.510252646382334
0.014249999999999999,0.13475,2.0,0.02733473506008487,1.1408112976434477e-6,-2.5125588804560377,33.422915284578494,8.002424347477948,1117.980603353391,-82.75127323852503
0.014249999999999999,0.13824999999999998,5.0,0.02539076225009903,3.028617454909069e-5,0.7018719255052827,30.89845090166005,4.552620442429758,968.0466697389077,16.717106484485424
0.014249999999999999,0.14175,2.0,0.01635445679953313,3.1998429058123425e-7,0.43456080429419064,32.817031265484,1.7545805291385752,1088.845436468543,9.946679466081545
0.014249999999999999,0.14525,1.0,0.024628977785468877,0.0,-1.8236922339456128,42.32164815980168,3.3258533641535397,1791.1219029620452,-77.18166107680896
0.014249999999999999,0.14875,1.0,0.014677713697886369,0.0,0.5745013108735887,25.809988900560935,0.3300517561954718,666.1555270470786,14.82787245700503
0.014249999999999999,0.15225,0.0,0.0,0.0,0.0,0.0,0.0,0.0,0.0
0.014249999999999999,0.15575,0.0,0.0,0.0,0.0,0.0,0.0,0.0,0.0
0.014249999999999999,0.15925,0.0,0.0,0.0,0.0,0.0,0.0,0.0,0.0
0.014249999999999999,0.16275,2.0,0.019026903809524723,1.9267981396641057e-5,-0.6584056606292065,35.5185194207353,1.6342293228503746,1281.6676247827772,-28.298595831015213
0.014249999999999999,0.16625,0.0,0.0,0.0,0.0,0.0,0.0,0.0,0.0
0.014249999999999999,0.16974999999999998,0.0,0.0,0.0,0.0,0.0,0.0,0.0,0.0
0.014249999999999999,0.17325,1.0,0.020904353251009842,0.0,0.9734536123210212,27.867240173904243,0.9476119353408451,776.5830749100626,27.12746561270457
0.014249999999999999,0.17675,0.0,0.0,0.0,0.0,0.0,0.0,0.0,0.0
0.014249999999999999,0.18025,3.0,0.02084796089897226,1.666849804760357e-5,-0.6602661980906004,29.415642063393314,2.0369503211624207,977.0273082678215,-17.870183654921085
0.014249999999999999,0.18375,1.0,0.02110229514695309,0.0,1.3557565998190275,27.73010989822925,1.8380759579528507,768.958994967872,37.59527950823125
0.014249999999999999,0.18725,0.0,0.0,0.0,0.0,0.0,0.0,0.0,0.0
0.014249999999999999,0.19075,0.0,0.0,0.0,0.0,0.0,0.0,0.0,0.0
0.014249999999999999,0.19425,0.0,0.0,0.0,0.0,0.0,0.0,0.0,0.0
0.014249999999999999,0.19774999999999998,0.0,0.0,0.0,0.0,0.0,0.0,0.0,0.0
0.014249999999999999,0.20124999999999998,1.0,0.027024459190035786,0.0,-0.8856101118953336,31.154952535397012,0.7843052702912653,970.6310674828406,-27.591141000966754
0.014249999999999999,0.20475,0.0,0.0,0.0,0.0,0.0,0.0,0.0,0.0
0.014249999999999999,0.20825,0.0,0.0,0.0,0.0,0.0,0.0,0.0,0.0
0.014249999999999999,0.21175,1.0,0.02174524190288294,0.0,0.6248325983567623,29.078392067806,0.390415775969263,845.5528852490429,18.16912727176389
0.014249999999999999,0.21525,0.0,0.0,0.0,0.0,0.0,0.0,0.0,0.0
0.014249999999999999,0.21875,0.0,0.0,0.0,0.0,0.0,0.0,0.0,0.0
0.014249999999999999,0.22225,0.0,0.0,0.0,0.0,0.0,0.0,0.0,0.0
0.014249999999999999,0.22575,0.0,0.0,0.0,0.0,0.0,0.0,0.0,0.0
0.014249999999999999,0.22924999999999998,0.0,0.0,0.0,0.0,0.0,0.0,0.0,0.0
0.014249999999999999,0.23274999999999998,0.0,0.0,0.0,0.0,0.0,0.0,0.0,0.0
0.014249999999999999,0.23625,0.0,0.0,0.0,0.0,0.0,0.0,0.0,0.0
0.014249999999999999,0.23975,1.0,0.018583522237363734,0.0,-3.1694994554560476,37.804692079753416,10.045726798136183,1429.1947432449706,-119.821950960462
0.014249999999999999,0.24325,1.0,0.034530005825557014,0.0,1.7795394625139438,38.12618148393308,3.166760698644416,1453.6057145458017,67.84704450562735
0.014249999999999999,0.24675,1.0,0.018102416448047994,0.0,1.6081153828542043,39.48256833061114,2.586035084572324,1558.8732019813776,63.49252548704801
0.014249999999999999,0.25025,1.0,0.02458128275124134,0.0,1.145511703471449,42.666516792744545,1.312197062790061,1820.4316552255523,48.874994332449994
0.014249999999999999,0.25375,0.0,0.0,0.0,0.0,0.0,0.0,0.0,0.0
0.014249999999999999,0.25725,0.0,0.0,0.0,0.0,0.0,0.0,0.0,0.0
0.014249999999999999,0.26075,0.0,0.0,0.0,0.0,0.0,0.0,0.0,0.0
0.014249999999999999,0.26425,0.0,0.0,0.0,0.0,0.0,0.0,0.0,0.0
0.014249999999999999,0.26775,0.0,0.0,0.0,0.0,0.0,0.0,0.0,0.0
0.014249999999999999,0.27125,1.0,0.025692058373009877,0.0,4.271046687532342,30.85221295854852,18.241839807080993,951.8590444396292,131.77124195965106
0.014249999999999999,0.27475,1.0,0.042579017538195194,0.0,1.783778366554979,32.28489853027723,3.181865260989549,1042.314673110297,57.58910356473116
0.014249999999999999,0.27825,1.0,0.023669443413076648,0.0,-1.0396444383724728,28.26023311780853,1.0808605582388144,798.6407758728819,-29.380594188039204
0.014249999999999999,0.28175,0.0,0.0,0.0,0.0,0.0,0.0,0.0,0.0
0.014249999999999999,0.28525,0.0,0.0,0.0,0.0,0.0,0.0,0.0,0.0
0.014249999999999999,0.28875,0.0,0.0,0.0,0.0,0.0,0.0,0.0,0.0
0.014249999999999999,0.29225,0.0,0.0,0.0,0.0,0.0,0.0,0.0,0.0
0.014249999999999999,0.29575,0.0,0.0,0.0,0.0,0.0,0.0,0.0,0.0
0.014249999999999999,0.29925,0.0,0.0,0.0,0.0,0.0,0.0,0.0,0.0
0.014249999999999999,0.30275,0.0,0.0,0.0,0.0,0.0,0.0,0.0,0.0
0.014249999999999999,0.30624999999999997,0.0,0.0,0.0,0.0,0.0,0.0,0.0,0.0
0.014249999999999999,0.30974999999999997,0.0,0.0,0.0,0.0,0.0,0.0,0.0,0.0
0.014249999999999999,0.31325,0.0,0.0,0.0,0.0,0.0,0.0,0.0,0.0
0.014249999999999999,0.31675,1.0,0.030910199122175876,0.0,1.2058768786564247,37.40336541359196,1.4541390464781616,1399.0117442626874,45.10385353618795
0.014249999999999999,0.32025,0.0,0.0,0.0,0.0,0.0,0.0,0.0,0.0
0.014249999999999999,0.32375,0.0,0.0,0.0,0.0,0.0,0.0,0.0,0.0
0.014249999999999999,0.32725,1.0,0.027090202586739283,0.0,-0.3445094229671785,32.87001428429852,0.1186867425131783,1080.4378390499887,-11.324029654006598
0.014249999999999999,0.33075,0.0,0.0,0.0,0.0,0.0,0.0,0.0,0.0
0.014249999999999999,0.33425,0.0,0.0,0.0,0.0,0.0,0.0,0.0,0.0
0.014249999999999999,0.33775,0.0,0.0,0.0,0.0,0.0,0.0,0.0,0.0
0.014249999999999999,0.34125,0.0,0.0,0.0,0.0,0.0,0.0,0.0,0.0
0.014249999999999999,0.34475,0.0,0.0,0.0,0.0,0.0,0.0,0.0,0.0
0.014249999999999999,0.34825,0.0,0.0,0.0,0.0,0.0,0.0,0.0,0.0
0.014549999999999999,0.00175,0.0,0.0,0.0,0.0,0.0,0.0,0.0,0.0
0.014549999999999999,0.0052499999999999995,0.0,0.0,0.0,0.0,0.0,0.0,0.0,0.0
0.014549999999999999,0.008749999999999999,0.0,0.0,0.0,0.0,0.0,0.0,0.0,0.0
0.014549999999999999,0.01225,0.0,0.0,0.0,0.0,0.0,0.0,0.0,0.0
0.014549999999999999,0.01575,0.0,0.0,0.0,0.0,0.0,0.0,0.0,0.0
0.014549999999999999,0.01925,351096.0,0.00930520770066804,3.6768331684669826e-5,0.02526883599762594,-5.44627373086726,170.24929700682628,249.54147573271123,0.271653630457218
0.014549999999999999,0.02275,1.515926e6,0.009147462339974924,3.7453011912122454e-5,0.016501040343206482,-2.005485941090385,169.7017430123867,243.6038629582676,-0.5880078642184029
0.014549999999999999,0.02625,2.701222e6,0.00885861819306823,3.7190998527608445e-5,-0.008996227134798813,-1.0590467506005456,169.53739826480944,244.18598804024583,0.17958123721082078
0.014549999999999999,0.02975,3.966715e6,0.008654059387648487,3.764543834666896e-5,-0.011299788214565436,-0.5002725781981496,170.31949775574572,242.7630013786826,-0.014576448006560752
0.014549999999999999,0.03325,5.160667e6,0.008558603336112764,3.809932742378751e-5,-0.029969346790114853,0.1626266865550686,170.69158832078443,243.49729830747282,-0.03835164961565607
0.014549999999999999,0.03675,5.912653e6,0.008731303731692494,3.920721778308984e-5,-0.01060898082269468,0.31030795017982304,170.64929855050528,244.08068715035407,-0.13829915046751368
0.014549999999999999,0.04025,6.132181e6,0.009062294692249144,4.0156826607477806e-5,-0.018676100328503892,0.802075549241449,169.0299422519911,243.63886595721158,0.04302025972679571
0.014549999999999999,0.04375,5.612235e6,0.0096914581183299,4.217510742527234e-5,-0.006468997131394871,0.8723291381595767,169.51912783956607,243.9795002352921,-0.0828697372333498
0.014549999999999999,0.04725,5.045067e6,0.01039579192534662,4.364483889577681e-5,-0.027557674685211184,1.0169729555830052,171.62888307551066,245.8696069178907,-0.2348880747658504
0.014549999999999999,0.050749999999999997,4.058692e6,0.011114250599753258,4.4875693677260543e-5,-0.020954452998771973,1.2040803048893551,170.1544606896735,246.2231725471116,0.3743698398859503
0.014549999999999999,0.05425,2.955066e6,0.011866038084416813,4.65812620988556e-5,0.029915682816899696,1.3071152123106915,170.35188034544694,245.0496869392468,-0.4713033134054519
0.014549999999999999,0.057749999999999996,1.979663e6,0.012410620849124136,4.654694618580391e-5,-0.0036081638202885204,1.8294917077761348,169.2643654154566,245.76105232594358,0.5207021156715973
0.014549999999999999,0.06125,981467.0,0.012696490901920354,4.525923748587136e-5,-0.01207717493734514,3.306190422974911,169.29513143361467,246.7753730476188,-0.026531786291603868
0.014549999999999999,0.06475,50165.0,0.012714182413299538,4.347144417330324e-5,-0.24554438669830994,9.160799237601715,171.75949621587853,271.3178270336171,-2.6996156322969447
0.014549999999999999,0.06824999999999999,0.0,0.0,0.0,0.0,0.0,0.0,0.0,0.0
0.014549999999999999,0.07175,0.0,0.0,0.0,0.0,0.0,0.0,0.0,0.0
0.014549999999999999,0.07525,0.0,0.0,0.0,0.0,0.0,0.0,0.0,0.0
0.014549999999999999,0.07875,0.0,0.0,0.0,0.0,0.0,0.0,0.0,0.0
0.014549999999999999,0.08225,0.0,0.0,0.0,0.0,0.0,0.0,0.0,0.0
0.014549999999999999,0.08574999999999999,0.0,0.0,0.0,0.0,0.0,0.0,0.0,0.0
0.014549999999999999,0.08925,0.0,0.0,0.0,0.0,0.0,0.0,0.0,0.0
0.014549999999999999,0.09275,0.0,0.0,0.0,0.0,0.0,0.0,0.0,0.0
0.014549999999999999,0.09625,0.0,0.0,0.0,0.0,0.0,0.0,0.0,0.0
0.014549999999999999,0.09974999999999999,0.0,0.0,0.0,0.0,0.0,0.0,0.0,0.0
0.014549999999999999,0.10325,0.0,0.0,0.0,0.0,0.0,0.0,0.0,0.0
0.014549999999999999,0.10675,0.0,0.0,0.0,0.0,0.0,0.0,0.0,0.0
0.014549999999999999,0.11025,0.0,0.0,0.0,0.0,0.0,0.0,0.0,0.0
0.014549999999999999,0.11374999999999999,0.0,0.0,0.0,0.0,0.0,0.0,0.0,0.0
0.014549999999999999,0.11725,1.0,0.0265471275962296,0.0,0.860879665416492,17.76341634885253,0.7411137983276112,315.53896038268135,15.29216392305401
0.014549999999999999,0.12075,5.0,0.0274201810856476,9.321884509780363e-6,-1.0323019821421047,22.892508486398942,4.113052423127046,533.8632759036882,-24.54170845734773
0.014549999999999999,0.12425,2.0,0.02570209359272218,3.121478938164889e-7,1.2316019938221077,26.25266695193571,1.7867188833018341,707.4869266572407,30.11146098710633
0.014549999999999999,0.12775,4.0,0.0231196980768111,6.995720598027382e-5,0.16104982163973824,28.837262018180738,2.0947679598603917,850.9418354355744,1.5638046476015184
0.014549999999999999,0.13125,5.0,0.023239148888567727,1.771455303695931e-5,-0.8351743928387743,28.154344457730133,3.641468876122193,806.7072411384137,-24.39071094343813
0.014549999999999999,0.13475,4.0,0.02359785202438535,3.0087736312384543e-5,-1.016204839684567,30.023278857471183,6.565409674770485,916.323322152859,-31.665879298663548
0.014549999999999999,0.13824999999999998,3.0,0.0274746146292826,1.995949055547462e-5,1.730196022702227,31.049491804477093,9.815806998493485,1021.2810956531903,68.41779464971619
0.014549999999999999,0.14175,3.0,0.027294815856695603,5.311834989560586e-5,0.73732605773073,34.37789925155242,1.551657815598696,1183.0402630858257,26.2505911196599
0.014549999999999999,0.14525,0.0,0.0,0.0,0.0,0.0,0.0,0.0,0.0
0.014549999999999999,0.14875,1.0,0.03257693356644992,0.0,1.6344109337997728,37.50925986928046,2.6712991005242452,1406.9445759412138,61.30554444908903
0.014549999999999999,0.15225,1.0,0.01771597418154785,0.0,1.6834608793378354,32.08267826172327,2.834040532260918,1029.2982444452507,54.00993375799351
0.014549999999999999,0.15575,0.0,0.0,0.0,0.0,0.0,0.0,0.0,0.0
0.014549999999999999,0.15925,4.0,0.028732449176744574,8.004329583125326e-6,0.34404638070885185,30.449172240613862,2.407583203012226,989.0349320079399,7.975353757983864
0.014549999999999999,0.16275,1.0,0.03491989072691569,0.0,0.15401149585518012,41.8006843566538,0.023719540855550163,1747.2972126846014,6.437785925538479
0.014549999999999999,0.16625,0.0,0.0,0.0,0.0,0.0,0.0,0.0,0.0
0.014549999999999999,0.16974999999999998,0.0,0.0,0.0,0.0,0.0,0.0,0.0,0.0
0.014549999999999999,0.17325,0.0,0.0,0.0,0.0,0.0,0.0,0.0,0.0
0.014549999999999999,0.17675,0.0,0.0,0.0,0.0,0.0,0.0,0.0,0.0
0.014549999999999999,0.18025,0.0,0.0,0.0,0.0,0.0,0.0,0.0,0.0
0.014549999999999999,0.18375,0.0,0.0,0.0,0.0,0.0,0.0,0.0,0.0
0.014549999999999999,0.18725,1.0,0.03251727502573442,0.0,0.48823593090514633,39.422696860806425,0.23837432422681482,1554.1490277790367,19.247577100627215
0.014549999999999999,0.19075,0.0,0.0,0.0,0.0,0.0,0.0,0.0,0.0
0.014549999999999999,0.19425,1.0,0.02037931834247988,0.0,-0.5841897942643405,21.575528397365535,0.34127771572261245,465.5034256255266,-12.604203495601407
0.014549999999999999,0.19774999999999998,0.0,0.0,0.0,0.0,0.0,0.0,0.0,0.0
0.014549999999999999,0.20124999999999998,0.0,0.0,0.0,0.0,0.0,0.0,0.0,0.0
0.014549999999999999,0.20475,0.0,0.0,0.0,0.0,0.0,0.0,0.0,0.0
0.014549999999999999,0.20825,0.0,0.0,0.0,0.0,0.0,0.0,0.0,0.0
0.014549999999999999,0.21175,1.0,0.017372711445242828,0.0,0.8297959835268683,23.33839273694212,0.6885613742773228,544.6805755437526,19.366104555087205
0.014549999999999999,0.21525,2.0,0.037781904911257255,2.435742041980883e-5,-0.8236983010073051,29.019072387649256,0.7240066176610063,909.0740594232195,-25.64906425673388
0.014549999999999999,0.21875,1.0,0.021404162537261972,0.0,-1.7376939847167852,31.32048526098085,3.0195803845208986,980.9727969833186,-54.42541883641715
0.014549999999999999,0.22225,0.0,0.0,0.0,0.0,0.0,0.0,0.0,0.0
0.014549999999999999,0.22575,1.0,0.030200495739188517,0.0,-0.46537371075725525,32.66038505409725,0.21657269066397747,1066.700751881899,-15.199284587386035
0.014549999999999999,0.22924999999999998,0.0,0.0,0.0,0.0,0.0,0.0,0.0,0.0
0.014549999999999999,0.23274999999999998,1.0,0.022611108908063386,0.0,1.5177168817278266,32.648116748521495,2.3034645330816375,1065.8995272250897,49.550597945852076
0.014549999999999999,0.23625,0.0,0.0,0.0,0.0,0.0,0.0,0.0,0.0
0.014549999999999999,0.23975,0.0,0.0,0.0,0.0,0.0,0.0,0.0,0.0
0.014549999999999999,0.24325,0.0,0.0,0.0,0.0,0.0,0.0,0.0,0.0
0.014549999999999999,0.24675,1.0,0.03878881718388989,0.0,0.6311231211985999,40.59365731501102,0.39831639411146263,1647.8450142085478,25.619595705516133
0.014549999999999999,0.25025,0.0,0.0,0.0,0.0,0.0,0.0,0.0,0.0
0.014549999999999999,0.25375,0.0,0.0,0.0,0.0,0.0,0.0,0.0,0.0
0.014549999999999999,0.25725,0.0,0.0,0.0,0.0,0.0,0.0,0.0,0.0
0.014549999999999999,0.26075,0.0,0.0,0.0,0.0,0.0,0.0,0.0,0.0
0.014549999999999999,0.26425,0.0,0.0,0.0,0.0,0.0,0.0,0.0,0.0
0.014549999999999999,0.26775,0.0,0.0,0.0,0.0,0.0,0.0,0.0,0.0
0.014549999999999999,0.27125,0.0,0.0,0.0,0.0,0.0,0.0,0.0,0.0
0.014549999999999999,0.27475,0.0,0.0,0.0,0.0,0.0,0.0,0.0,0.0
0.014549999999999999,0.27825,0.0,0.0,0.0,0.0,0.0,0.0,0.0,0.0
0.014549999999999999,0.28175,0.0,0.0,0.0,0.0,0.0,0.0,0.0,0.0
0.014549999999999999,0.28525,0.0,0.0,0.0,0.0,0.0,0.0,0.0,0.0
0.014549999999999999,0.28875,0.0,0.0,0.0,0.0,0.0,0.0,0.0,0.0
0.014549999999999999,0.29225,0.0,0.0,0.0,0.0,0.0,0.0,0.0,0.0
0.014549999999999999,0.29575,0.0,0.0,0.0,0.0,0.0,0.0,0.0,0.0
0.014549999999999999,0.29925,0.0,0.0,0.0,0.0,0.0,0.0,0.0,0.0
0.014549999999999999,0.30275,0.0,0.0,0.0,0.0,0.0,0.0,0.0,0.0
0.014549999999999999,0.30624999999999997,0.0,0.0,0.0,0.0,0.0,0.0,0.0,0.0
0.014549999999999999,0.30974999999999997,0.0,0.0,0.0,0.0,0.0,0.0,0.0,0.0
0.014549999999999999,0.31325,0.0,0.0,0.0,0.0,0.0,0.0,0.0,0.0
0.014549999999999999,0.31675,0.0,0.0,0.0,0.0,0.0,0.0,0.0,0.0
0.014549999999999999,0.32025,0.0,0.0,0.0,0.0,0.0,0.0,0.0,0.0
0.014549999999999999,0.32375,0.0,0.0,0.0,0.0,0.0,0.0,0.0,0.0
0.014549999999999999,0.32725,0.0,0.0,0.0,0.0,0.0,0.0,0.0,0.0
0.014549999999999999,0.33075,0.0,0.0,0.0,0.0,0.0,0.0,0.0,0.0
0.014549999999999999,0.33425,0.0,0.0,0.0,0.0,0.0,0.0,0.0,0.0
0.014549999999999999,0.33775,0.0,0.0,0.0,0.0,0.0,0.0,0.0,0.0
0.014549999999999999,0.34125,0.0,0.0,0.0,0.0,0.0,0.0,0.0,0.0
0.014549999999999999,0.34475,0.0,0.0,0.0,0.0,0.0,0.0,0.0,0.0
0.014549999999999999,0.34825,0.0,0.0,0.0,0.0,0.0,0.0,0.0,0.0
0.014849999999999999,0.00175,0.0,0.0,0.0,0.0,0.0,0.0,0.0,0.0
0.014849999999999999,0.0052499999999999995,0.0,0.0,0.0,0.0,0.0,0.0,0.0,0.0
0.014849999999999999,0.008749999999999999,0.0,0.0,0.0,0.0,0.0,0.0,0.0,0.0
0.014849999999999999,0.01225,0.0,0.0,0.0,0.0,0.0,0.0,0.0,0.0
0.014849999999999999,0.01575,0.0,0.0,0.0,0.0,0.0,0.0,0.0,0.0
0.014849999999999999,0.01925,342971.0,0.009334775088316176,3.682706847616181e-5,0.029030053426438492,-5.4172556310453635,171.31238312798695,248.9976720426124,-0.7211398215170096
0.014849999999999999,0.02275,1.478874e6,0.009216245713441066,3.836453990734761e-5,0.03404561862071353,-2.0118342742515662,170.60856996601262,243.3645251809424,0.6469610194501545
0.014849999999999999,0.02625,2.623982e6,0.008927436514709368,3.715415047842508e-5,-0.017861455712365682,-1.0567221714333714,169.92934278390098,243.9247074926193,0.2420834507013481
0.014849999999999999,0.02975,3.832714e6,0.008754548950160437,3.765350163367025e-5,-0.014883971592122278,-0.4243298907667103,169.71043108178023,243.18792935659044,0.3913696251641474
0.014849999999999999,0.03325,4.908548e6,0.008684179248553464,3.855246805191986e-5,-0.021401279127099024,0.12642099320184813,170.28312463488786,243.30562069838044,-0.1655084638873466
0.014849999999999999,0.03675,5.693309e6,0.00883054456084048,3.923990613426014e-5,-0.007386884229896341,0.2037301379187968,170.67194879610088,244.3409934087728,0.1852873202880084
0.014849999999999999,0.04025,5.907921e6,0.00915955904046634,4.009286105285609e-5,0.015681689375343675,0.7483953443052951,169.93044301220692,243.29697355964413,-0.11791930872723658
0.014849999999999999,0.04375,5.430528e6,0.009773048443822816,4.225220033296249e-5,0.0021616143395833823,0.8675855079408801,170.46762725279055,244.25969792777676,0.13216418066481067
0.014849999999999999,0.04725,4.844238e6,0.010462540188833733,4.3737810782942695e-5,-0.038103093019338015,1.0899118511785748,171.26919034491868,245.36970314492874,-0.21318823971491527
0.014849999999999999,0.050749999999999997,3.936441e6,0.011183352035676221,4.503441744345125e-5,-0.010598714882177097,1.2183596218422565,170.62322333347015,245.4649438870621,-0.11785994409356948
0.014849999999999999,0.05425,2.878047e6,0.011905935888972572,4.615427205717602e-5,0.017543140317601246,1.3344854699880526,169.97226405808323,245.61752827867932,0.11151451927713084
0.014849999999999999,0.057749999999999996,1.916665e6,0.012442182240971787,4.692467933637441e-5,-0.023996999428326875,1.7083830962105135,170.16158131762006,246.22183440385345,0.41736258593982806
0.014849999999999999,0.06125,951775.0,0.012802747875286817,4.574234195518579e-5,0.04712570214312901,3.3197637535146223,169.27859635442525,248.5899920545371,0.7094349709704444
0.014849999999999999,0.06475,48697.0,0.012717990740982286,4.3729034721801146e-5,-0.1676265596462371,8.981787798018841,175.3395136492322,268.20750390806944,0.19911640943980044
0.014849999999999999,0.06824999999999999,0.0,0.0,0.0,0.0,0.0,0.0,0.0,0.0
0.014849999999999999,0.07175,0.0,0.0,0.0,0.0,0.0,0.0,0.0,0.0
0.014849999999999999,0.07525,0.0,0.0,0.0,0.0,0.0,0.0,0.0,0.0
0.014849999999999999,0.07875,0.0,0.0,0.0,0.0,0.0,0.0,0.0,0.0
0.014849999999999999,0.08225,0.0,0.0,0.0,0.0,0.0,0.0,0.0,0.0
0.014849999999999999,0.08574999999999999,0.0,0.0,0.0,0.0,0.0,0.0,0.0,0.0
0.014849999999999999,0.08925,0.0,0.0,0.0,0.0,0.0,0.0,0.0,0.0
0.014849999999999999,0.09275,0.0,0.0,0.0,0.0,0.0,0.0,0.0,0.0
0.014849999999999999,0.09625,0.0,0.0,0.0,0.0,0.0,0.0,0.0,0.0
0.014849999999999999,0.09974999999999999,0.0,0.0,0.0,0.0,0.0,0.0,0.0,0.0
0.014849999999999999,0.10325,0.0,0.0,0.0,0.0,0.0,0.0,0.0,0.0
0.014849999999999999,0.10675,0.0,0.0,0.0,0.0,0.0,0.0,0.0,0.0
0.014849999999999999,0.11025,1.0,0.025576354577646582,0.0,-0.9571134863409076,5.011461948909169,0.9160662257356468,25.114750865364485,-4.796537817585254
0.014849999999999999,0.11374999999999999,0.0,0.0,0.0,0.0,0.0,0.0,0.0,0.0
0.014849999999999999,0.11725,0.0,0.0,0.0,0.0,0.0,0.0,0.0,0.0
0.014849999999999999,0.12075,2.0,0.023263998729692294,3.500989361508496e-5,0.45905079522633385,11.945396984916488,1.2464787880815575,193.53369577256646,12.740183552819158
0.014849999999999999,0.12425,5.0,0.02097161801822495,2.600870127655208e-5,-1.1055425989148375,23.252417191124458,4.512240082348782,575.0951151543453,-24.407591268891288
0.014849999999999999,0.12775,2.0,0.026038985924131904,6.017146562868606e-7,-2.426957125185796,22.304372971459593,15.246564861237223,512.5117784078213,-65.98910518894118
0.014849999999999999,0.13125,7.0,0.020706089995880306,3.683758943760635e-6,-0.47055302882565714,28.993954294726624,4.6831093826535355,874.8305619601211,-13.841832868019013
0.014849999999999999,0.13475,0.0,0.0,0.0,0.0,0.0,0.0,0.0,0.0
0.014849999999999999,0.13824999999999998,3.0,0.03022308341820965,6.932722907897416e-5,-1.6229732703063928,31.944896662444034,2.8794769451098636,1020.6171160645468,-51.963737988257364
0.014849999999999999,0.14175,2.0,0.020930181648092253,7.965209062241081e-6,0.3149553983715476,31.251465224631495,0.09926389479922954,983.2556610067767,9.821787888288906
0.014849999999999999,0.14525,7.0,0.024219491840421263,5.9000444494976305e-5,-1.1599150620607104,28.726683331805244,6.929463819395539,865.5954602907258,-31.791829853758106
0.014849999999999999,0.14875,1.0,0.027863169850598626,0.0,0.13805051166347215,31.44794636289592,0.01905794377054646,988.9733304435787,4.34140508616321
0.014849999999999999,0.15225,0.0,0.0,0.0,0.0,0.0,0.0,0.0,0.0
0.014849999999999999,0.15575,2.0,0.021127296391803982,4.742014141154765e-6,0.9977655901878306,35.42207435471182,3.1039623590366574,1254.7654767341173,35.044903845562004
0.014849999999999999,0.15925,3.0,0.026152388541808735,0.00013242024844825232,-0.6879534143443797,33.06500374972264,2.461004576601749,1120.655153406866,-16.54670128447178
0.014849999999999999,0.16275,1.0,0.023811336309957458,0.0,-0.21445878678204716,45.44266581167163,0.045992571228027565,2065.0358760712697,-9.74557897811311
0.014849999999999999,0.16625,0.0,0.0,0.0,0.0,0.0,0.0,0.0,0.0
0.014849999999999999,0.16974999999999998,0.0,0.0,0.0,0.0,0.0,0.0,0.0,0.0
0.014849999999999999,0.17325,1.0,0.01870230501328339,0.0,3.39765989279399,19.400627031971407,11.544092747100866,376.3843292336597,65.91673236158415
0.014849999999999999,0.17675,0.0,0.0,0.0,0.0,0.0,0.0,0.0,0.0
0.014849999999999999,0.18025,0.0,0.0,0.0,0.0,0.0,0.0,0.0,0.0
0.014849999999999999,0.18375,0.0,0.0,0.0,0.0,0.0,0.0,0.0,0.0
0.014849999999999999,0.18725,0.0,0.0,0.0,0.0,0.0,0.0,0.0,0.0
0.014849999999999999,0.19075,0.0,0.0,0.0,0.0,0.0,0.0,0.0,0.0
0.014849999999999999,0.19425,0.0,0.0,0.0,0.0,0.0,0.0,0.0,0.0
0.014849999999999999,0.19774999999999998,1.0,0.02928590149317211,0.0,-0.8274214572210967,27.163090390152316,0.6846262678698832,737.8334795435851,-22.475323833248197
0.014849999999999999,0.20124999999999998,1.0,0.016881169930181152,0.0,2.8159311170383288,19.188590902149375,7.92946805590473,368.20202081004976,54.033750213481
0.014849999999999999,0.20475,0.0,0.0,0.0,0.0,0.0,0.0,0.0,0.0
0.014849999999999999,0.20825,1.0,0.044567149744866405,0.0,-2.463117218913649,29.53071850168846,6.0669464341089085,872.0633352259653,-72.73762122840073
0.014849999999999999,0.21175,1.0,0.017057508427228023,0.0,-2.50975033394095,39.216141871854084,6.298846738716709,1537.9057833133872,-98.42272515876145
0.014849999999999999,0.21525,1.0,0.04443222061087367,0.0,2.5398821667868967,35.97575810384882,6.451001421162101,1294.255171146644,91.37418644460479
0.014849999999999999,0.21875,0.0,0.0,0.0,0.0,0.0,0.0,0.0,0.0
0.014849999999999999,0.22225,0.0,0.0,0.0,0.0,0.0,0.0,0.0,0.0
0.014849999999999999,0.22575,0.0,0.0,0.0,0.0,0.0,0.0,0.0,0.0
0.014849999999999999,0.22924999999999998,0.0,0.0,0.0,0.0,0.0,0.0,0.0,0.0
0.014849999999999999,0.23274999999999998,1.0,0.03532245379626074,0.0,0.856731692299732,37.7411967218316,0.7339891925907627,1424.3979299959922,32.334079336911884
0.014849999999999999,0.23625,0.0,0.0,0.0,0.0,0.0,0.0,0.0,0.0
0.014849999999999999,0.23975,0.0,0.0,0.0,0.0,0.0,0.0,0.0,0.0
0.014849999999999999,0.24325,0.0,0.0,0.0,0.0,0.0,0.0,0.0,0.0
0.014849999999999999,0.24675,0.0,0.0,0.0,0.0,0.0,0.0,0.0,0.0
0.014849999999999999,0.25025,0.0,0.0,0.0,0.0,0.0,0.0,0.0,0.0
0.014849999999999999,0.25375,0.0,0.0,0.0,0.0,0.0,0.0,0.0,0.0
0.014849999999999999,0.25725,0.0,0.0,0.0,0.0,0.0,0.0,0.0,0.0
0.014849999999999999,0.26075,0.0,0.0,0.0,0.0,0.0,0.0,0.0,0.0
0.014849999999999999,0.26425,0.0,0.0,0.0,0.0,0.0,0.0,0.0,0.0
0.014849999999999999,0.26775,0.0,0.0,0.0,0.0,0.0,0.0,0.0,0.0
0.014849999999999999,0.27125,0.0,0.0,0.0,0.0,0.0,0.0,0.0,0.0
0.014849999999999999,0.27475,0.0,0.0,0.0,0.0,0.0,0.0,0.0,0.0
0.014849999999999999,0.27825,0.0,0.0,0.0,0.0,0.0,0.0,0.0,0.0
0.014849999999999999,0.28175,0.0,0.0,0.0,0.0,0.0,0.0,0.0,0.0
0.014849999999999999,0.28525,0.0,0.0,0.0,0.0,0.0,0.0,0.0,0.0
0.014849999999999999,0.28875,0.0,0.0,0.0,0.0,0.0,0.0,0.0,0.0
0.014849999999999999,0.29225,0.0,0.0,0.0,0.0,0.0,0.0,0.0,0.0
0.014849999999999999,0.29575,1.0,0.041572982755739354,0.0,-3.4347048801886566,43.47540619625168,11.797197613991774,1890.1109439290792,-149.32518983044983
0.014849999999999999,0.29925,0.0,0.0,0.0,0.0,0.0,0.0,0.0,0.0
0.014849999999999999,0.30275,0.0,0.0,0.0,0.0,0.0,0.0,0.0,0.0
0.014849999999999999,0.30624999999999997,0.0,0.0,0.0,0.0,0.0,0.0,0.0,0.0
0.014849999999999999,0.30974999999999997,0.0,0.0,0.0,0.0,0.0,0.0,0.0,0.0
0.014849999999999999,0.31325,0.0,0.0,0.0,0.0,0.0,0.0,0.0,0.0
0.014849999999999999,0.31675,0.0,0.0,0.0,0.0,0.0,0.0,0.0,0.0
0.014849999999999999,0.32025,0.0,0.0,0.0,0.0,0.0,0.0,0.0,0.0
0.014849999999999999,0.32375,0.0,0.0,0.0,0.0,0.0,0.0,0.0,0.0
0.014849999999999999,0.32725,0.0,0.0,0.0,0.0,0.0,0.0,0.0,0.0
0.014849999999999999,0.33075,0.0,0.0,0.0,0.0,0.0,0.0,0.0,0.0
0.014849999999999999,0.33425,0.0,0.0,0.0,0.0,0.0,0.0,0.0,0.0
0.014849999999999999,0.33775,0.0,0.0,0.0,0.0,0.0,0.0,0.0,0.0
0.014849999999999999,0.34125,0.0,0.0,0.0,0.0,0.0,0.0,0.0,0.0
0.014849999999999999,0.34475,0.0,0.0,0.0,0.0,0.0,0.0,0.0,0.0
0.014849999999999999,0.34825,0.0,0.0,0.0,0.0,0.0,0.0,0.0,0.0
0.015149999999999999,0.00175,0.0,0.0,0.0,0.0,0.0,0.0,0.0,0.0
0.015149999999999999,0.0052499999999999995,0.0,0.0,0.0,0.0,0.0,0.0,0.0,0.0
0.015149999999999999,0.008749999999999999,0.0,0.0,0.0,0.0,0.0,0.0,0.0,0.0
0.015149999999999999,0.01225,0.0,0.0,0.0,0.0,0.0,0.0,0.0,0.0
0.015149999999999999,0.01575,0.0,0.0,0.0,0.0,0.0,0.0,0.0,0.0
0.015149999999999999,0.01925,333875.0,0.009363986273358153,3.6798914245734005e-5,0.06608338694477835,-5.375485265914033,173.30654703130023,248.37728009334555,-0.8266037081514147
0.015149999999999999,0.02275,1.443566e6,0.00929650700969655,3.809451462392304e-5,-0.02046565364742739,-2.1065373765241366,170.0042467001151,241.19578118412701,-0.7519775534143565
0.015149999999999999,0.02625,2.540093e6,0.009014125260362733,3.71607929268466e-5,0.006775968237490787,-0.9568317479472549,170.30710357973038,243.54206399881545,0.11538706663576316
0.015149999999999999,0.02975,3.685288e6,0.008857517147260461,3.7863944068408585e-5,0.019400490573761878,-0.34935148977675096,170.5889774561475,242.83912697889002,-0.417660423496831
0.015149999999999999,0.03325,4.731898e6,0.008784617645681083,3.8133393217027606e-5,0.021347708573866933,0.01628298937307037,170.21153359232463,242.31628846173984,0.039811430979519426
0.015149999999999999,0.03675,5.520567e6,0.008932344623841132,3.9199747021169825e-5,-0.02947508906120519,0.15331956553139955,170.6690707834808,244.39806557622123,0.07510398194894338
0.015149999999999999,0.04025,5.727833e6,0.009254897739112825,4.035277026254376e-5,-0.008572720793963883,0.686261013482398,170.30990651130614,243.30839182067214,0.032441008127242474
0.015149999999999999,0.04375,5.227037e6,0.009844809945149672,4.247675031816743e-5,0.008787128647119984,0.8460455420671406,170.29910244488133,243.90903854115234,-0.050393566951668765
0.015149999999999999,0.04725,4.633602e6,0.010532336544267894,4.3833216036597125e-5,-0.03094516308360899,1.1492481224078226,170.7377423011703,245.8421727053386,0.006764925708034132
0.015149999999999999,0.050749999999999997,3.791759e6,0.011232689581811934,4.505170371178311e-5,0.03453362623902699,1.2513292633908992,171.03118290751937,246.20530177456044,0.3042126192869012
0.015149999999999999,0.05425,2.770964e6,0.011960423257477443,4.6320582117140254e-5,0.006294072081323195,1.314946157927713,170.3418077762292,246.10389350517596,-0.38621720581258695
0.015149999999999999,0.057749999999999996,1.860517e6,0.012476869932785685,4.700682813845765e-5,-0.025304455923942336,1.6647904965429787,170.40177570612886,245.71289657074135,-0.24522999373381954
0.015149999999999999,0.06125,916029.0,0.012810695733741976,4.5930274578819916e-5,0.010298647528255333,3.261053534665144,168.96777551033827,245.57329267949956,0.6357115282639203
0.015149999999999999,0.06475,47591.0,0.012918399058217652,4.464892798533124e-5,-0.11334184715302138,8.687796363858391,169.0006248044446,261.9661402783251,0.09272694918776606
0.015149999999999999,0.06824999999999999,0.0,0.0,0.0,0.0,0.0,0.0,0.0,0.0
0.015149999999999999,0.07175,0.0,0.0,0.0,0.0,0.0,0.0,0.0,0.0
0.015149999999999999,0.07525,0.0,0.0,0.0,0.0,0.0,0.0,0.0,0.0
0.015149999999999999,0.07875,0.0,0.0,0.0,0.0,0.0,0.0,0.0,0.0
0.015149999999999999,0.08225,0.0,0.0,0.0,0.0,0.0,0.0,0.0,0.0
0.015149999999999999,0.08574999999999999,0.0,0.0,0.0,0.0,0.0,0.0,0.0,0.0
0.015149999999999999,0.08925,0.0,0.0,0.0,0.0,0.0,0.0,0.0,0.0
0.015149999999999999,0.09275,0.0,0.0,0.0,0.0,0.0,0.0,0.0,0.0
0.015149999999999999,0.09625,0.0,0.0,0.0,0.0,0.0,0.0,0.0,0.0
0.015149999999999999,0.09974999999999999,0.0,0.0,0.0,0.0,0.0,0.0,0.0,0.0
0.015149999999999999,0.10325,0.0,0.0,0.0,0.0,0.0,0.0,0.0,0.0
0.015149999999999999,0.10675,0.0,0.0,0.0,0.0,0.0,0.0,0.0,0.0
0.015149999999999999,0.11025,0.0,0.0,0.0,0.0,0.0,0.0,0.0,0.0
0.015149999999999999,0.11374999999999999,1.0,0.022223156498469062,0.0,-1.3788451430189443,7.286468678405205,1.9012139284269332,53.092625801380095,-10.046911946978684
0.015149999999999999,0.11725,1.0,0.029749292016203795,0.0,-0.6106823341696542,12.15926682354547,0.37293291326689726,147.84776968617356,-7.425449445594385
0.015149999999999999,0.12075,2.0,0.018463157771049024,1.094127158805278e-6,-3.0902391459259815,23.52633714623949,9.67074595145087,566.0170596012699,-73.93410190860877
0.015149999999999999,0.12425,4.0,0.04305838703543077,3.040392652700177e-5,-0.3657644023331031,25.010595824092213,1.164582993393458,626.9914125475227,-9.251697363000238
0.015149999999999999,0.12775,2.0,0.018277398492057853,1.6742335909327189e-6,-1.441617314173167,25.898432116018625,6.863696895649643,670.913573959881,-38.27599547383466
0.015149999999999999,0.13125,10.0,0.02364381456019305,7.176570588189954e-5,-0.31626436463983026,26.057549485264317,2.8226622862980677,705.2751738520882,-10.154328291049751
0.015149999999999999,0.13475,3.0,0.025608901787873492,4.304798318753329e-5,0.16128324696635032,28.85373549687406,4.447938294061529,845.6396202204271,1.1478447802912868
0.015149999999999999,0.13824999999999998,5.0,0.021949091241721463,8.51568373195644e-5,-1.2447827746844837,31.84859150686107,5.981455731117235,1021.8402677667378,-38.83979611496881
0.015149999999999999,0.14175,3.0,0.025006374930748965,1.5931451156658412e-5,0.2594323557853456,28.812573297981725,1.0977059019132607,832.5625581229883,7.780284551978735
0.015149999999999999,0.14525,2.0,0.024971164860558635,4.251519582231724e-5,1.043358350346612,28.85329397464414,2.294621213892485,832.9750189158594,29.357518060029452
0.015149999999999999,0.14875,1.0,0.021610617792964092,0.0,0.8797704959820227,40.74718843990537,0.7739961256004543,1660.333365757158,35.84817418364849
0.015149999999999999,0.15225,3.0,0.029213343563838225,2.108306761256014e-5,1.0321567935534373,30.458130357461346,8.010295644489513,940.9942061839151,25.753796155192855
0.015149999999999999,0.15575,2.0,0.02197691816504106,4.3836947761453943e-7,-0.7320279267962576,33.449447845326986,2.972406057719495,1119.155236784357,-25.3260529211238
0.015149999999999999,0.15925,2.0,0.027287397251150036,5.667583171678121e-6,-1.7084649373028995,31.794636974487588,4.085734315660349,1020.5652259269634,-57.67850626561682
0.015149999999999999,0.16275,0.0,0.0,0.0,0.0,0.0,0.0,0.0,0.0
0.015149999999999999,0.16625,0.0,0.0,0.0,0.0,0.0,0.0,0.0,0.0
0.015149999999999999,0.16974999999999998,0.0,0.0,0.0,0.0,0.0,0.0,0.0,0.0
0.015149999999999999,0.17325,0.0,0.0,0.0,0.0,0.0,0.0,0.0,0.0
0.015149999999999999,0.17675,0.0,0.0,0.0,0.0,0.0,0.0,0.0,0.0
0.015149999999999999,0.18025,1.0,0.01856818250611604,0.0,0.05766692346898581,36.0362032710149,0.0033254740623778665,1298.6079461899049,2.078096976142432
0.015149999999999999,0.18375,1.0,0.024837351675298845,0.0,-1.973107074452161,29.91667564512519,3.8931515272531656,895.0074816556266,-59.028804359487175
0.015149999999999999,0.18725,0.0,0.0,0.0,0.0,0.0,0.0,0.0,0.0
0.015149999999999999,0.19075,0.0,0.0,0.0,0.0,0.0,0.0,0.0,0.0
0.015149999999999999,0.19425,1.0,0.01878134390567955,0.0,-2.4341514797812454,33.87445636799996,5.925093426521227,1147.4787942275332,-82.45555809495234
0.015149999999999999,0.19774999999999998,0.0,0.0,0.0,0.0,0.0,0.0,0.0,0.0
0.015149999999999999,0.20124999999999998,0.0,0.0,0.0,0.0,0.0,0.0,0.0,0.0
0.015149999999999999,0.20475,1.0,0.019502631288770274,0.0,1.619409765292378,25.663045720717783,2.622487987924315,658.5919156636513,41.55898684727515
0.015149999999999999,0.20825,0.0,0.0,0.0,0.0,0.0,0.0,0.0,0.0
0.015149999999999999,0.21175,0.0,0.0,0.0,0.0,0.0,0.0,0.0,0.0
0.015149999999999999,0.21525,2.0,0.03338207008219411,8.78651164383857e-5,0.2797917835325483,23.278546832276284,0.9225829030310239,591.657446584615,12.995275518321652
0.015149999999999999,0.21875,0.0,0.0,0.0,0.0,0.0,0.0,0.0,0.0
0.015149999999999999,0.22225,0.0,0.0,0.0,0.0,0.0,0.0,0.0,0.0
0.015149999999999999,0.22575,0.0,0.0,0.0,0.0,0.0,0.0,0.0,0.0
0.015149999999999999,0.22924999999999998,0.0,0.0,0.0,0.0,0.0,0.0,0.0,0.0
0.015149999999999999,0.23274999999999998,1.0,0.030409460631610097,0.0,0.6378593273703084,35.659652761207276,0.4068645215133022,1271.6108350498778,22.745842124522433
0.015149999999999999,0.23625,0.0,0.0,0.0,0.0,0.0,0.0,0.0,0.0
0.015149999999999999,0.23975,0.0,0.0,0.0,0.0,0.0,0.0,0.0,0.0
0.015149999999999999,0.24325,0.0,0.0,0.0,0.0,0.0,0.0,0.0,0.0
0.015149999999999999,0.24675,0.0,0.0,0.0,0.0,0.0,0.0,0.0,0.0
0.015149999999999999,0.25025,1.0,0.022282543395649498,0.0,-1.5178352314304469,36.112940192312,2.3038237897715184,1304.1444493335036,-54.81349293443177
0.015149999999999999,0.25375,0.0,0.0,0.0,0.0,0.0,0.0,0.0,0.0
0.015149999999999999,0.25725,0.0,0.0,0.0,0.0,0.0,0.0,0.0,0.0
0.015149999999999999,0.26075,0.0,0.0,0.0,0.0,0.0,0.0,0.0,0.0
0.015149999999999999,0.26425,1.0,0.01918558577117021,0.0,-0.4021286440437322,39.728577014219766,0.1617074463604507,1578.359831574791,-15.975998804515182
0.015149999999999999,0.26775,0.0,0.0,0.0,0.0,0.0,0.0,0.0,0.0
0.015149999999999999,0.27125,0.0,0.0,0.0,0.0,0.0,0.0,0.0,0.0
0.015149999999999999,0.27475,0.0,0.0,0.0,0.0,0.0,0.0,0.0,0.0
0.015149999999999999,0.27825,0.0,0.0,0.0,0.0,0.0,0.0,0.0,0.0
0.015149999999999999,0.28175,0.0,0.0,0.0,0.0,0.0,0.0,0.0,0.0
0.015149999999999999,0.28525,0.0,0.0,0.0,0.0,0.0,0.0,0.0,0.0
0.015149999999999999,0.28875,0.0,0.0,0.0,0.0,0.0,0.0,0.0,0.0
0.015149999999999999,0.29225,0.0,0.0,0.0,0.0,0.0,0.0,0.0,0.0
0.015149999999999999,0.29575,0.0,0.0,0.0,0.0,0.0,0.0,0.0,0.0
0.015149999999999999,0.29925,0.0,0.0,0.0,0.0,0.0,0.0,0.0,0.0
0.015149999999999999,0.30275,0.0,0.0,0.0,0.0,0.0,0.0,0.0,0.0
0.015149999999999999,0.30624999999999997,0.0,0.0,0.0,0.0,0.0,0.0,0.0,0.0
0.015149999999999999,0.30974999999999997,0.0,0.0,0.0,0.0,0.0,0.0,0.0,0.0
0.015149999999999999,0.31325,0.0,0.0,0.0,0.0,0.0,0.0,0.0,0.0
0.015149999999999999,0.31675,1.0,0.029722022334522372,0.0,0.046866342647909794,28.493502492348327,0.0021964540731912886,811.8796842814603,1.3353862510454684
0.015149999999999999,0.32025,0.0,0.0,0.0,0.0,0.0,0.0,0.0,0.0
0.015149999999999999,0.32375,1.0,0.02817262079572331,0.0,-2.506859497918047,36.66275629024791,6.284344542301923,1344.157698798113,-91.9083788260626
0.015149999999999999,0.32725,1.0,0.03263385003233745,0.0,-1.766744035585033,25.263219547017286,3.1213844872752885,638.2302618807963,-44.63364245436801
0.015149999999999999,0.33075,0.0,0.0,0.0,0.0,0.0,0.0,0.0,0.0
0.015149999999999999,0.33425,0.0,0.0,0.0,0.0,0.0,0.0,0.0,0.0
0.015149999999999999,0.33775,0.0,0.0,0.0,0.0,0.0,0.0,0.0,0.0
0.015149999999999999,0.34125,0.0,0.0,0.0,0.0,0.0,0.0,0.0,0.0
0.015149999999999999,0.34475,0.0,0.0,0.0,0.0,0.0,0.0,0.0,0.0
0.015149999999999999,0.34825,0.0,0.0,0.0,0.0,0.0,0.0,0.0,0.0
0.015449999999999998,0.00175,0.0,0.0,0.0,0.0,0.0,0.0,0.0,0.0
0.015449999999999998,0.0052499999999999995,0.0,0.0,0.0,0.0,0.0,0.0,0.0,0.0
0.015449999999999998,0.008749999999999999,0.0,0.0,0.0,0.0,0.0,0.0,0.0,0.0
0.015449999999999998,0.01225,0.0,0.0,0.0,0.0,0.0,0.0,0.0,0.0
0.015449999999999998,0.01575,0.0,0.0,0.0,0.0,0.0,0.0,0.0,0.0
0.015449999999999998,0.01925,319554.0,0.009479160375251407,3.772202740547568e-5,0.15752876009016584,-5.489936288884366,170.04695253346372,250.2207832506698,-2.550664214316115
0.015449999999999998,0.02275,1.401042e6,0.009342836904829588,3.778254755764996e-5,0.012466351141949673,-2.1032060810966513,169.57012169866087,241.92352846155293,-1.1405455361294716
0.015449999999999998,0.02625,2.465436e6,0.009113345786355703,3.747037559748331e-5,0.02390408969218174,-0.9690847209261806,170.93498819022392,243.72085388187574,-0.014505984546352105
0.015449999999999998,0.02975,3.557917e6,0.008915766042321388,3.7777676187479674e-5,0.037777676338663344,-0.37856527045709665,170.62319968898734,243.04017908538873,-0.6321789191001366
0.015449999999999998,0.03325,4.554162e6,0.008880626898487105,3.850281895563041e-5,0.042223625507693964,0.009937517020100806,170.47597029711787,242.42689392059197,-0.01988175880722521
0.015449999999999998,0.03675,5.345463e6,0.009023640879203982,3.9210058582048194e-5,-0.018772552615350914,0.1464280272380545,170.593738696109,243.79420493353945,0.21782278987950177
0.015449999999999998,0.04025,5.535913e6,0.009340027271617656,4.052326781573412e-5,-0.013590798586537653,0.6131703890058022,170.32867851520888,243.6679273210468,0.11445612746631334
0.015449999999999998,0.04375,5.018152e6,0.009918118699652657,4.235572423297086e-5,-0.01714337798630751,0.8600402126780243,170.50962424192014,243.61526029474064,0.07922108216012184
0.015449999999999998,0.04725,4.46311e6,0.010610528278343336,4.425289229105819e-5,-0.006049180153792625,1.1238642508556758,170.61836687629747,245.18808666643073,-0.2094704809674521
0.015449999999999998,0.050749999999999997,3.659766e6,0.011294576912082835,4.4969165584693495e-5,0.03124481303931132,1.2089506314000522,170.46642700114467,244.98804287352516,-0.2727893952615543
0.015449999999999998,0.05425,2.692853e6,0.012002742452636632,4.656446482350265e-5,0.03482900916486136,1.2395977172757977,170.7655526842475,245.54810023349646,0.6027614432066137
0.015449999999999998,0.057749999999999996,1.804831e6,0.012513461397371011,4.660434591885977e-5,-0.015706734145974725,1.7254958895196162,169.94578543167262,243.89828743354408,-0.21832561861900943
0.015449999999999998,0.06125,883686.0,0.012863183810890225,4.641960022951793e-5,-0.02699328873791125,3.16434379632896,170.15003453829567,245.5542761966347,-0.7460350486834292
0.015449999999999998,0.06475,47205.0,0.013067793014121679,4.528239147040436e-5,-0.02075589862406144,8.86712880984493,173.32204671110088,262.88348142482675,-1.3242443522799623
0.015449999999999998,0.06824999999999999,0.0,0.0,0.0,0.0,0.0,0.0,0.0,0.0
0.015449999999999998,0.07175,0.0,0.0,0.0,0.0,0.0,0.0,0.0,0.0
0.015449999999999998,0.07525,0.0,0.0,0.0,0.0,0.0,0.0,0.0,0.0
0.015449999999999998,0.07875,0.0,0.0,0.0,0.0,0.0,0.0,0.0,0.0
0.015449999999999998,0.08225,0.0,0.0,0.0,0.0,0.0,0.0,0.0,0.0
0.015449999999999998,0.08574999999999999,0.0,0.0,0.0,0.0,0.0,0.0,0.0,0.0
0.015449999999999998,0.08925,0.0,0.0,0.0,0.0,0.0,0.0,0.0,0.0
0.015449999999999998,0.09275,0.0,0.0,0.0,0.0,0.0,0.0,0.0,0.0
0.015449999999999998,0.09625,0.0,0.0,0.0,0.0,0.0,0.0,0.0,0.0
0.015449999999999998,0.09974999999999999,0.0,0.0,0.0,0.0,0.0,0.0,0.0,0.0
0.015449999999999998,0.10325,0.0,0.0,0.0,0.0,0.0,0.0,0.0,0.0
0.015449999999999998,0.10675,0.0,0.0,0.0,0.0,0.0,0.0,0.0,0.0
0.015449999999999998,0.11025,0.0,0.0,0.0,0.0,0.0,0.0,0.0,0.0
0.015449999999999998,0.11374999999999999,0.0,0.0,0.0,0.0,0.0,0.0,0.0,0.0
0.015449999999999998,0.11725,1.0,0.02725294525287681,0.0,-1.271473373217642,14.222969440337069,1.616644538801449,202.29285970076216,-18.08412693147681
0.015449999999999998,0.12075,2.0,0.028544639728337134,1.2127593624323123e-6,-0.12037771269318909,21.04725998162214,1.9177333311521423,446.2093553920448,-0.05720562924126327
0.015449999999999998,0.12425,4.0,0.023528839496766492,1.755223763965814e-5,-0.04512906156649371,22.208675700238025,0.5219948699961414,501.40874313298843,0.6869651112692967
0.015449999999999998,0.12775,3.0,0.022909525376242135,5.102429303351626e-5,-0.554996557586267,25.564972845031,6.545151951446534,670.0405233941124,-23.739026310669225
0.015449999999999998,0.13125,5.0,0.02631770612542551,1.2276183520975711e-5,-0.7300838129350876,24.578327411664123,3.7008025171973866,613.5218324510621,-20.08694186755427
0.015449999999999998,0.13475,5.0,0.022168964762477993,7.858809850750452e-5,-0.11439139608721316,30.072684604764945,0.9168089748016186,916.0455208546567,-2.837429260258304
0.015449999999999998,0.13824999999999998,3.0,0.023100482480212188,5.1604064741508225e-5,-0.8381117479415605,33.670981414334705,1.987301086901215,1135.8940847115311,-27.745910909214235
0.015449999999999998,0.14175,3.0,0.03216058011427094,4.3762780657284786e-5,0.5473099827535175,31.268373022445285,3.407705758936851,984.5287029926899,12.810915101875459
0.015449999999999998,0.14525,1.0,0.015392120861272951,0.0,-1.4211587764234324,32.943520718531445,2.0196922678053473,1085.2755573323107,-46.81797359542814
0.015449999999999998,0.14875,0.0,0.0,0.0,0.0,0.0,0.0,0.0,0.0
0.015449999999999998,0.15225,1.0,0.035268547273174716,0.0,-0.17459049063029897,31.009360746675192,0.03048183941852851,961.5804539174402,-5.413939506893955
0.015449999999999998,0.15575,0.0,0.0,0.0,0.0,0.0,0.0,0.0,0.0
0.015449999999999998,0.15925,1.0,0.0197756566719893,0.0,1.0997248446101158,36.78903426511118,1.2093947338527433,1353.4330421595243,40.45781499055561
0.015449999999999998,0.16275,1.0,0.030839381047236304,0.0,-2.3018337830866797,37.4056872760035,5.298438764959136,1399.18544059017,-86.10167465148041
0.015449999999999998,0.16625,0.0,0.0,0.0,0.0,0.0,0.0,0.0,0.0
0.015449999999999998,0.16974999999999998,0.0,0.0,0.0,0.0,0.0,0.0,0.0,0.0
0.015449999999999998,0.17325,0.0,0.0,0.0,0.0,0.0,0.0,0.0,0.0
0.015449999999999998,0.17675,0.0,0.0,0.0,0.0,0.0,0.0,0.0,0.0
0.015449999999999998,0.18025,0.0,0.0,0.0,0.0,0.0,0.0,0.0,0.0
0.015449999999999998,0.18375,0.0,0.0,0.0,0.0,0.0,0.0,0.0,0.0
0.015449999999999998,0.18725,0.0,0.0,0.0,0.0,0.0,0.0,0.0,0.0
0.015449999999999998,0.19075,0.0,0.0,0.0,0.0,0.0,0.0,0.0,0.0
0.015449999999999998,0.19425,1.0,0.04457327895098603,0.0,-1.8281062614979904,27.834706502156216,3.341972503328159,774.7708860611775,-50.884801243550605
0.015449999999999998,0.19774999999999998,0.0,0.0,0.0,0.0,0.0,0.0,0.0,0.0
0.015449999999999998,0.20124999999999998,0.0,0.0,0.0,0.0,0.0,0.0,0.0,0.0
0.015449999999999998,0.20475,0.0,0.0,0.0,0.0,0.0,0.0,0.0,0.0
0.015449999999999998,0.20825,0.0,0.0,0.0,0.0,0.0,0.0,0.0,0.0
0.015449999999999998,0.21175,0.0,0.0,0.0,0.0,0.0,0.0,0.0,0.0
0.015449999999999998,0.21525,0.0,0.0,0.0,0.0,0.0,0.0,0.0,0.0
0.015449999999999998,0.21875,0.0,0.0,0.0,0.0,0.0,0.0,0.0,0.0
0.015449999999999998,0.22225,0.0,0.0,0.0,0.0,0.0,0.0,0.0,0.0
0.015449999999999998,0.22575,0.0,0.0,0.0,0.0,0.0,0.0,0.0,0.0
0.015449999999999998,0.22924999999999998,1.0,0.038009605226016784,0.0,0.6771987742176034,34.86038109495228,0.45859817980182466,1215.2461700853064,23.6074073462602
0.015449999999999998,0.23274999999999998,2.0,0.022177168910688,1.1816735601848241e-5,0.25067888967022667,30.45594497667262,0.8072013895750079,935.3015215242482,10.034470375795458
0.015449999999999998,0.23625,0.0,0.0,0.0,0.0,0.0,0.0,0.0,0.0
0.015449999999999998,0.23975,1.0,0.024653651667954187,0.0,1.0211152552361642,24.147579164963442,1.0426763644760169,583.1055795281766,24.657461462367127
0.015449999999999998,0.24325,0.0,0.0,0.0,0.0,0.0,0.0,0.0,0.0
0.015449999999999998,0.24675,0.0,0.0,0.0,0.0,0.0,0.0,0.0,0.0
0.015449999999999998,0.25025,0.0,0.0,0.0,0.0,0.0,0.0,0.0,0.0
0.015449999999999998,0.25375,0.0,0.0,0.0,0.0,0.0,0.0,0.0,0.0
0.015449999999999998,0.25725,0.0,0.0,0.0,0.0,0.0,0.0,0.0,0.0
0.015449999999999998,0.26075,0.0,0.0,0.0,0.0,0.0,0.0,0.0,0.0
0.015449999999999998,0.26425,0.0,0.0,0.0,0.0,0.0,0.0,0.0,0.0
0.015449999999999998,0.26775,0.0,0.0,0.0,0.0,0.0,0.0,0.0,0.0
0.015449999999999998,0.27125,0.0,0.0,0.0,0.0,0.0,0.0,0.0,0.0
0.015449999999999998,0.27475,0.0,0.0,0.0,0.0,0.0,0.0,0.0,0.0
0.015449999999999998,0.27825,1.0,0.02426260953242122,0.0,-0.7832304267135681,33.95455809066344,0.6134499013299181,1152.9120151322381,-26.59424302222096
0.015449999999999998,0.28175,0.0,0.0,0.0,0.0,0.0,0.0,0.0,0.0
0.015449999999999998,0.28525,2.0,0.03806357502554822,1.642610925798345e-5,1.571537153946407,28.95132813965444,4.7109917316771615,838.3174532546784,46.0543353065385
0.015449999999999998,0.28875,0.0,0.0,0.0,0.0,0.0,0.0,0.0,0.0
0.015449999999999998,0.29225,0.0,0.0,0.0,0.0,0.0,0.0,0.0,0.0
0.015449999999999998,0.29575,0.0,0.0,0.0,0.0,0.0,0.0,0.0,0.0
0.015449999999999998,0.29925,0.0,0.0,0.0,0.0,0.0,0.0,0.0,0.0
0.015449999999999998,0.30275,0.0,0.0,0.0,0.0,0.0,0.0,0.0,0.0
0.015449999999999998,0.30624999999999997,0.0,0.0,0.0,0.0,0.0,0.0,0.0,0.0
0.015449999999999998,0.30974999999999997,0.0,0.0,0.0,0.0,0.0,0.0,0.0,0.0
0.015449999999999998,0.31325,0.0,0.0,0.0,0.0,0.0,0.0,0.0,0.0
0.015449999999999998,0.31675,0.0,0.0,0.0,0.0,0.0,0.0,0.0,0.0
0.015449999999999998,0.32025,0.0,0.0,0.0,0.0,0.0,0.0,0.0,0.0
0.015449999999999998,0.32375,0.0,0.0,0.0,0.0,0.0,0.0,0.0,0.0
0.015449999999999998,0.32725,0.0,0.0,0.0,0.0,0.0,0.0,0.0,0.0
0.015449999999999998,0.33075,0.0,0.0,0.0,0.0,0.0,0.0,0.0,0.0
0.015449999999999998,0.33425,0.0,0.0,0.0,0.0,0.0,0.0,0.0,0.0
0.015449999999999998,0.33775,0.0,0.0,0.0,0.0,0.0,0.0,0.0,0.0
0.015449999999999998,0.34125,0.0,0.0,0.0,0.0,0.0,0.0,0.0,0.0
0.015449999999999998,0.34475,0.0,0.0,0.0,0.0,0.0,0.0,0.0,0.0
0.015449999999999998,0.34825,0.0,0.0,0.0,0.0,0.0,0.0,0.0,0.0
0.01575,0.00175,0.0,0.0,0.0,0.0,0.0,0.0,0.0,0.0
0.01575,0.0052499999999999995,0.0,0.0,0.0,0.0,0.0,0.0,0.0,0.0
0.01575,0.008749999999999999,0.0,0.0,0.0,0.0,0.0,0.0,0.0,0.0
0.01575,0.01225,0.0,0.0,0.0,0.0,0.0,0.0,0.0,0.0
0.01575,0.01575,0.0,0.0,0.0,0.0,0.0,0.0,0.0,0.0
0.01575,0.01925,306456.0,0.009532014876038396,3.697090866677148e-5,0.03749687930672725,-5.6863998502769775,172.9898205275186,255.45552134440447,-0.04645177844326064
0.01575,0.02275,1.351505e6,0.009386403246577794,3.789707592520857e-5,0.032542165320601946,-2.148123475630895,171.1441768654831,243.75795253230777,0.1832890398318657
0.01575,0.02625,2.375147e6,0.009182433771495264,3.760758334555456e-5,0.00667060949776576,-1.0275849017853165,170.24420543053336,243.72436929124856,0.18542093298854193
0.01575,0.02975,3.436952e6,0.009017579776979034,3.784780659584811e-5,-0.005374644741531458,-0.4141622486089767,170.60808155501448,243.48295998742677,-0.059593519572234674
0.01575,0.03325,4.401633e6,0.008975215822664926,3.851754317884602e-5,0.0009084865482584228,0.026801574775850167,170.24693021562896,242.7906927768025,0.03338244194070111
0.01575,0.03675,5.127491e6,0.009112819042741272,3.938101025464991e-5,0.0001968147500217893,0.24255330651587115,170.26569012763122,243.21870221171878,0.14076308953815544
0.01575,0.04025,5.301624e6,0.009430621729380528,4.0416439067577354e-5,0.025044031798395865,0.557250247870191,169.84994689034818,243.69805885012823,0.4440243887075695
0.01575,0.04375,4.849318e6,0.009998454975927315,4.267606350079319e-5,-0.0010568113220528995,0.92216281936203,169.98911774219314,244.99817974269484,0.08372188198807674
0.01575,0.04725,4.303004e6,0.010688291159869544,4.4385323980211056e-5,-0.017741528654984184,1.06339514088238,170.05686771848244,245.16463771837803,-0.21190247134488363
0.01575,0.050749999999999997,3.538703e6,0.01135199267554855,4.510921428317096e-5,0.041906928658737935,1.1816705994975492,169.97722379602823,244.95446687907096,-0.08641677813898323
0.01575,0.05425,2.627106e6,0.012060214652490745,4.683445449518567e-5,0.03324883274973097,1.2877668296507447,170.68251181506483,245.81140194697048,-0.23802805548167771
0.01575,0.057749999999999996,1.752191e6,0.012547520405006013,4.6560862379399473e-5,-0.03775935002033629,1.8010230549355457,171.5005412624534,244.75697853818846,-1.2112154015165226
0.01575,0.06125,856563.0,0.01290178641007196,4.616225045672386e-5,-0.014150584333511424,3.2500486025156525,169.30015927546404,245.83764181940344,-0.6287571514859375
0.01575,0.06475,46345.0,0.012999927201229434,4.400690827521062e-5,0.008218979464344413,8.947605491285001,170.098979954754,267.409578242649,-1.6094860405433633
0.01575,0.06824999999999999,0.0,0.0,0.0,0.0,0.0,0.0,0.0,0.0
0.01575,0.07175,0.0,0.0,0.0,0.0,0.0,0.0,0.0,0.0
0.01575,0.07525,0.0,0.0,0.0,0.0,0.0,0.0,0.0,0.0
0.01575,0.07875,0.0,0.0,0.0,0.0,0.0,0.0,0.0,0.0
0.01575,0.08225,0.0,0.0,0.0,0.0,0.0,0.0,0.0,0.0
0.01575,0.08574999999999999,0.0,0.0,0.0,0.0,0.0,0.0,0.0,0.0
0.01575,0.08925,0.0,0.0,0.0,0.0,0.0,0.0,0.0,0.0
0.01575,0.09275,0.0,0.0,0.0,0.0,0.0,0.0,0.0,0.0
0.01575,0.09625,0.0,0.0,0.0,0.0,0.0,0.0,0.0,0.0
0.01575,0.09974999999999999,0.0,0.0,0.0,0.0,0.0,0.0,0.0,0.0
0.01575,0.10325,0.0,0.0,0.0,0.0,0.0,0.0,0.0,0.0
0.01575,0.10675,0.0,0.0,0.0,0.0,0.0,0.0,0.0,0.0
0.01575,0.11025,0.0,0.0,0.0,0.0,0.0,0.0,0.0,0.0
0.01575,0.11374999999999999,0.0,0.0,0.0,0.0,0.0,0.0,0.0,0.0
0.01575,0.11725,2.0,0.020984717519472597,0.00010184374281877252,1.218872094063857,14.162887021764313,1.7988502577437933,211.84026827143865,19.14009169072585
0.01575,0.12075,2.0,0.028165894000108996,4.5997190366475364e-5,-0.8558300706762534,18.946866494951948,2.2730833168912845,380.9776311487378,-10.39424890313779
0.01575,0.12425,6.0,0.023862266264268735,2.3701798925996518e-5,-0.06514690441191084,24.19457034544641,2.4462670599077665,589.7068174314094,-3.639140361776903
0.01575,0.12775,1.0,0.032382049786840714,0.0,0.38404843654676807,22.969818744689242,0.14749320161401694,527.6125731638773,8.82152297666055
0.01575,0.13125,5.0,0.027649545487585532,5.472335824190239e-5,0.6006633134798346,25.5804606948312,7.321380932497229,673.0327609446115,25.901995097728744
0.01575,0.13475,7.0,0.022579553598284428,4.811795474996426e-5,0.01350639181831198,28.15847214559376,5.003490937164294,817.3966471720025,6.756919660583139
0.01575,0.13824999999999998,3.0,0.033286579847613684,6.243891163493841e-5,1.3784752536475384,28.716981235677768,4.679938693114407,832.7911228372034,34.9930604925366
0.01575,0.14175,1.0,0.021113357598174894,0.0,2.6195131317463836,28.79631452629338,6.861849047391746,829.2277302972151,75.43232404752465
0.01575,0.14525,2.0,0.024194621532912228,9.415205600435973e-8,-1.1269760303490735,33.86604150716113,3.9640806399682416,1149.1157843694214,-40.60460097754447
0.01575,0.14875,3.0,0.027456249141643956,3.7022772069790293e-6,0.6680521637124659,32.210720556072545,0.47181409797836066,1064.9213938226928,22.346196950854562
0.01575,0.15225,0.0,0.0,0.0,0.0,0.0,0.0,0.0,0.0
0.01575,0.15575,2.0,0.026500044930721653,4.88594687721166e-6,1.8222180642751578,33.24617986902209,3.6652922822569542,1111.6122050473211,62.05610685900146
0.01575,0.15925,3.0,0.027450888430502866,3.302929734301528e-5,-1.1978981153943404,34.840059430660446,4.101630025957332,1231.2327280143681,-45.159695673356836
0.01575,0.16275,0.0,0.0,0.0,0.0,0.0,0.0,0.0,0.0
0.01575,0.16625,0.0,0.0,0.0,0.0,0.0,0.0,0.0,0.0
0.01575,0.16974999999999998,0.0,0.0,0.0,0.0,0.0,0.0,0.0,0.0
0.01575,0.17325,1.0,0.03365123700102042,0.0,0.46044479412475725,29.552639120497926,0.21200940843659008,873.3584789863844,13.607358835680914
0.01575,0.17675,0.0,0.0,0.0,0.0,0.0,0.0,0.0,0.0
0.01575,0.18025,0.0,0.0,0.0,0.0,0.0,0.0,0.0,0.0
0.01575,0.18375,0.0,0.0,0.0,0.0,0.0,0.0,0.0,0.0
0.01575,0.18725,0.0,0.0,0.0,0.0,0.0,0.0,0.0,0.0
0.01575,0.19075,0.0,0.0,0.0,0.0,0.0,0.0,0.0,0.0
0.01575,0.19425,1.0,0.025311921523324864,0.0,-1.1418411798509118,22.63843292048756,1.3038012800033223,512.4986450954149,-25.84949495590524
0.01575,0.19774999999999998,0.0,0.0,0.0,0.0,0.0,0.0,0.0,0.0
0.01575,0.20124999999999998,0.0,0.0,0.0,0.0,0.0,0.0,0.0,0.0
0.01575,0.20475,1.0,0.025884211913841843,0.0,-0.005982255826761642,30.657797499707634,3.578738477682362e-5,939.9005475330797,-0.1834027877283045
0.01575,0.20825,0.0,0.0,0.0,0.0,0.0,0.0,0.0,0.0
0.01575,0.21175,0.0,0.0,0.0,0.0,0.0,0.0,0.0,0.0
0.01575,0.21525,0.0,0.0,0.0,0.0,0.0,0.0,0.0,0.0
0.01575,0.21875,0.0,0.0,0.0,0.0,0.0,0.0,0.0,0.0
0.01575,0.22225,0.0,0.0,0.0,0.0,0.0,0.0,0.0,0.0
0.01575,0.22575,0.0,0.0,0.0,0.0,0.0,0.0,0.0,0.0
0.01575,0.22924999999999998,1.0,0.04017525884375406,0.0,1.6291402533247403,32.96258469690644,2.654097965002999,1086.5319899007307,53.70067358335637
0.01575,0.23274999999999998,0.0,0.0,0.0,0.0,0.0,0.0,0.0,0.0
0.01575,0.23625,0.0,0.0,0.0,0.0,0.0,0.0,0.0,0.0
0.01575,0.23975,0.0,0.0,0.0,0.0,0.0,0.0,0.0,0.0
0.01575,0.24325,0.0,0.0,0.0,0.0,0.0,0.0,0.0,0.0
0.01575,0.24675,1.0,0.056125700970800205,0.0,-2.7569111359084806,34.64368263281196,7.6005590112961885,1200.184746362997,-95.50955443927852
0.01575,0.25025,0.0,0.0,0.0,0.0,0.0,0.0,0.0,0.0
0.01575,0.25375,0.0,0.0,0.0,0.0,0.0,0.0,0.0,0.0
0.01575,0.25725,0.0,0.0,0.0,0.0,0.0,0.0,0.0,0.0
0.01575,0.26075,0.0,0.0,0.0,0.0,0.0,0.0,0.0,0.0
0.01575,0.26425,0.0,0.0,0.0,0.0,0.0,0.0,0.0,0.0
0.01575,0.26775,0.0,0.0,0.0,0.0,0.0,0.0,0.0,0.0
0.01575,0.27125,0.0,0.0,0.0,0.0,0.0,0.0,0.0,0.0
0.01575,0.27475,0.0,0.0,0.0,0.0,0.0,0.0,0.0,0.0
0.01575,0.27825,0.0,0.0,0.0,0.0,0.0,0.0,0.0,0.0
0.01575,0.28175,1.0,0.039044651275948104,0.0,-0.6352612163007261,29.91097731385025,0.40355681293587786,894.6665638696643,-19.001283829139933
0.01575,0.28525,0.0,0.0,0.0,0.0,0.0,0.0,0.0,0.0
0.01575,0.28875,0.0,0.0,0.0,0.0,0.0,0.0,0.0,0.0
0.01575,0.29225,0.0,0.0,0.0,0.0,0.0,0.0,0.0,0.0
0.01575,0.29575,0.0,0.0,0.0,0.0,0.0,0.0,0.0,0.0
0.01575,0.29925,0.0,0.0,0.0,0.0,0.0,0.0,0.0,0.0
0.01575,0.30275,0.0,0.0,0.0,0.0,0.0,0.0,0.0,0.0
0.01575,0.30624999999999997,0.0,0.0,0.0,0.0,0.0,0.0,0.0,0.0
0.01575,0.30974999999999997,0.0,0.0,0.0,0.0,0.0,0.0,0.0,0.0
0.01575,0.31325,0.0,0.0,0.0,0.0,0.0,0.0,0.0,0.0
0.01575,0.31675,0.0,0.0,0.0,0.0,0.0,0.0,0.0,0.0
0.01575,0.32025,1.0,0.04189234212328074,0.0,1.552254608271889,23.03701064622121,2.4094943689013157,530.7038595141094,35.75930593640544
0.01575,0.32375,0.0,0.0,0.0,0.0,0.0,0.0,0.0,0.0
0.01575,0.32725,0.0,0.0,0.0,0.0,0.0,0.0,0.0,0.0
0.01575,0.33075,0.0,0.0,0.0,0.0,0.0,0.0,0.0,0.0
0.01575,0.33425,0.0,0.0,0.0,0.0,0.0,0.0,0.0,0.0
0.01575,0.33775,0.0,0.0,0.0,0.0,0.0,0.0,0.0,0.0
0.01575,0.34125,0.0,0.0,0.0,0.0,0.0,0.0,0.0,0.0
0.01575,0.34475,0.0,0.0,0.0,0.0,0.0,0.0,0.0,0.0
0.01575,0.34825,0.0,0.0,0.0,0.0,0.0,0.0,0.0,0.0
0.01605,0.00175,0.0,0.0,0.0,0.0,0.0,0.0,0.0,0.0
0.01605,0.0052499999999999995,0.0,0.0,0.0,0.0,0.0,0.0,0.0,0.0
0.01605,0.008749999999999999,0.0,0.0,0.0,0.0,0.0,0.0,0.0,0.0
0.01605,0.01225,0.0,0.0,0.0,0.0,0.0,0.0,0.0,0.0
0.01605,0.01575,0.0,0.0,0.0,0.0,0.0,0.0,0.0,0.0
0.01605,0.01925,296136.0,0.009555401122812779,3.655919274527701e-5,-0.023834836766989765,-5.487950949608265,171.25372511382758,249.96318920730204,1.5615824570302892
0.01605,0.02275,1.298625e6,0.009488305882928703,3.819558250987247e-5,-0.013185210094211556,-2.244191859007826,171.0475698417699,244.249436372219,0.7122790325013777
0.01605,0.02625,2.276884e6,0.0092551565319148,3.7796161388412266e-5,0.0006690620578194619,-1.1645777840342273,170.89991375952917,243.64636728167537,-0.8052901991912202
0.01605,0.02975,3.322435e6,0.009087787990378874,3.7947607769529034e-5,0.030795162411634058,-0.48063066655393966,170.6798563810485,242.24338115520717,-0.2445596071069953
0.01605,0.03325,4.249478e6,0.009066388271761117,3.865314932200888e-5,-0.02979151162507966,-0.055780574199850164,169.37041184414582,241.709996625305,0.18103087995610623
0.01605,0.03675,4.912238e6,0.009202309733504627,3.9437240038814e-5,-0.010958594153071703,0.3206426614804811,170.21892508909272,242.01745397340116,0.47740829344137076
0.01605,0.04025,5.084857e6,0.009523845463870155,4.067454709630806e-5,-0.001191403741589785,0.5287114775709122,169.23327369774228,244.1407579446724,0.10899306772898523
0.01605,0.04375,4.655943e6,0.010075742180463539,4.2647635967969103e-5,-0.0012557930311528245,0.8147400536294672,170.2445357355297,244.81623239344773,-0.27870805020250233
0.01605,0.04725,4.1424e6,0.010749744440032993,4.382017828939756e-5,-0.0154675278767103,1.0851320230634827,169.90005733008292,244.78104439431064,-0.33783034960707253
0.01605,0.050749999999999997,3.425837e6,0.011399636498392209,4.499071749717451e-5,0.007079281716880658,1.195946319304291,169.75538462706675,245.56859272917885,-0.19303250441547165
0.01605,0.05425,2.543929e6,0.012071488550785608,4.652486743647032e-5,-0.018465184476196928,1.3205795986306832,170.9929521751578,245.8833127579044,-0.03989574854593448
0.01605,0.057749999999999996,1.676331e6,0.012602704829820172,4.6372738512615444e-5,0.02011777507018454,1.8202700423057523,171.60266500040998,244.80121384071316,-0.2616245227433285
0.01605,0.06125,818010.0,0.01291007551200034,4.58064784090678e-5,-0.019101754887194018,3.23782864933081,168.9421358617298,246.04198455702976,0.7808032383023867
0.01605,0.06475,43526.0,0.013091274644856665,4.6115235086015814e-5,0.07419177973617798,9.120059647643567,173.11500096749648,266.91236599951685,2.258376263679218
0.01605,0.06824999999999999,0.0,0.0,0.0,0.0,0.0,0.0,0.0,0.0
0.01605,0.07175,0.0,0.0,0.0,0.0,0.0,0.0,0.0,0.0
0.01605,0.07525,0.0,0.0,0.0,0.0,0.0,0.0,0.0,0.0
0.01605,0.07875,0.0,0.0,0.0,0.0,0.0,0.0,0.0,0.0
0.01605,0.08225,0.0,0.0,0.0,0.0,0.0,0.0,0.0,0.0
0.01605,0.08574999999999999,0.0,0.0,0.0,0.0,0.0,0.0,0.0,0.0
0.01605,0.08925,0.0,0.0,0.0,0.0,0.0,0.0,0.0,0.0
0.01605,0.09275,0.0,0.0,0.0,0.0,0.0,0.0,0.0,0.0
0.01605,0.09625,0.0,0.0,0.0,0.0,0.0,0.0,0.0,0.0
0.01605,0.09974999999999999,0.0,0.0,0.0,0.0,0.0,0.0,0.0,0.0
0.01605,0.10325,0.0,0.0,0.0,0.0,0.0,0.0,0.0,0.0
0.01605,0.10675,0.0,0.0,0.0,0.0,0.0,0.0,0.0,0.0
0.01605,0.11025,0.0,0.0,0.0,0.0,0.0,0.0,0.0,0.0
0.01605,0.11374999999999999,1.0,0.022926030224957684,0.0,-2.0789380296943896,12.199838686156005,4.321983331309591,148.83606396822867,-25.362708600786554
0.01605,0.11725,0.0,0.0,0.0,0.0,0.0,0.0,0.0,0.0
0.01605,0.12075,0.0,0.0,0.0,0.0,0.0,0.0,0.0,0.0
0.01605,0.12425,3.0,0.024365337159599505,5.418346672269888e-6,0.18463271856477984,24.312600190439113,0.26073452927787977,650.7149736497452,4.561612848606711
0.01605,0.12775,1.0,0.028250875844280262,0.0,-0.9939410025476373,20.661870199610316,0.9879187165454023,426.9128801455449,-20.536679980709827
0.01605,0.13125,3.0,0.029197563882402473,1.714988320644005e-5,0.5784420822583092,33.21137842171318,3.065498546539632,1179.1624695500188,10.270821788300058
0.01605,0.13475,2.0,0.022787918830748502,1.147757199624998e-5,1.1796696900063428,30.905470843334133,6.838283335059918,959.387428671046,41.26345696748743
0.01605,0.13824999999999998,4.0,0.02294042248937972,4.39713625034044e-5,0.9308554430414315,30.64665951474785,5.259948496711591,969.0257803109711,36.41841973929621
0.01605,0.14175,2.0,0.023350866313333322,2.7037657450325134e-6,1.1907999355326702,34.7078305766952,2.0328114127279915,1205.1420020450203,40.77095047395984
0.01605,0.14525,1.0,0.021934161743037365,0.0,-2.1296169737843953,29.19445595132409,4.5352684550306055,852.3162582938027,-62.17300893434064
0.01605,0.14875,2.0,0.031913831822319536,3.4893146562663034e-5,0.8346283293775713,33.14369676485815,0.7717492407608245,1102.1671060498768,27.138058301133626
0.01605,0.15225,0.0,0.0,0.0,0.0,0.0,0.0,0.0,0.0
0.01605,0.15575,0.0,0.0,0.0,0.0,0.0,0.0,0.0,0.0
0.01605,0.15925,0.0,0.0,0.0,0.0,0.0,0.0,0.0,0.0
0.01605,0.16275,2.0,0.029471850439589033,3.544191956382457e-8,1.591372822143026,37.101095870767466,2.8752463724386303,1378.82704320206,59.93645965884004
0.01605,0.16625,0.0,0.0,0.0,0.0,0.0,0.0,0.0,0.0
0.01605,0.16974999999999998,0.0,0.0,0.0,0.0,0.0,0.0,0.0,0.0
0.01605,0.17325,0.0,0.0,0.0,0.0,0.0,0.0,0.0,0.0
0.01605,0.17675,0.0,0.0,0.0,0.0,0.0,0.0,0.0,0.0
0.01605,0.18025,0.0,0.0,0.0,0.0,0.0,0.0,0.0,0.0
0.01605,0.18375,0.0,0.0,0.0,0.0,0.0,0.0,0.0,0.0
0.01605,0.18725,1.0,0.023362209829427213,0.0,0.0303065131526893,37.249400247803855,0.0009184847394741295,1387.5178188210898,1.1288994385398556
0.01605,0.19075,1.0,0.03343113781776445,0.0,-0.25556213841155334,26.446684028436596,0.06531200658948595,699.4270960999634,-6.758771124201931
0.01605,0.19425,0.0,0.0,0.0,0.0,0.0,0.0,0.0,0.0
0.01605,0.19774999999999998,0.0,0.0,0.0,0.0,0.0,0.0,0.0,0.0
0.01605,0.20124999999999998,0.0,0.0,0.0,0.0,0.0,0.0,0.0,0.0
0.01605,0.20475,0.0,0.0,0.0,0.0,0.0,0.0,0.0,0.0
0.01605,0.20825,0.0,0.0,0.0,0.0,0.0,0.0,0.0,0.0
0.01605,0.21175,1.0,0.018720436942326512,0.0,-0.058497337446464875,29.48098873549023,0.0034219384883255816,869.1286968221018,-1.7245593463154016
0.01605,0.21525,0.0,0.0,0.0,0.0,0.0,0.0,0.0,0.0
0.01605,0.21875,0.0,0.0,0.0,0.0,0.0,0.0,0.0,0.0
0.01605,0.22225,1.0,0.022054639302683473,0.0,-1.2867909998699945,39.395123594680115,1.65583107734642,1551.9757630401218,-50.693290480400435
0.01605,0.22575,0.0,0.0,0.0,0.0,0.0,0.0,0.0,0.0
0.01605,0.22924999999999998,0.0,0.0,0.0,0.0,0.0,0.0,0.0,0.0
0.01605,0.23274999999999998,2.0,0.025334072837683776,1.9420396121490614e-5,-0.1824182901594184,34.38700318263951,0.26551134589836867,1257.9869446342611,-2.084906810828686
0.01605,0.23625,0.0,0.0,0.0,0.0,0.0,0.0,0.0,0.0
0.01605,0.23975,1.0,0.03879170218356249,0.0,-0.39967150232444565,35.375432975052924,0.15973730977027936,1251.4212581724616,-14.138552442517136
0.01605,0.24325,0.0,0.0,0.0,0.0,0.0,0.0,0.0,0.0
0.01605,0.24675,1.0,0.026100703417871803,0.0,-0.2352961509572871,33.06251764759992,0.05536427865531444,1093.130073197856,-7.779483143437639
0.01605,0.25025,1.0,0.03362923365063606,0.0,-0.8495515757443101,39.55651220664581,0.7217378798496402,1564.7176579545192,-33.605297276104984
0.01605,0.25375,0.0,0.0,0.0,0.0,0.0,0.0,0.0,0.0
0.01605,0.25725,0.0,0.0,0.0,0.0,0.0,0.0,0.0,0.0
0.01605,0.26075,1.0,0.028387510125030047,0.0,-0.7069493986546845,34.50582811139548,0.49977745225822007,1190.6521736531706,-24.393874433432945
0.01605,0.26425,0.0,0.0,0.0,0.0,0.0,0.0,0.0,0.0
0.01605,0.26775,0.0,0.0,0.0,0.0,0.0,0.0,0.0,0.0
0.01605,0.27125,0.0,0.0,0.0,0.0,0.0,0.0,0.0,0.0
0.01605,0.27475,0.0,0.0,0.0,0.0,0.0,0.0,0.0,0.0
0.01605,0.27825,0.0,0.0,0.0,0.0,0.0,0.0,0.0,0.0
0.01605,0.28175,0.0,0.0,0.0,0.0,0.0,0.0,0.0,0.0
0.01605,0.28525,0.0,0.0,0.0,0.0,0.0,0.0,0.0,0.0
0.01605,0.28875,0.0,0.0,0.0,0.0,0.0,0.0,0.0,0.0
0.01605,0.29225,0.0,0.0,0.0,0.0,0.0,0.0,0.0,0.0
0.01605,0.29575,0.0,0.0,0.0,0.0,0.0,0.0,0.0,0.0
0.01605,0.29925,0.0,0.0,0.0,0.0,0.0,0.0,0.0,0.0
0.01605,0.30275,0.0,0.0,0.0,0.0,0.0,0.0,0.0,0.0
0.01605,0.30624999999999997,0.0,0.0,0.0,0.0,0.0,0.0,0.0,0.0
0.01605,0.30974999999999997,0.0,0.0,0.0,0.0,0.0,0.0,0.0,0.0
0.01605,0.31325,0.0,0.0,0.0,0.0,0.0,0.0,0.0,0.0
0.01605,0.31675,0.0,0.0,0.0,0.0,0.0,0.0,0.0,0.0
0.01605,0.32025,0.0,0.0,0.0,0.0,0.0,0.0,0.0,0.0
0.01605,0.32375,0.0,0.0,0.0,0.0,0.0,0.0,0.0,0.0
0.01605,0.32725,0.0,0.0,0.0,0.0,0.0,0.0,0.0,0.0
0.01605,0.33075,0.0,0.0,0.0,0.0,0.0,0.0,0.0,0.0
0.01605,0.33425,0.0,0.0,0.0,0.0,0.0,0.0,0.0,0.0
0.01605,0.33775,0.0,0.0,0.0,0.0,0.0,0.0,0.0,0.0
0.01605,0.34125,0.0,0.0,0.0,0.0,0.0,0.0,0.0,0.0
0.01605,0.34475,0.0,0.0,0.0,0.0,0.0,0.0,0.0,0.0
0.01605,0.34825,0.0,0.0,0.0,0.0,0.0,0.0,0.0,0.0
0.01635,0.00175,0.0,0.0,0.0,0.0,0.0,0.0,0.0,0.0
0.01635,0.0052499999999999995,0.0,0.0,0.0,0.0,0.0,0.0,0.0,0.0
0.01635,0.008749999999999999,0.0,0.0,0.0,0.0,0.0,0.0,0.0,0.0
0.01635,0.01225,0.0,0.0,0.0,0.0,0.0,0.0,0.0,0.0
0.01635,0.01575,0.0,0.0,0.0,0.0,0.0,0.0,0.0,0.0
0.01635,0.01925,286205.0,0.009564234009781368,3.665059825647777e-5,-0.12982395984632217,-5.375873240250949,170.06915282588685,251.22293879976667,0.2845961862093098
0.01635,0.02275,1.250567e6,0.009557220559003909,3.8365853168861706e-5,-0.003405153365021437,-2.2615951670197045,171.3797206501552,244.6609334007617,0.1319200125508822
0.01635,0.02625,2.180495e6,0.009332193682960932,3.822011527974681e-5,0.053053465732625,-1.156298152608861,169.36472975589393,244.66548613770667,-0.18224280297429177
0.01635,0.02975,3.160575e6,0.009170090471501639,3.828385746268985e-5,0.005971523912701684,-0.5882048662388016,169.34349342750676,242.81624739919076,0.202875253391183
0.01635,0.03325,4.082008e6,0.009120157671442163,3.840683508265457e-5,-0.03534534650384275,-0.1641760896964261,170.00634392035667,242.9654991503428,0.2976592486695661
0.01635,0.03675,4.690869e6,0.00929553865197549,3.981747184024509e-5,0.0035368974268078293,0.3006648375500164,169.88607705794013,241.97193277841933,0.12986365660174615
0.01635,0.04025,4.860368e6,0.009604032721361169,4.0859485363875125e-5,-0.014366823186109863,0.6026473204611966,170.09644437012858,244.26953896200976,0.19743687027996465
0.01635,0.04375,4.4778e6,0.010151320267854251,4.276917683396991e-5,0.028049145612149003,0.7960023722922805,169.61548450665947,244.3878210144807,-0.3550072694318781
0.01635,0.04725,3.979388e6,0.010789260307429547,4.403153973626206e-5,-0.012490438459122831,1.066653816260799,169.69920842862317,244.19902621115173,-0.45133533366873535
0.01635,0.050749999999999997,3.307815e6,0.011448288504260468,4.487844316606896e-5,-0.0394586895898529,1.1637765639444173,169.44670342411803,246.08526472382084,-0.2842142607121705
0.01635,0.05425,2.453286e6,0.012105495528240286,4.6199994823713136e-5,-0.004334567510866849,1.2551730157570988,170.9879572405619,245.37382707381502,-0.3714485150557859
0.01635,0.057749999999999996,1.611415e6,0.012624534032032186,4.632041623635654e-5,0.04276842413774546,1.6935493295509554,170.83810933749442,244.87306921049642,0.31950109649379127
0.01635,0.06125,792391.0,0.012928259689886727,4.606854925179426e-5,-0.04056623604496872,3.3310350503685666,169.27039997249034,245.2067104539181,-1.0982512791777
0.01635,0.06475,40408.0,0.013059588808363214,4.495838613543867e-5,-0.38463008895364703,9.122014763436171,171.3745756635766,269.59514865773065,-3.110397875942891
0.01635,0.06824999999999999,0.0,0.0,0.0,0.0,0.0,0.0,0.0,0.0
0.01635,0.07175,0.0,0.0,0.0,0.0,0.0,0.0,0.0,0.0
0.01635,0.07525,0.0,0.0,0.0,0.0,0.0,0.0,0.0,0.0
0.01635,0.07875,0.0,0.0,0.0,0.0,0.0,0.0,0.0,0.0
0.01635,0.08225,0.0,0.0,0.0,0.0,0.0,0.0,0.0,0.0
0.01635,0.08574999999999999,0.0,0.0,0.0,0.0,0.0,0.0,0.0,0.0
0.01635,0.08925,0.0,0.0,0.0,0.0,0.0,0.0,0.0,0.0
0.01635,0.09275,0.0,0.0,0.0,0.0,0.0,0.0,0.0,0.0
0.01635,0.09625,0.0,0.0,0.0,0.0,0.0,0.0,0.0,0.0
0.01635,0.09974999999999999,0.0,0.0,0.0,0.0,0.0,0.0,0.0,0.0
0.01635,0.10325,0.0,0.0,0.0,0.0,0.0,0.0,0.0,0.0
0.01635,0.10675,0.0,0.0,0.0,0.0,0.0,0.0,0.0,0.0
0.01635,0.11025,0.0,0.0,0.0,0.0,0.0,0.0,0.0,0.0
0.01635,0.11374999999999999,1.0,0.045524879697552985,0.0,-1.6346703540178187,12.076839550189952,2.6721471663047405,145.85005352103224,-19.741651582925403
0.01635,0.11725,1.0,0.028086509664410515,0.0,-2.9380601980872063,6.1443580120328924,8.632197727584234,37.753135380032795,-18.052493717952075
0.01635,0.12075,2.0,0.020613294086657945,2.3886811064669286e-6,-2.810196639165331,24.389459420120843,8.001796489277712,602.567678540643,-67.64048403747762
0.01635,0.12425,2.0,0.02217505395258517,5.879576017043808e-6,1.8630296239272002,20.09316559162515,5.389690062466057,412.831737578107,41.6120012796127
0.01635,0.12775,6.0,0.026270350981698835,2.4556599474171987e-5,0.7196618515955961,28.019150418666076,1.436500587047747,794.200479897088,21.157675339544163
0.01635,0.13125,4.0,0.025130817965831848,9.239587501747564e-5,-1.5105263786295313,25.147535052515522,3.3949447404864914,640.7778486017007,-35.8449773830321
0.01635,0.13475,3.0,0.029467623681146842,7.849266314400388e-5,1.629710493534112,28.82443261086384,4.368442806274087,839.621533632586,45.35991777191067
0.01635,0.13824999999999998,5.0,0.025413754389363354,5.151876700694431e-5,-0.8799501270418497,31.25627273881908,5.89929636402989,978.1909413014588,-27.170708648305254
0.01635,0.14175,2.0,0.023100524372723544,1.91517171795592e-5,-0.7512712630266773,31.348318126691275,1.4149647121392368,984.3168799672356,-24.717600661589806
0.01635,0.14525,2.0,0.023251503028413823,6.012835416932577e-6,1.899985646693993,37.68558373682055,5.316264712945783,1427.6447106917112,75.1654312267126
0.01635,0.14875,0.0,0.0,0.0,0.0,0.0,0.0,0.0,0.0
0.01635,0.15225,0.0,0.0,0.0,0.0,0.0,0.0,0.0,0.0
0.01635,0.15575,1.0,0.03094387675562685,0.0,-0.9545296693084474,37.31838645422831,0.9111268895900939,1392.661967547131,-35.62150708127939
0.01635,0.15925,1.0,0.057826592924241166,0.0,1.0564801451879895,15.534087287015714,1.1161502971764354,241.30786784062323,16.411454792349264
0.01635,0.16275,0.0,0.0,0.0,0.0,0.0,0.0,0.0,0.0
0.01635,0.16625,0.0,0.0,0.0,0.0,0.0,0.0,0.0,0.0
0.01635,0.16974999999999998,0.0,0.0,0.0,0.0,0.0,0.0,0.0,0.0
0.01635,0.17325,0.0,0.0,0.0,0.0,0.0,0.0,0.0,0.0
0.01635,0.17675,0.0,0.0,0.0,0.0,0.0,0.0,0.0,0.0
0.01635,0.18025,0.0,0.0,0.0,0.0,0.0,0.0,0.0,0.0
0.01635,0.18375,1.0,0.040709154104525705,0.0,-0.010502708005115328,24.935412515813017,0.00011030687544071358,621.7747973337645,-0.2618893566406823
0.01635,0.18725,0.0,0.0,0.0,0.0,0.0,0.0,0.0,0.0
0.01635,0.19075,0.0,0.0,0.0,0.0,0.0,0.0,0.0,0.0
0.01635,0.19425,1.0,0.019350389258525214,0.0,0.6065298743222002,36.80755081119127,0.36787848844530396,1354.795796718427,22.324879167619837
0.01635,0.19774999999999998,2.0,0.021745855440768416,8.77248415371905e-6,0.5833747699389114,29.65468717899907,13.523920192317753,881.1152869303037,12.545069388040915
0.01635,0.20124999999999998,0.0,0.0,0.0,0.0,0.0,0.0,0.0,0.0
0.01635,0.20475,0.0,0.0,0.0,0.0,0.0,0.0,0.0,0.0
0.01635,0.20825,0.0,0.0,0.0,0.0,0.0,0.0,0.0,0.0
0.01635,0.21175,0.0,0.0,0.0,0.0,0.0,0.0,0.0,0.0
0.01635,0.21525,1.0,0.033643691478624047,0.0,1.1994615782122937,31.473536290835142,1.4387080776075263,990.5834866505166,37.75129751132702
0.01635,0.21875,0.0,0.0,0.0,0.0,0.0,0.0,0.0,0.0
0.01635,0.22225,0.0,0.0,0.0,0.0,0.0,0.0,0.0,0.0
0.01635,0.22575,0.0,0.0,0.0,0.0,0.0,0.0,0.0,0.0
0.01635,0.22924999999999998,0.0,0.0,0.0,0.0,0.0,0.0,0.0,0.0
0.01635,0.23274999999999998,0.0,0.0,0.0,0.0,0.0,0.0,0.0,0.0
0.01635,0.23625,1.0,0.041089324394562046,0.0,-3.6871935479034494,33.74495622467587,13.595396259700827,1138.7220706052906,-124.4241848659092
0.01635,0.23975,0.0,0.0,0.0,0.0,0.0,0.0,0.0,0.0
0.01635,0.24325,0.0,0.0,0.0,0.0,0.0,0.0,0.0,0.0
0.01635,0.24675,0.0,0.0,0.0,0.0,0.0,0.0,0.0,0.0
0.01635,0.25025,0.0,0.0,0.0,0.0,0.0,0.0,0.0,0.0
0.01635,0.25375,0.0,0.0,0.0,0.0,0.0,0.0,0.0,0.0
0.01635,0.25725,0.0,0.0,0.0,0.0,0.0,0.0,0.0,0.0
0.01635,0.26075,2.0,0.023637582039519024,3.5272778806459417e-6,3.1662955748406194,32.47400349088469,10.030805840473352,1054.5927148253638,102.83537372565507
0.01635,0.26425,0.0,0.0,0.0,0.0,0.0,0.0,0.0,0.0
0.01635,0.26775,0.0,0.0,0.0,0.0,0.0,0.0,0.0,0.0
0.01635,0.27125,0.0,0.0,0.0,0.0,0.0,0.0,0.0,0.0
0.01635,0.27475,0.0,0.0,0.0,0.0,0.0,0.0,0.0,0.0
0.01635,0.27825,0.0,0.0,0.0,0.0,0.0,0.0,0.0,0.0
0.01635,0.28175,1.0,0.02426563269601545,0.0,-3.7998705522635343,35.732647806529876,14.439016213959578,1276.8221192655044,-135.77943615443704
0.01635,0.28525,0.0,0.0,0.0,0.0,0.0,0.0,0.0,0.0
0.01635,0.28875,0.0,0.0,0.0,0.0,0.0,0.0,0.0,0.0
0.01635,0.29225,0.0,0.0,0.0,0.0,0.0,0.0,0.0,0.0
0.01635,0.29575,0.0,0.0,0.0,0.0,0.0,0.0,0.0,0.0
0.01635,0.29925,0.0,0.0,0.0,0.0,0.0,0.0,0.0,0.0
0.01635,0.30275,0.0,0.0,0.0,0.0,0.0,0.0,0.0,0.0
0.01635,0.30624999999999997,1.0,0.04924494677240995,0.0,1.7233033139485987,30.727862487875814,2.9697743118662228,944.2015330738056,52.953427255913226
0.01635,0.30974999999999997,0.0,0.0,0.0,0.0,0.0,0.0,0.0,0.0
0.01635,0.31325,0.0,0.0,0.0,0.0,0.0,0.0,0.0,0.0
0.01635,0.31675,0.0,0.0,0.0,0.0,0.0,0.0,0.0,0.0
0.01635,0.32025,0.0,0.0,0.0,0.0,0.0,0.0,0.0,0.0
0.01635,0.32375,0.0,0.0,0.0,0.0,0.0,0.0,0.0,0.0
0.01635,0.32725,0.0,0.0,0.0,0.0,0.0,0.0,0.0,0.0
0.01635,0.33075,0.0,0.0,0.0,0.0,0.0,0.0,0.0,0.0
0.01635,0.33425,0.0,0.0,0.0,0.0,0.0,0.0,0.0,0.0
0.01635,0.33775,0.0,0.0,0.0,0.0,0.0,0.0,0.0,0.0
0.01635,0.34125,0.0,0.0,0.0,0.0,0.0,0.0,0.0,0.0
0.01635,0.34475,0.0,0.0,0.0,0.0,0.0,0.0,0.0,0.0
0.01635,0.34825,0.0,0.0,0.0,0.0,0.0,0.0,0.0,0.0
0.016649999999999998,0.00175,0.0,0.0,0.0,0.0,0.0,0.0,0.0,0.0
0.016649999999999998,0.0052499999999999995,0.0,0.0,0.0,0.0,0.0,0.0,0.0,0.0
0.016649999999999998,0.008749999999999999,0.0,0.0,0.0,0.0,0.0,0.0,0.0,0.0
0.016649999999999998,0.01225,0.0,0.0,0.0,0.0,0.0,0.0,0.0,0.0
0.016649999999999998,0.01575,0.0,0.0,0.0,0.0,0.0,0.0,0.0,0.0
0.016649999999999998,0.01925,276073.0,0.00966178741728834,3.688646234810228e-5,0.031016353129206715,-5.5040661859022615,170.30707208420895,252.39709072111665,-1.1166707000721088
0.016649999999999998,0.02275,1.196516e6,0.00960016972318911,3.807090202789282e-5,-0.0018620686289778686,-2.234347169298401,170.5863823317365,243.50794252046347,-0.36352847380159226
0.016649999999999998,0.02625,2.072519e6,0.009404376572770585,3.8411327302134e-5,0.001793603824608906,-1.175102987938928,170.48285128925406,243.4970137263105,-0.3731567873142022
0.016649999999999998,0.02975,3.020197e6,0.009238986299832155,3.808949776218384e-5,-0.003198311419841184,-0.6454018939470262,170.09079415972522,242.24395857228552,-0.3394917247413357
0.016649999999999998,0.03325,3.870016e6,0.009200704271409104,3.8944155781942574e-5,0.008854295090543628,-0.2469663165686634,169.9609425389036,244.0554495527992,-0.05418868201626149
0.016649999999999998,0.03675,4.460688e6,0.009383076666908718,3.9945391984840364e-5,0.0008362966357407523,0.2444967220881544,170.4919438962177,243.24249164313912,-0.009339490915424966
0.016649999999999998,0.04025,4.623734e6,0.009697450899051484,4.147621551310023e-5,0.015767692566811403,0.6041589564765545,170.16596959619,244.23561158764196,0.17685447119008138
0.016649999999999998,0.04375,4.290917e6,0.01021822275373608,4.264617157872872e-5,0.0022882492700794445,0.8164160767016833,169.9280753282575,244.12029942694494,-0.17461730313721416
0.016649999999999998,0.04725,3.801143e6,0.010833388677623164,4.375708341817906e-5,0.021203631330703594,0.9977257772156596,169.96208477601257,244.68689363120038,0.19914062715903094
0.016649999999999998,0.050749999999999997,3.166755e6,0.011480162668313237,4.482163042765804e-5,-0.003316275498581204,1.08741091430849,169.61015371607326,245.48458180408727,-0.12232421698152988
0.016649999999999998,0.05425,2.350839e6,0.012148929016830417,4.6672788058531513e-5,0.007675468386900764,1.2084160800713155,170.26933235391027,245.72723642502794,-0.3397144685847538
0.016649999999999998,0.057749999999999996,1.552422e6,0.012673325725689948,4.628575710344566e-5,-0.018086165221060865,1.6875140298057694,171.5753595480567,245.40144080890644,-0.37323841066191465
0.016649999999999998,0.06125,762034.0,0.01294837134547531,4.6687396237719944e-5,-0.03681130554441663,3.2383964109136887,170.71539813582808,245.23197409888527,-0.10652834277652544
0.016649999999999998,0.06475,38550.0,0.012908683632162101,4.379026862512677e-5,-0.04840009685481363,9.378489924275113,168.86752436227147,277.39158029925244,-4.091723575586923
0.016649999999999998,0.06824999999999999,0.0,0.0,0.0,0.0,0.0,0.0,0.0,0.0
0.016649999999999998,0.07175,0.0,0.0,0.0,0.0,0.0,0.0,0.0,0.0
0.016649999999999998,0.07525,0.0,0.0,0.0,0.0,0.0,0.0,0.0,0.0
0.016649999999999998,0.07875,0.0,0.0,0.0,0.0,0.0,0.0,0.0,0.0
0.016649999999999998,0.08225,0.0,0.0,0.0,0.0,0.0,0.0,0.0,0.0
0.016649999999999998,0.08574999999999999,0.0,0.0,0.0,0.0,0.0,0.0,0.0,0.0
0.016649999999999998,0.08925,0.0,0.0,0.0,0.0,0.0,0.0,0.0,0.0
0.016649999999999998,0.09275,0.0,0.0,0.0,0.0,0.0,0.0,0.0,0.0
0.016649999999999998,0.09625,0.0,0.0,0.0,0.0,0.0,0.0,0.0,0.0
0.016649999999999998,0.09974999999999999,0.0,0.0,0.0,0.0,0.0,0.0,0.0,0.0
0.016649999999999998,0.10325,0.0,0.0,0.0,0.0,0.0,0.0,0.0,0.0
0.016649999999999998,0.10675,0.0,0.0,0.0,0.0,0.0,0.0,0.0,0.0
0.016649999999999998,0.11025,0.0,0.0,0.0,0.0,0.0,0.0,0.0,0.0
0.016649999999999998,0.11374999999999999,0.0,0.0,0.0,0.0,0.0,0.0,0.0,0.0
0.016649999999999998,0.11725,0.0,0.0,0.0,0.0,0.0,0.0,0.0,0.0
0.016649999999999998,0.12075,1.0,0.026759328544249984,0.0,0.12231901631274139,21.50697097532782,0.014961941751716695,462.5498005335933,2.630711533568779
0.016649999999999998,0.12425,0.0,0.0,0.0,0.0,0.0,0.0,0.0,0.0
0.016649999999999998,0.12775,2.0,0.028300620379280363,0.00010309830268201507,0.05054652887075339,26.22771938850955,0.6595191420692458,701.7948295779212,4.3477775150151174
0.016649999999999998,0.13125,5.0,0.02445910328004569,4.357121763587323e-5,1.2871309912559634,28.505069817792116,2.9766242541746104,823.1745946963941,38.82323890652451
0.016649999999999998,0.13475,3.0,0.02809878147233,3.560826951401694e-5,0.18326650728628113,30.32474140719852,2.4039345063826527,921.7174581782075,5.490249785945906
0.016649999999999998,0.13824999999999998,4.0,0.02509300087547761,7.90052081702925e-5,-0.4334297406384036,31.349487960101577,0.8190489430982066,1024.4436226678413,-9.692734529300795
0.016649999999999998,0.14175,2.0,0.02431134774210924,6.108217276667748e-5,0.5350680208565397,24.89925351506303,0.29586522584924124,650.5203473310931,13.863406496362813
0.016649999999999998,0.14525,2.0,0.02065639219637905,7.181253758104844e-8,-1.9008358196151656,40.4105483411611,4.531256709064257,1665.333374603847,-82.26113098453709
0.016649999999999998,0.14875,2.0,0.029117449794627943,3.550770504028871e-5,-0.9194502073558126,32.014233740558105,0.903659506850647,1027.362774544886,-29.813458771505097
0.016649999999999998,0.15225,2.0,0.04150030745687672,0.0003447068541493405,0.040652158738465755,35.59496561446488,0.012297760838337852,1274.008745992176,1.7201283836137424
0.016649999999999998,0.15575,0.0,0.0,0.0,0.0,0.0,0.0,0.0,0.0
0.016649999999999998,0.15925,0.0,0.0,0.0,0.0,0.0,0.0,0.0,0.0
0.016649999999999998,0.16275,0.0,0.0,0.0,0.0,0.0,0.0,0.0,0.0
0.016649999999999998,0.16625,0.0,0.0,0.0,0.0,0.0,0.0,0.0,0.0
0.016649999999999998,0.16974999999999998,1.0,0.03996024443199298,0.0,3.3623649309054504,35.2364974215246,11.305497928582815,1241.6107505371097,118.47796321807463
0.016649999999999998,0.17325,0.0,0.0,0.0,0.0,0.0,0.0,0.0,0.0
0.016649999999999998,0.17675,0.0,0.0,0.0,0.0,0.0,0.0,0.0,0.0
0.016649999999999998,0.18025,0.0,0.0,0.0,0.0,0.0,0.0,0.0,0.0
0.016649999999999998,0.18375,0.0,0.0,0.0,0.0,0.0,0.0,0.0,0.0
0.016649999999999998,0.18725,0.0,0.0,0.0,0.0,0.0,0.0,0.0,0.0
0.016649999999999998,0.19075,0.0,0.0,0.0,0.0,0.0,0.0,0.0,0.0
0.016649999999999998,0.19425,1.0,0.014835156478959988,0.0,-1.6804239757401227,26.37728553389712,2.8238247382422403,695.7611921367383,-44.32502302610382
0.016649999999999998,0.19774999999999998,0.0,0.0,0.0,0.0,0.0,0.0,0.0,0.0
0.016649999999999998,0.20124999999999998,0.0,0.0,0.0,0.0,0.0,0.0,0.0,0.0
0.016649999999999998,0.20475,0.0,0.0,0.0,0.0,0.0,0.0,0.0,0.0
0.016649999999999998,0.20825,0.0,0.0,0.0,0.0,0.0,0.0,0.0,0.0
0.016649999999999998,0.21175,0.0,0.0,0.0,0.0,0.0,0.0,0.0,0.0
0.016649999999999998,0.21525,0.0,0.0,0.0,0.0,0.0,0.0,0.0,0.0
0.016649999999999998,0.21875,0.0,0.0,0.0,0.0,0.0,0.0,0.0,0.0
0.016649999999999998,0.22225,1.0,0.04414852959102331,0.0,-0.6909887521612272,35.29045458334206,0.4774654556133299,1245.4161846989286,-24.385307175745993
0.016649999999999998,0.22575,1.0,0.036874460313994065,0.0,1.659448963024083,36.47902577090169,2.7537708608817044,1330.7193211941099,60.53508148765161
0.016649999999999998,0.22924999999999998,0.0,0.0,0.0,0.0,0.0,0.0,0.0,0.0
0.016649999999999998,0.23274999999999998,0.0,0.0,0.0,0.0,0.0,0.0,0.0,0.0
0.016649999999999998,0.23625,1.0,0.029596536890827252,0.0,-0.7014131535168889,37.66134592208547,0.4919804119265068,1418.3769766629837,-26.416163408900392
0.016649999999999998,0.23975,0.0,0.0,0.0,0.0,0.0,0.0,0.0,0.0
0.016649999999999998,0.24325,0.0,0.0,0.0,0.0,0.0,0.0,0.0,0.0
0.016649999999999998,0.24675,0.0,0.0,0.0,0.0,0.0,0.0,0.0,0.0
0.016649999999999998,0.25025,0.0,0.0,0.0,0.0,0.0,0.0,0.0,0.0
0.016649999999999998,0.25375,0.0,0.0,0.0,0.0,0.0,0.0,0.0,0.0
0.016649999999999998,0.25725,0.0,0.0,0.0,0.0,0.0,0.0,0.0,0.0
0.016649999999999998,0.26075,1.0,0.021159566870133914,0.0,-1.0959685199339624,41.401804310436745,1.20114699668624,1714.1094001596987,-45.3750741927049
0.016649999999999998,0.26425,0.0,0.0,0.0,0.0,0.0,0.0,0.0,0.0
0.016649999999999998,0.26775,0.0,0.0,0.0,0.0,0.0,0.0,0.0,0.0
0.016649999999999998,0.27125,0.0,0.0,0.0,0.0,0.0,0.0,0.0,0.0
0.016649999999999998,0.27475,0.0,0.0,0.0,0.0,0.0,0.0,0.0,0.0
0.016649999999999998,0.27825,0.0,0.0,0.0,0.0,0.0,0.0,0.0,0.0
0.016649999999999998,0.28175,0.0,0.0,0.0,0.0,0.0,0.0,0.0,0.0
0.016649999999999998,0.28525,0.0,0.0,0.0,0.0,0.0,0.0,0.0,0.0
0.016649999999999998,0.28875,0.0,0.0,0.0,0.0,0.0,0.0,0.0,0.0
0.016649999999999998,0.29225,0.0,0.0,0.0,0.0,0.0,0.0,0.0,0.0
0.016649999999999998,0.29575,0.0,0.0,0.0,0.0,0.0,0.0,0.0,0.0
0.016649999999999998,0.29925,0.0,0.0,0.0,0.0,0.0,0.0,0.0,0.0
0.016649999999999998,0.30275,0.0,0.0,0.0,0.0,0.0,0.0,0.0,0.0
0.016649999999999998,0.30624999999999997,0.0,0.0,0.0,0.0,0.0,0.0,0.0,0.0
0.016649999999999998,0.30974999999999997,0.0,0.0,0.0,0.0,0.0,0.0,0.0,0.0
0.016649999999999998,0.31325,0.0,0.0,0.0,0.0,0.0,0.0,0.0,0.0
0.016649999999999998,0.31675,0.0,0.0,0.0,0.0,0.0,0.0,0.0,0.0
0.016649999999999998,0.32025,0.0,0.0,0.0,0.0,0.0,0.0,0.0,0.0
0.016649999999999998,0.32375,0.0,0.0,0.0,0.0,0.0,0.0,0.0,0.0
0.016649999999999998,0.32725,0.0,0.0,0.0,0.0,0.0,0.0,0.0,0.0
0.016649999999999998,0.33075,0.0,0.0,0.0,0.0,0.0,0.0,0.0,0.0
0.016649999999999998,0.33425,0.0,0.0,0.0,0.0,0.0,0.0,0.0,0.0
0.016649999999999998,0.33775,0.0,0.0,0.0,0.0,0.0,0.0,0.0,0.0
0.016649999999999998,0.34125,0.0,0.0,0.0,0.0,0.0,0.0,0.0,0.0
0.016649999999999998,0.34475,1.0,0.033388304597241236,0.0,0.39480327712774865,30.02960683601441,0.15586962763080991,901.7772867256033,11.855787189716333
0.016649999999999998,0.34825,0.0,0.0,0.0,0.0,0.0,0.0,0.0,0.0
0.01695,0.00175,0.0,0.0,0.0,0.0,0.0,0.0,0.0,0.0
0.01695,0.0052499999999999995,0.0,0.0,0.0,0.0,0.0,0.0,0.0,0.0
0.01695,0.008749999999999999,0.0,0.0,0.0,0.0,0.0,0.0,0.0,0.0
0.01695,0.01225,0.0,0.0,0.0,0.0,0.0,0.0,0.0,0.0
0.01695,0.01575,0.0,0.0,0.0,0.0,0.0,0.0,0.0,0.0
0.01695,0.01925,267159.0,0.009775130982763428,3.882566117936919e-5,-0.17138596793101665,-5.354785572699602,168.14375174827939,251.86117329045646,-1.119737401429067
0.01695,0.02275,1.155488e6,0.009667142066590435,3.824238447122624e-5,-0.002524251159015137,-2.212066038758254,169.75384873314962,243.71990620089298,-0.4335208965891876
0.01695,0.02625,2.001102e6,0.009465331347452727,3.7993143738850155e-5,-0.022349731336406314,-1.223436521260622,168.74615581404757,243.50702014675264,0.12029540792259281
0.01695,0.02975,2.889836e6,0.009309957231392928,3.845505549973116e-5,0.0015080161507877747,-0.6819446119994981,169.1851770625011,243.8965022782772,0.5465558670616286
0.01695,0.03325,3.658152e6,0.009262619239126775,3.8932667539106266e-5,0.03495190267566553,-0.36619142442933555,170.60824066663548,244.5348475244638,-0.23842774488760318
0.01695,0.03675,4.239835e6,0.009458828006478787,3.997706031686838e-5,0.04604299374428656,0.1485395726484351,170.0675269417138,242.8192010808736,0.4023480594189727
0.01695,0.04025,4.408081e6,0.009784337058989253,4.188437839489216e-5,-0.0014861763687813413,0.5339535857120107,169.966257652917,242.86920645646615,0.04817279875113715
0.01695,0.04375,4.083608e6,0.010278067590883826,4.299045802089696e-5,-0.018940708057769515,0.7917717542172095,170.4654259993018,244.49479653003422,0.21238928214933844
0.01695,0.04725,3.599554e6,0.01090050902554137,4.415978911421164e-5,-0.012443458301072326,0.9062390947349196,170.10142651940805,245.2081089376634,0.22723014008011674
0.01695,0.050749999999999997,3.010249e6,0.011544569937486777,4.4684149607878706e-5,-0.008599160085179296,0.9918959582670112,169.48736053786385,243.51352505879106,-0.35787989448097723
0.01695,0.05425,2.237198e6,0.012206018773204477,4.6867053802412196e-5,-0.003995941108413147,1.1679890732491498,170.09313130281052,244.43268285003947,-0.5727857449575404
0.01695,0.057749999999999996,1.472521e6,0.012753520557786903,4.6980254050700074e-5,0.005764397699381134,1.7356030831793572,171.1837528375984,245.46414616181295,-0.5492774751397423
0.01695,0.06125,723108.0,0.012977955196845905,4.627019757075517e-5,0.06472418290834293,3.341636594352561,170.93198940518545,244.9343185358872,-0.31009015630978315
0.01695,0.06475,36620.0,0.013171085583216766,4.7772067051669965e-5,0.0315424512316271,9.492948766473821,172.11953382415928,283.7625239807165,-0.3130366556686656
0.01695,0.06824999999999999,0.0,0.0,0.0,0.0,0.0,0.0,0.0,0.0
0.01695,0.07175,0.0,0.0,0.0,0.0,0.0,0.0,0.0,0.0
0.01695,0.07525,0.0,0.0,0.0,0.0,0.0,0.0,0.0,0.0
0.01695,0.07875,0.0,0.0,0.0,0.0,0.0,0.0,0.0,0.0
0.01695,0.08225,0.0,0.0,0.0,0.0,0.0,0.0,0.0,0.0
0.01695,0.08574999999999999,0.0,0.0,0.0,0.0,0.0,0.0,0.0,0.0
0.01695,0.08925,0.0,0.0,0.0,0.0,0.0,0.0,0.0,0.0
0.01695,0.09275,0.0,0.0,0.0,0.0,0.0,0.0,0.0,0.0
0.01695,0.09625,0.0,0.0,0.0,0.0,0.0,0.0,0.0,0.0
0.01695,0.09974999999999999,0.0,0.0,0.0,0.0,0.0,0.0,0.0,0.0
0.01695,0.10325,0.0,0.0,0.0,0.0,0.0,0.0,0.0,0.0
0.01695,0.10675,0.0,0.0,0.0,0.0,0.0,0.0,0.0,0.0
0.01695,0.11025,0.0,0.0,0.0,0.0,0.0,0.0,0.0,0.0
0.01695,0.11374999999999999,1.0,0.025075888064115738,0.0,2.8063791686293564,9.05448639904312,7.875764038116798,81.98372395045683,25.410322012912445
0.01695,0.11725,1.0,0.031137383449887177,0.0,0.9582854356456632,13.582357570665955,0.9183109761705984,184.48043717742678,13.015775441700796
0.01695,0.12075,2.0,0.02382709166136626,3.085908616310693e-5,1.9815537730082722,18.344126960146205,6.689631087672788,336.50699395495997,36.349611181327006
0.01695,0.12425,2.0,0.0515244382805817,0.0007215294710050456,-0.8947818456415411,18.06700348520109,1.1352293155496849,333.0165847536869,-14.679986567496169
0.01695,0.12775,3.0,0.029120176841225743,1.2290736976612928e-5,1.0858757977231352,25.929506036669256,6.725308421889762,676.000960749238,23.649829816964203
0.01695,0.13125,5.0,0.022345627927177092,2.1770349872037033e-5,-0.56392987839478,26.103402436858687,2.6325026580193005,698.160663936472,-14.314704056047173
0.01695,0.13475,2.0,0.027474478702363456,3.659940361700139e-5,-1.6277695435032165,27.041400035161494,2.684143557572377,733.2005286412459,-43.756878667755075
0.01695,0.13824999999999998,3.0,0.025648894216708337,3.3795908514973766e-5,0.4782031014314597,22.220227584067743,3.4491544716865663,547.3661534267397,1.0868748703788675
0.01695,0.14175,3.0,0.023367833547023115,7.786797808614226e-5,1.7984186121259074,34.71926810940704,12.637720090779954,1246.1893133926758,76.98946090528486
0.01695,0.14525,2.0,0.019443470627637387,2.0042016039840145e-6,-0.6685546675612749,30.944334247662933,0.47764773549436074,975.5461484569655,-21.431019455959685
0.01695,0.14875,3.0,0.034236753665137155,1.1827064942685863e-6,-1.6534593570509917,34.34333718006853,4.752545478868186,1196.7228847962724,-59.942433028087436
0.01695,0.15225,0.0,0.0,0.0,0.0,0.0,0.0,0.0,0.0
0.01695,0.15575,2.0,0.028160183206118582,1.4045985122244388e-5,0.508449311043468,34.27244539867968,0.6080695085327523,1174.6221273557767,17.51272110245372
0.01695,0.15925,1.0,0.030289867266385204,0.0,1.1064529377938541,35.01666504811367,1.2242381035526504,1226.1668310917858,38.74429191422875
0.01695,0.16275,1.0,0.029687024653059713,0.0,-2.2066023867182953,19.86707043860345,4.869094093070878,394.70048781243105,-43.83872504692286
0.01695,0.16625,0.0,0.0,0.0,0.0,0.0,0.0,0.0,0.0
0.01695,0.16974999999999998,1.0,0.02547897287550276,0.0,0.9631590489105405,31.454333559117053,0.9276753534982569,989.3750996481973,30.295525994914076
0.01695,0.17325,0.0,0.0,0.0,0.0,0.0,0.0,0.0,0.0
0.01695,0.17675,0.0,0.0,0.0,0.0,0.0,0.0,0.0,0.0
0.01695,0.18025,0.0,0.0,0.0,0.0,0.0,0.0,0.0,0.0
0.01695,0.18375,0.0,0.0,0.0,0.0,0.0,0.0,0.0,0.0
0.01695,0.18725,1.0,0.030344331533206873,0.0,-2.6899616871683896,27.197864167402386,7.235893878433809,739.7238152684707,-73.1612125831224
0.01695,0.19075,0.0,0.0,0.0,0.0,0.0,0.0,0.0,0.0
0.01695,0.19425,1.0,0.03359996835195165,0.0,-1.034270994348539,29.81707954941042,1.0697164897507159,889.058232855869,-30.838940514138205
0.01695,0.19774999999999998,1.0,0.03121248977356421,0.0,-2.5706243149911994,39.61609362479407,6.608109368823973,1569.4348740884493,-101.83809353686347
0.01695,0.20124999999999998,0.0,0.0,0.0,0.0,0.0,0.0,0.0,0.0
0.01695,0.20475,0.0,0.0,0.0,0.0,0.0,0.0,0.0,0.0
0.01695,0.20825,0.0,0.0,0.0,0.0,0.0,0.0,0.0,0.0
0.01695,0.21175,0.0,0.0,0.0,0.0,0.0,0.0,0.0,0.0
0.01695,0.21525,0.0,0.0,0.0,0.0,0.0,0.0,0.0,0.0
0.01695,0.21875,0.0,0.0,0.0,0.0,0.0,0.0,0.0,0.0
0.01695,0.22225,0.0,0.0,0.0,0.0,0.0,0.0,0.0,0.0
0.01695,0.22575,0.0,0.0,0.0,0.0,0.0,0.0,0.0,0.0
0.01695,0.22924999999999998,0.0,0.0,0.0,0.0,0.0,0.0,0.0,0.0
0.01695,0.23274999999999998,0.0,0.0,0.0,0.0,0.0,0.0,0.0,0.0
0.01695,0.23625,0.0,0.0,0.0,0.0,0.0,0.0,0.0,0.0
0.01695,0.23975,0.0,0.0,0.0,0.0,0.0,0.0,0.0,0.0
0.01695,0.24325,0.0,0.0,0.0,0.0,0.0,0.0,0.0,0.0
0.01695,0.24675,0.0,0.0,0.0,0.0,0.0,0.0,0.0,0.0
0.01695,0.25025,0.0,0.0,0.0,0.0,0.0,0.0,0.0,0.0
0.01695,0.25375,0.0,0.0,0.0,0.0,0.0,0.0,0.0,0.0
0.01695,0.25725,0.0,0.0,0.0,0.0,0.0,0.0,0.0,0.0
0.01695,0.26075,0.0,0.0,0.0,0.0,0.0,0.0,0.0,0.0
0.01695,0.26425,0.0,0.0,0.0,0.0,0.0,0.0,0.0,0.0
0.01695,0.26775,0.0,0.0,0.0,0.0,0.0,0.0,0.0,0.0
0.01695,0.27125,0.0,0.0,0.0,0.0,0.0,0.0,0.0,0.0
0.01695,0.27475,1.0,0.04177605491917916,0.0,0.8254594779053928,27.280054763572938,0.6813833496638436,744.2013879035386,22.51857976236944
0.01695,0.27825,0.0,0.0,0.0,0.0,0.0,0.0,0.0,0.0
0.01695,0.28175,0.0,0.0,0.0,0.0,0.0,0.0,0.0,0.0
0.01695,0.28525,1.0,0.03465564918860333,0.0,-0.41390634054723185,39.83557831863344,0.17131845874520107,1586.8732999799784,-16.488198445448216
0.01695,0.28875,0.0,0.0,0.0,0.0,0.0,0.0,0.0,0.0
0.01695,0.29225,0.0,0.0,0.0,0.0,0.0,0.0,0.0,0.0
0.01695,0.29575,0.0,0.0,0.0,0.0,0.0,0.0,0.0,0.0
0.01695,0.29925,0.0,0.0,0.0,0.0,0.0,0.0,0.0,0.0
0.01695,0.30275,0.0,0.0,0.0,0.0,0.0,0.0,0.0,0.0
0.01695,0.30624999999999997,0.0,0.0,0.0,0.0,0.0,0.0,0.0,0.0
0.01695,0.30974999999999997,0.0,0.0,0.0,0.0,0.0,0.0,0.0,0.0
0.01695,0.31325,0.0,0.0,0.0,0.0,0.0,0.0,0.0,0.0
0.01695,0.31675,0.0,0.0,0.0,0.0,0.0,0.0,0.0,0.0
0.01695,0.32025,0.0,0.0,0.0,0.0,0.0,0.0,0.0,0.0
0.01695,0.32375,0.0,0.0,0.0,0.0,0.0,0.0,0.0,0.0
0.01695,0.32725,0.0,0.0,0.0,0.0,0.0,0.0,0.0,0.0
0.01695,0.33075,0.0,0.0,0.0,0.0,0.0,0.0,0.0,0.0
0.01695,0.33425,0.0,0.0,0.0,0.0,0.0,0.0,0.0,0.0
0.01695,0.33775,0.0,0.0,0.0,0.0,0.0,0.0,0.0,0.0
0.01695,0.34125,0.0,0.0,0.0,0.0,0.0,0.0,0.0,0.0
0.01695,0.34475,0.0,0.0,0.0,0.0,0.0,0.0,0.0,0.0
0.01695,0.34825,0.0,0.0,0.0,0.0,0.0,0.0,0.0,0.0
0.017249999999999998,0.00175,0.0,0.0,0.0,0.0,0.0,0.0,0.0,0.0
0.017249999999999998,0.0052499999999999995,0.0,0.0,0.0,0.0,0.0,0.0,0.0,0.0
0.017249999999999998,0.008749999999999999,0.0,0.0,0.0,0.0,0.0,0.0,0.0,0.0
0.017249999999999998,0.01225,0.0,0.0,0.0,0.0,0.0,0.0,0.0,0.0
0.017249999999999998,0.01575,0.0,0.0,0.0,0.0,0.0,0.0,0.0,0.0
0.017249999999999998,0.01925,252667.0,0.009773802046632826,3.778838880534835e-5,-0.0325966550850923,-5.384597309604054,169.20388883563754,248.01291683400038,0.38878401683093256
0.017249999999999998,0.02275,1.105403e6,0.009685102730456674,3.8158309229461566e-5,0.022754146139588823,-2.295200884747006,169.33254370384466,243.57797633596275,-0.5844801693925081
0.017249999999999998,0.02625,1.919239e6,0.00952014176568936,3.840240811108657e-5,-0.0026027877378602756,-1.2565366479001352,169.874630501576,242.56043833767902,0.46079584513874133
0.017249999999999998,0.02975,2.735612e6,0.009380051169194078,3.8627104916154806e-5,0.028631020133855774,-0.6992237141760338,169.46999471840226,243.93027149810342,0.44673784877216355
0.017249999999999998,0.03325,3.471019e6,0.009335623379078823,3.8887428074028037e-5,0.011617711830899094,-0.4058064785987935,169.86751146551276,244.79945721186962,-0.6001337593557565
0.017249999999999998,0.03675,4.035e6,0.009508899540330984,3.9928256928568476e-5,0.00541740458024098,0.10132302229886332,170.0866149365122,242.29310065295988,0.04686607700450725
0.017249999999999998,0.04025,4.199036e6,0.009801254410298964,4.1313792623663e-5,0.025722923178648646,0.5380246025479846,169.6196190382471,243.05693594178442,-0.16774549990523893
0.017249999999999998,0.04375,3.875165e6,0.010350009039817918,4.3144471812486655e-5,0.029760700644499122,0.7485936665785918,170.80865865343085,243.93247568789417,0.3732403638713121
0.017249999999999998,0.04725,3.398066e6,0.010971758028109648,4.446011577757144e-5,-0.02254926660418723,0.9222597031496327,170.58725250687044,245.46122939741375,0.04527800144078879
0.017249999999999998,0.050749999999999997,2.852999e6,0.011584432530149768,4.480167004456736e-5,-0.0019079218686341277,0.9512694071270666,170.66033472396552,244.516579350261,-0.40761684273303916
0.017249999999999998,0.05425,2.132071e6,0.012197259753351477,4.650768102997298e-5,0.005850091707841395,1.2003707598024052,170.19573648927454,244.54809686866128,-0.3654073535185498
0.017249999999999998,0.057749999999999996,1.394177e6,0.012765116224779658,4.6856253747161554e-5,-0.03026774210252626,1.7113511670695154,170.58371352092783,244.79853686579105,-0.17484877110960192
0.017249999999999998,0.06125,683839.0,0.013001364720863015,4.6232312979432675e-5,-0.004170477429233733,3.366573872916843,170.54880620283728,245.46791512087344,0.49427076162057293
0.017249999999999998,0.06475,34666.0,0.013034425992221916,4.5429934783257414e-5,0.13920254709110816,9.42491619784665,165.9459902413796,276.08529493038293,-0.29283970720563823
0.017249999999999998,0.06824999999999999,0.0,0.0,0.0,0.0,0.0,0.0,0.0,0.0
0.017249999999999998,0.07175,0.0,0.0,0.0,0.0,0.0,0.0,0.0,0.0
0.017249999999999998,0.07525,0.0,0.0,0.0,0.0,0.0,0.0,0.0,0.0
0.017249999999999998,0.07875,0.0,0.0,0.0,0.0,0.0,0.0,0.0,0.0
0.017249999999999998,0.08225,0.0,0.0,0.0,0.0,0.0,0.0,0.0,0.0
0.017249999999999998,0.08574999999999999,0.0,0.0,0.0,0.0,0.0,0.0,0.0,0.0
0.017249999999999998,0.08925,0.0,0.0,0.0,0.0,0.0,0.0,0.0,0.0
0.017249999999999998,0.09275,0.0,0.0,0.0,0.0,0.0,0.0,0.0,0.0
0.017249999999999998,0.09625,0.0,0.0,0.0,0.0,0.0,0.0,0.0,0.0
0.017249999999999998,0.09974999999999999,0.0,0.0,0.0,0.0,0.0,0.0,0.0,0.0
0.017249999999999998,0.10325,0.0,0.0,0.0,0.0,0.0,0.0,0.0,0.0
0.017249999999999998,0.10675,0.0,0.0,0.0,0.0,0.0,0.0,0.0,0.0
0.017249999999999998,0.11025,0.0,0.0,0.0,0.0,0.0,0.0,0.0,0.0
0.017249999999999998,0.11374999999999999,0.0,0.0,0.0,0.0,0.0,0.0,0.0,0.0
0.017249999999999998,0.11725,0.0,0.0,0.0,0.0,0.0,0.0,0.0,0.0
0.017249999999999998,0.12075,1.0,0.02666325863002126,0.0,2.901663875841632,21.351911243317677,8.419653248364284,455.9041137425158,61.95606953491169
0.017249999999999998,0.12425,3.0,0.025022576262100322,4.892104272918143e-5,1.8208242423203187,23.23118049295729,31.047039528444095,542.0271481059418,45.52221286317345
0.017249999999999998,0.12775,2.0,0.01906426196957087,2.523551114966774e-6,-2.2200329239646903,25.481282160954898,8.597521803390054,658.3599908031513,-50.80243931229687
0.017249999999999998,0.13125,3.0,0.031192894397281793,0.0001063957525481185,-1.15855671849662,25.261337793283197,2.8466699204044676,686.486698756823,-35.369658468236466
0.017249999999999998,0.13475,2.0,0.017065954099052306,1.335690319115096e-6,0.02882926831526872,30.62550572652691,0.017847527835388198,939.0613696381221,1.0221759937418797
0.017249999999999998,0.13824999999999998,2.0,0.026525115793729293,4.878359797474722e-7,1.6846293479181593,29.62235214918148,2.8571519875361933,883.2205034659116,49.57100963054177
0.017249999999999998,0.14175,3.0,0.019546615223822273,8.189929242708252e-6,0.8230086454776553,29.385949921599828,0.9954753167905697,870.6924531034274,25.37587196166156
0.017249999999999998,0.14525,2.0,0.022743486851602296,3.5086393141456824e-5,-0.8326920512630642,33.808578181328514,1.239814843136186,1149.101847304592,-29.975148272880723
0.017249999999999998,0.14875,0.0,0.0,0.0,0.0,0.0,0.0,0.0,0.0
0.017249999999999998,0.15225,1.0,0.031876601147114686,0.0,-3.622045982509611,45.32190497728797,13.119217099414014,2054.07507077032,-164.15802384266823
0.017249999999999998,0.15575,1.0,0.02298157770266557,0.0,0.27221929622840635,48.67573274909681,0.07410334523908885,2369.3269586614956,13.250473712361124
0.017249999999999998,0.15925,0.0,0.0,0.0,0.0,0.0,0.0,0.0,0.0
0.017249999999999998,0.16275,2.0,0.020069322711865217,2.0552165715529345e-5,-0.8542871781494837,36.459728925683265,0.9337776413662467,1329.4573987392914,-30.97476779773969
0.017249999999999998,0.16625,0.0,0.0,0.0,0.0,0.0,0.0,0.0,0.0
0.017249999999999998,0.16974999999999998,1.0,0.035218623568912,0.0,2.010931900414449,36.56743797389278,4.043847108104467,1337.1775199744957,73.5346275381277
0.017249999999999998,0.17325,0.0,0.0,0.0,0.0,0.0,0.0,0.0,0.0
0.017249999999999998,0.17675,0.0,0.0,0.0,0.0,0.0,0.0,0.0,0.0
0.017249999999999998,0.18025,0.0,0.0,0.0,0.0,0.0,0.0,0.0,0.0
0.017249999999999998,0.18375,0.0,0.0,0.0,0.0,0.0,0.0,0.0,0.0
0.017249999999999998,0.18725,0.0,0.0,0.0,0.0,0.0,0.0,0.0,0.0
0.017249999999999998,0.19075,1.0,0.020255671910411797,0.0,2.4317825426675683,28.273443731344738,5.913566334822744,799.387620429517,68.75486688697792
0.017249999999999998,0.19425,1.0,0.03446631576316936,0.0,-3.231448767844694,29.19326298014783,10.44226113920499,852.2466034280696,-94.33653368656482
0.017249999999999998,0.19774999999999998,0.0,0.0,0.0,0.0,0.0,0.0,0.0,0.0
0.017249999999999998,0.20124999999999998,0.0,0.0,0.0,0.0,0.0,0.0,0.0,0.0
0.017249999999999998,0.20475,0.0,0.0,0.0,0.0,0.0,0.0,0.0,0.0
0.017249999999999998,0.20825,0.0,0.0,0.0,0.0,0.0,0.0,0.0,0.0
0.017249999999999998,0.21175,1.0,0.021206267451780593,0.0,0.47362662602119937,29.393762305662722,0.22432218087622505,863.9932624817988,13.921668466900146
0.017249999999999998,0.21525,0.0,0.0,0.0,0.0,0.0,0.0,0.0,0.0
0.017249999999999998,0.21875,0.0,0.0,0.0,0.0,0.0,0.0,0.0,0.0
0.017249999999999998,0.22225,0.0,0.0,0.0,0.0,0.0,0.0,0.0,0.0
0.017249999999999998,0.22575,0.0,0.0,0.0,0.0,0.0,0.0,0.0,0.0
0.017249999999999998,0.22924999999999998,0.0,0.0,0.0,0.0,0.0,0.0,0.0,0.0
0.017249999999999998,0.23274999999999998,0.0,0.0,0.0,0.0,0.0,0.0,0.0,0.0
0.017249999999999998,0.23625,1.0,0.022877911679624503,0.0,-4.777319708230528,28.82245726545327,22.822783594647817,830.73404281888,-137.69409313388206
0.017249999999999998,0.23975,0.0,0.0,0.0,0.0,0.0,0.0,0.0,0.0
0.017249999999999998,0.24325,1.0,0.0473304325237465,0.0,0.49899797397593254,22.18559711696899,0.24899897803208546,492.2007194364627,11.070568012813816
0.017249999999999998,0.24675,0.0,0.0,0.0,0.0,0.0,0.0,0.0,0.0
0.017249999999999998,0.25025,0.0,0.0,0.0,0.0,0.0,0.0,0.0,0.0
0.017249999999999998,0.25375,0.0,0.0,0.0,0.0,0.0,0.0,0.0,0.0
0.017249999999999998,0.25725,0.0,0.0,0.0,0.0,0.0,0.0,0.0,0.0
0.017249999999999998,0.26075,0.0,0.0,0.0,0.0,0.0,0.0,0.0,0.0
0.017249999999999998,0.26425,0.0,0.0,0.0,0.0,0.0,0.0,0.0,0.0
0.017249999999999998,0.26775,1.0,0.02874663873982488,0.0,1.131895364813621,24.732639827049386,1.28118711688656,611.7034728145495,27.994760379841956
0.017249999999999998,0.27125,0.0,0.0,0.0,0.0,0.0,0.0,0.0,0.0
0.017249999999999998,0.27475,0.0,0.0,0.0,0.0,0.0,0.0,0.0,0.0
0.017249999999999998,0.27825,1.0,0.04531734359191912,0.0,-1.7684670583698645,23.76815536598173,3.127475736539362,564.9252095014461,-42.03319980295562
0.017249999999999998,0.28175,0.0,0.0,0.0,0.0,0.0,0.0,0.0,0.0
0.017249999999999998,0.28525,0.0,0.0,0.0,0.0,0.0,0.0,0.0,0.0
0.017249999999999998,0.28875,0.0,0.0,0.0,0.0,0.0,0.0,0.0,0.0
0.017249999999999998,0.29225,0.0,0.0,0.0,0.0,0.0,0.0,0.0,0.0
0.017249999999999998,0.29575,0.0,0.0,0.0,0.0,0.0,0.0,0.0,0.0
0.017249999999999998,0.29925,0.0,0.0,0.0,0.0,0.0,0.0,0.0,0.0
0.017249999999999998,0.30275,0.0,0.0,0.0,0.0,0.0,0.0,0.0,0.0
0.017249999999999998,0.30624999999999997,0.0,0.0,0.0,0.0,0.0,0.0,0.0,0.0
0.017249999999999998,0.30974999999999997,0.0,0.0,0.0,0.0,0.0,0.0,0.0,0.0
0.017249999999999998,0.31325,0.0,0.0,0.0,0.0,0.0,0.0,0.0,0.0
0.017249999999999998,0.31675,0.0,0.0,0.0,0.0,0.0,0.0,0.0,0.0
0.017249999999999998,0.32025,0.0,0.0,0.0,0.0,0.0,0.0,0.0,0.0
0.017249999999999998,0.32375,0.0,0.0,0.0,0.0,0.0,0.0,0.0,0.0
0.017249999999999998,0.32725,0.0,0.0,0.0,0.0,0.0,0.0,0.0,0.0
0.017249999999999998,0.33075,0.0,0.0,0.0,0.0,0.0,0.0,0.0,0.0
0.017249999999999998,0.33425,0.0,0.0,0.0,0.0,0.0,0.0,0.0,0.0
0.017249999999999998,0.33775,0.0,0.0,0.0,0.0,0.0,0.0,0.0,0.0
0.017249999999999998,0.34125,0.0,0.0,0.0,0.0,0.0,0.0,0.0,0.0
0.017249999999999998,0.34475,0.0,0.0,0.0,0.0,0.0,0.0,0.0,0.0
0.017249999999999998,0.34825,0.0,0.0,0.0,0.0,0.0,0.0,0.0,0.0
0.01755,0.00175,0.0,0.0,0.0,0.0,0.0,0.0,0.0,0.0
0.01755,0.0052499999999999995,0.0,0.0,0.0,0.0,0.0,0.0,0.0,0.0
0.01755,0.008749999999999999,0.0,0.0,0.0,0.0,0.0,0.0,0.0,0.0
0.01755,0.01225,0.0,0.0,0.0,0.0,0.0,0.0,0.0,0.0
0.01755,0.01575,0.0,0.0,0.0,0.0,0.0,0.0,0.0,0.0
0.01755,0.01925,240695.0,0.00987353185139649,3.847208958813519e-5,0.019090694898521283,-5.456594735838337,168.62959084945746,253.86034446799295,0.1564280128233584
0.01755,0.02275,1.05558e6,0.009721497361126992,3.8364853213657685e-5,0.03268464111447417,-2.282425613696229,169.90079665811197,243.9948643511236,0.19213317101841368
0.01755,0.02625,1.849695e6,0.009574412530953733,3.812421349739797e-5,-0.012023922295376731,-1.3356082310793314,169.0098722348783,243.16923546645023,0.17341989210313463
0.01755,0.02975,2.601128e6,0.009443823894368025,3.844470926437003e-5,-0.0058580053830479435,-0.7261530172941181,170.31075236779654,243.52140808355728,0.09222237694955236
0.01755,0.03325,3.295957e6,0.009405700959049539,3.907283664519791e-5,0.014663905118304009,-0.36704289735113893,170.05315532959133,244.36102187124374,-0.31433769505137715
0.01755,0.03675,3.815481e6,0.009591417686148527,4.021676319025904e-5,-0.03280157437637951,0.05913917525153584,169.68398213455166,242.75538997718985,-0.2668957121842021
0.01755,0.04025,3.970499e6,0.009891114117813278,4.175380822901351e-5,0.03786752522660922,0.5322140029786308,169.54960000634793,242.54803512982093,-0.2230181332406279
0.01755,0.04375,3.673699e6,0.01041636842612278,4.3208257998319124e-5,0.012662687947859625,0.6836437722877264,169.5904708393282,245.0283784273669,0.5050838391270139
0.01755,0.04725,3.222033e6,0.011037852773370832,4.443590914537831e-5,-0.04453908281644211,0.8547611589958419,170.7574331140313,245.8491401660253,0.04295637418835871
0.01755,0.050749999999999997,2.696973e6,0.011633400391410014,4.49693749564879e-5,0.030874323169302168,0.8840187048785094,169.70728210359047,244.10422720270083,0.3940724167577134
0.01755,0.05425,2.032037e6,0.01223151494552896,4.643617245317154e-5,0.016391970673170497,1.22366430783053,170.21620202488208,245.32361970883628,0.4922989530780759
0.01755,0.057749999999999996,1.325322e6,0.012768230807948863,4.723975419967551e-5,0.03579420469772619,1.711966340076628,169.4514205486893,244.49506447961642,0.8300984802931676
0.01755,0.06125,651464.0,0.013076255323761613,4.699245142004211e-5,-0.00620394870971647,3.2849802880474,169.325759213036,243.46349389346062,1.3559637581355701
0.01755,0.06475,33028.0,0.013146677704451552,4.8427925372634574e-5,-0.32407319833238335,9.426623934682365,175.51892164347547,271.2815827849015,-2.1591788883106178
0.01755,0.06824999999999999,0.0,0.0,0.0,0.0,0.0,0.0,0.0,0.0
0.01755,0.07175,0.0,0.0,0.0,0.0,0.0,0.0,0.0,0.0
0.01755,0.07525,0.0,0.0,0.0,0.0,0.0,0.0,0.0,0.0
0.01755,0.07875,0.0,0.0,0.0,0.0,0.0,0.0,0.0,0.0
0.01755,0.08225,0.0,0.0,0.0,0.0,0.0,0.0,0.0,0.0
0.01755,0.08574999999999999,0.0,0.0,0.0,0.0,0.0,0.0,0.0,0.0
0.01755,0.08925,0.0,0.0,0.0,0.0,0.0,0.0,0.0,0.0
0.01755,0.09275,0.0,0.0,0.0,0.0,0.0,0.0,0.0,0.0
0.01755,0.09625,0.0,0.0,0.0,0.0,0.0,0.0,0.0,0.0
0.01755,0.09974999999999999,0.0,0.0,0.0,0.0,0.0,0.0,0.0,0.0
0.01755,0.10325,0.0,0.0,0.0,0.0,0.0,0.0,0.0,0.0
0.01755,0.10675,0.0,0.0,0.0,0.0,0.0,0.0,0.0,0.0
0.01755,0.11025,0.0,0.0,0.0,0.0,0.0,0.0,0.0,0.0
0.01755,0.11374999999999999,0.0,0.0,0.0,0.0,0.0,0.0,0.0,0.0
0.01755,0.11725,0.0,0.0,0.0,0.0,0.0,0.0,0.0,0.0
0.01755,0.12075,0.0,0.0,0.0,0.0,0.0,0.0,0.0,0.0
0.01755,0.12425,2.0,0.026898944918385577,1.1334552598169094e-5,2.8337075948961976,18.884518172692857,9.342511066426468,357.2807175397401,54.44092451020887
0.01755,0.12775,2.0,0.02742401511193538,5.9567602383933005e-5,3.57917629776118,22.815856749255822,12.991701044573427,521.7118869420975,81.2057738847048
0.01755,0.13125,1.0,0.03758336707042588,0.0,-1.3388746543718903,29.287030142158752,1.792585340119449,857.7301345477152,-39.211662359161934
0.01755,0.13475,2.0,0.04638697845786649,3.6520516598381686e-6,-1.1005306130038863,23.966703989929048,6.145235725375162,575.7442835186724,-23.80345136409924
0.01755,0.13824999999999998,2.0,0.02713435902884025,9.771780987356095e-5,0.5731914623763066,33.29303094414814,1.9169437540955987,1115.322092594272,22.39294344943289
0.01755,0.14175,2.0,0.036945436111560676,2.39924685380457e-7,-0.5586216563830688,36.99387006857414,2.8709636003438206,1372.675577445928,-23.916133340051566
0.01755,0.14525,2.0,0.018346784229627475,5.880067354825578e-5,-0.9622500566261902,35.55858728225611,2.1510570386647587,1265.4679688063006,-35.353053944015265
0.01755,0.14875,1.0,0.01831623327230692,0.0,0.12287915559357761,30.639532621655313,0.015099286879390656,938.7809592734801,3.76495989633088
0.01755,0.15225,0.0,0.0,0.0,0.0,0.0,0.0,0.0,0.0
0.01755,0.15575,0.0,0.0,0.0,0.0,0.0,0.0,0.0,0.0
0.01755,0.15925,0.0,0.0,0.0,0.0,0.0,0.0,0.0,0.0
0.01755,0.16275,0.0,0.0,0.0,0.0,0.0,0.0,0.0,0.0
0.01755,0.16625,0.0,0.0,0.0,0.0,0.0,0.0,0.0,0.0
0.01755,0.16974999999999998,0.0,0.0,0.0,0.0,0.0,0.0,0.0,0.0
0.01755,0.17325,0.0,0.0,0.0,0.0,0.0,0.0,0.0,0.0
0.01755,0.17675,1.0,0.02290026197192919,0.0,1.1489922677545117,45.82442858175319,1.3201832313596555,2099.8782548441986,52.65191411470326
0.01755,0.18025,0.0,0.0,0.0,0.0,0.0,0.0,0.0,0.0
0.01755,0.18375,0.0,0.0,0.0,0.0,0.0,0.0,0.0,0.0
0.01755,0.18725,0.0,0.0,0.0,0.0,0.0,0.0,0.0,0.0
0.01755,0.19075,0.0,0.0,0.0,0.0,0.0,0.0,0.0,0.0
0.01755,0.19425,1.0,0.025327122779317715,0.0,1.7863300140947747,28.468419291865494,3.190974919255838,810.4508969774595,50.853991834894046
0.01755,0.19774999999999998,0.0,0.0,0.0,0.0,0.0,0.0,0.0,0.0
0.01755,0.20124999999999998,0.0,0.0,0.0,0.0,0.0,0.0,0.0,0.0
0.01755,0.20475,1.0,0.01704929700132882,0.0,-0.7732760418478638,29.582520040317885,0.5979558368958993,875.1254919358092,-22.87545400466212
0.01755,0.20825,1.0,0.016082133214458165,0.0,-2.1149529204465125,29.32642100323004,4.473025855705233,860.0389688586919,-62.023999747025314
0.01755,0.21175,1.0,0.025033638730091283,0.0,-1.0279308836519765,25.24815909260601,1.0566419015655333,637.4695375655435,-25.95336248664818
0.01755,0.21525,0.0,0.0,0.0,0.0,0.0,0.0,0.0,0.0
0.01755,0.21875,0.0,0.0,0.0,0.0,0.0,0.0,0.0,0.0
0.01755,0.22225,0.0,0.0,0.0,0.0,0.0,0.0,0.0,0.0
0.01755,0.22575,0.0,0.0,0.0,0.0,0.0,0.0,0.0,0.0
0.01755,0.22924999999999998,0.0,0.0,0.0,0.0,0.0,0.0,0.0,0.0
0.01755,0.23274999999999998,1.0,0.03601321128103196,0.0,2.959457523777329,35.42937109653105,8.75838883504224,1255.2403362957098,104.85171885432786
0.01755,0.23625,0.0,0.0,0.0,0.0,0.0,0.0,0.0,0.0
0.01755,0.23975,0.0,0.0,0.0,0.0,0.0,0.0,0.0,0.0
0.01755,0.24325,0.0,0.0,0.0,0.0,0.0,0.0,0.0,0.0
0.01755,0.24675,1.0,0.019041001786457328,0.0,-1.9746812271632275,32.914834564186485,3.89936594891087,1083.3863343877654,-64.99630590908238
0.01755,0.25025,0.0,0.0,0.0,0.0,0.0,0.0,0.0,0.0
0.01755,0.25375,1.0,0.04442742048454216,0.0,0.286594249612063,30.996071929026158,0.08213626391070146,960.7564750293634,8.883295975420781
0.01755,0.25725,0.0,0.0,0.0,0.0,0.0,0.0,0.0,0.0
0.01755,0.26075,0.0,0.0,0.0,0.0,0.0,0.0,0.0,0.0
0.01755,0.26425,0.0,0.0,0.0,0.0,0.0,0.0,0.0,0.0
0.01755,0.26775,0.0,0.0,0.0,0.0,0.0,0.0,0.0,0.0
0.01755,0.27125,0.0,0.0,0.0,0.0,0.0,0.0,0.0,0.0
0.01755,0.27475,0.0,0.0,0.0,0.0,0.0,0.0,0.0,0.0
0.01755,0.27825,0.0,0.0,0.0,0.0,0.0,0.0,0.0,0.0
0.01755,0.28175,0.0,0.0,0.0,0.0,0.0,0.0,0.0,0.0
0.01755,0.28525,0.0,0.0,0.0,0.0,0.0,0.0,0.0,0.0
0.01755,0.28875,0.0,0.0,0.0,0.0,0.0,0.0,0.0,0.0
0.01755,0.29225,0.0,0.0,0.0,0.0,0.0,0.0,0.0,0.0
0.01755,0.29575,0.0,0.0,0.0,0.0,0.0,0.0,0.0,0.0
0.01755,0.29925,0.0,0.0,0.0,0.0,0.0,0.0,0.0,0.0
0.01755,0.30275,0.0,0.0,0.0,0.0,0.0,0.0,0.0,0.0
0.01755,0.30624999999999997,0.0,0.0,0.0,0.0,0.0,0.0,0.0,0.0
0.01755,0.30974999999999997,0.0,0.0,0.0,0.0,0.0,0.0,0.0,0.0
0.01755,0.31325,0.0,0.0,0.0,0.0,0.0,0.0,0.0,0.0
0.01755,0.31675,0.0,0.0,0.0,0.0,0.0,0.0,0.0,0.0
0.01755,0.32025,0.0,0.0,0.0,0.0,0.0,0.0,0.0,0.0
0.01755,0.32375,0.0,0.0,0.0,0.0,0.0,0.0,0.0,0.0
0.01755,0.32725,0.0,0.0,0.0,0.0,0.0,0.0,0.0,0.0
0.01755,0.33075,0.0,0.0,0.0,0.0,0.0,0.0,0.0,0.0
0.01755,0.33425,0.0,0.0,0.0,0.0,0.0,0.0,0.0,0.0
0.01755,0.33775,0.0,0.0,0.0,0.0,0.0,0.0,0.0,0.0
0.01755,0.34125,0.0,0.0,0.0,0.0,0.0,0.0,0.0,0.0
0.01755,0.34475,0.0,0.0,0.0,0.0,0.0,0.0,0.0,0.0
0.01755,0.34825,0.0,0.0,0.0,0.0,0.0,0.0,0.0,0.0
0.017849999999999998,0.00175,0.0,0.0,0.0,0.0,0.0,0.0,0.0,0.0
0.017849999999999998,0.0052499999999999995,0.0,0.0,0.0,0.0,0.0,0.0,0.0,0.0
0.017849999999999998,0.008749999999999999,0.0,0.0,0.0,0.0,0.0,0.0,0.0,0.0
0.017849999999999998,0.01225,0.0,0.0,0.0,0.0,0.0,0.0,0.0,0.0
0.017849999999999998,0.01575,0.0,0.0,0.0,0.0,0.0,0.0,0.0,0.0
0.017849999999999998,0.01925,228374.0,0.009902218160028254,3.9604950232742246e-5,-0.10622342084881502,-5.288865337186074,167.81122716744457,250.838627685918,-0.05603671364384629
0.017849999999999998,0.02275,1.000134e6,0.009808815728038238,3.853614381179641e-5,0.021646672761683725,-2.34235294255106,168.61171021051075,244.1740951820734,0.14204364123188373
0.017849999999999998,0.02625,1.766479e6,0.009638385447251421,3.783735262966333e-5,0.00615374315436079,-1.2590997213759088,169.48339212954156,243.26838037459723,0.059065048298042606
0.017849999999999998,0.02975,2.449866e6,0.009509793427361924,3.880850660580156e-5,-0.026874614477606334,-0.7831428009281429,169.74286297742313,243.6007388463303,0.027039802368747326
0.017849999999999998,0.03325,3.117525e6,0.009474701944462274,3.922339097339379e-5,0.01358596627389849,-0.37743313142553986,169.91596420234632,242.16522142060424,-0.01000141198813412
0.017849999999999998,0.03675,3.579565e6,0.009660954440994853,4.0260647110783447e-5,-0.0041199249939034436,-0.02182816110026292,169.63678334139468,242.27325061167215,-0.5175526670491416
0.017849999999999998,0.04025,3.759593e6,0.009952547124904293,4.138296968948745e-5,0.010199392715494877,0.4970416046466958,169.6309410196743,243.56375079518224,0.017907918402109757
0.017849999999999998,0.04375,3.46687e6,0.010463564105629292,4.276758206289191e-5,0.040569087046715316,0.6807510896044301,170.01575648557966,244.06326221712905,-0.00278632023814257
0.017849999999999998,0.04725,3.067259e6,0.011073446072318338,4.410124469466934e-5,-0.022425533942187634,0.791616387558642,170.17039452013302,245.10610454325257,0.2193625648681151
0.017849999999999998,0.050749999999999997,2.556094e6,0.011706730514194243,4.5251876844386715e-5,0.018510661574409275,0.8728993242781126,169.3699381250792,244.7385075017357,0.4668390888691564
0.017849999999999998,0.05425,1.929091e6,0.012301369583738293,4.668293353351749e-5,0.01321308373234687,1.2547011007180775,170.22903866790145,244.52156255845605,-0.49491384204246286
0.017849999999999998,0.057749999999999996,1.257026e6,0.012802420296242263,4.711843537962991e-5,0.004461393493478223,1.6477135858917276,171.35697466329873,244.54345675713182,-0.38930282365635727
0.017849999999999998,0.06125,615894.0,0.013113145021415678,4.6935246613786105e-5,-0.010976012144354568,3.300539443708931,169.8674562791366,244.27400624345697,-1.543792267993074
0.017849999999999998,0.06475,31111.0,0.013265109686198545,4.971642683742937e-5,-0.043217965843128675,9.365526895732412,173.0935243404106,274.1761773903711,-2.1619775429129815
0.017849999999999998,0.06824999999999999,0.0,0.0,0.0,0.0,0.0,0.0,0.0,0.0
0.017849999999999998,0.07175,0.0,0.0,0.0,0.0,0.0,0.0,0.0,0.0
0.017849999999999998,0.07525,0.0,0.0,0.0,0.0,0.0,0.0,0.0,0.0
0.017849999999999998,0.07875,0.0,0.0,0.0,0.0,0.0,0.0,0.0,0.0
0.017849999999999998,0.08225,0.0,0.0,0.0,0.0,0.0,0.0,0.0,0.0
0.017849999999999998,0.08574999999999999,0.0,0.0,0.0,0.0,0.0,0.0,0.0,0.0
0.017849999999999998,0.08925,0.0,0.0,0.0,0.0,0.0,0.0,0.0,0.0
0.017849999999999998,0.09275,0.0,0.0,0.0,0.0,0.0,0.0,0.0,0.0
0.017849999999999998,0.09625,0.0,0.0,0.0,0.0,0.0,0.0,0.0,0.0
0.017849999999999998,0.09974999999999999,0.0,0.0,0.0,0.0,0.0,0.0,0.0,0.0
0.017849999999999998,0.10325,0.0,0.0,0.0,0.0,0.0,0.0,0.0,0.0
0.017849999999999998,0.10675,0.0,0.0,0.0,0.0,0.0,0.0,0.0,0.0
0.017849999999999998,0.11025,0.0,0.0,0.0,0.0,0.0,0.0,0.0,0.0
0.017849999999999998,0.11374999999999999,0.0,0.0,0.0,0.0,0.0,0.0,0.0,0.0
0.017849999999999998,0.11725,0.0,0.0,0.0,0.0,0.0,0.0,0.0,0.0
0.017849999999999998,0.12075,0.0,0.0,0.0,0.0,0.0,0.0,0.0,0.0
0.017849999999999998,0.12425,0.0,0.0,0.0,0.0,0.0,0.0,0.0,0.0
0.017849999999999998,0.12775,3.0,0.031371389487353775,0.00010207944612393496,2.057072845425708,26.508609802884028,5.129515007548843,731.9775244826161,56.149788943236054
0.017849999999999998,0.13125,1.0,0.03574582154667153,0.0,-2.2676774973962415,21.956850287277224,5.142361232197281,482.1032745379059,-49.79105531015676
0.017849999999999998,0.13475,4.0,0.02039292317565197,4.203946226635319e-5,0.4618748720039729,25.013004884271062,1.2525814019017345,635.7534055731145,14.294938475065138
0.017849999999999998,0.13824999999999998,0.0,0.0,0.0,0.0,0.0,0.0,0.0,0.0
0.017849999999999998,0.14175,4.0,0.025349512450823133,1.3554983721840932e-5,-0.6455804059360636,30.711773784786168,2.846130849457027,970.4292635921936,-14.81066423142063
0.017849999999999998,0.14525,0.0,0.0,0.0,0.0,0.0,0.0,0.0,0.0
0.017849999999999998,0.14875,0.0,0.0,0.0,0.0,0.0,0.0,0.0,0.0
0.017849999999999998,0.15225,0.0,0.0,0.0,0.0,0.0,0.0,0.0,0.0
0.017849999999999998,0.15575,0.0,0.0,0.0,0.0,0.0,0.0,0.0,0.0
0.017849999999999998,0.15925,0.0,0.0,0.0,0.0,0.0,0.0,0.0,0.0
0.017849999999999998,0.16275,1.0,0.020238936214519398,0.0,0.6205452602881761,31.875099151083862,0.38507642006612025,1016.0219458914272,19.779941699420757
0.017849999999999998,0.16625,0.0,0.0,0.0,0.0,0.0,0.0,0.0,0.0
0.017849999999999998,0.16974999999999998,0.0,0.0,0.0,0.0,0.0,0.0,0.0,0.0
0.017849999999999998,0.17325,0.0,0.0,0.0,0.0,0.0,0.0,0.0,0.0
0.017849999999999998,0.17675,1.0,0.03381020197318048,0.0,1.7943023888002134,31.354939415126236,3.2195210624541524,983.1322257262368,56.26024269324697
0.017849999999999998,0.18025,0.0,0.0,0.0,0.0,0.0,0.0,0.0,0.0
0.017849999999999998,0.18375,1.0,0.05504907547985472,0.0,3.2706322105350787,23.35026706550388,10.697035056589575,545.2349720303552,76.3701355890334
0.017849999999999998,0.18725,0.0,0.0,0.0,0.0,0.0,0.0,0.0,0.0
0.017849999999999998,0.19075,0.0,0.0,0.0,0.0,0.0,0.0,0.0,0.0
0.017849999999999998,0.19425,1.0,0.02947912022532972,0.0,-0.39746311759206093,23.456592935690196,0.15797692984600045,550.2117521506713,-9.323130556307339
0.017849999999999998,0.19774999999999998,1.0,0.03447663574434261,0.0,-2.4739893163934434,31.630949931862123,6.120623137628898,1000.5169935919685,-78.25463219880281
0.017849999999999998,0.20124999999999998,0.0,0.0,0.0,0.0,0.0,0.0,0.0,0.0
0.017849999999999998,0.20475,0.0,0.0,0.0,0.0,0.0,0.0,0.0,0.0
0.017849999999999998,0.20825,0.0,0.0,0.0,0.0,0.0,0.0,0.0,0.0
0.017849999999999998,0.21175,0.0,0.0,0.0,0.0,0.0,0.0,0.0,0.0
0.017849999999999998,0.21525,1.0,0.017087870735647923,0.0,-2.676776506825442,29.458581123696497,7.165132467492615,867.8080018214076,-78.85403787632221
0.017849999999999998,0.21875,3.0,0.030489068789987698,6.195229666494782e-8,1.192780388566054,31.87455671112061,2.0468837994787283,1021.6184824288564,38.667963928711515
0.017849999999999998,0.22225,0.0,0.0,0.0,0.0,0.0,0.0,0.0,0.0
0.017849999999999998,0.22575,0.0,0.0,0.0,0.0,0.0,0.0,0.0,0.0
0.017849999999999998,0.22924999999999998,0.0,0.0,0.0,0.0,0.0,0.0,0.0,0.0
0.017849999999999998,0.23274999999999998,0.0,0.0,0.0,0.0,0.0,0.0,0.0,0.0
0.017849999999999998,0.23625,0.0,0.0,0.0,0.0,0.0,0.0,0.0,0.0
0.017849999999999998,0.23975,0.0,0.0,0.0,0.0,0.0,0.0,0.0,0.0
0.017849999999999998,0.24325,0.0,0.0,0.0,0.0,0.0,0.0,0.0,0.0
0.017849999999999998,0.24675,0.0,0.0,0.0,0.0,0.0,0.0,0.0,0.0
0.017849999999999998,0.25025,0.0,0.0,0.0,0.0,0.0,0.0,0.0,0.0
0.017849999999999998,0.25375,0.0,0.0,0.0,0.0,0.0,0.0,0.0,0.0
0.017849999999999998,0.25725,0.0,0.0,0.0,0.0,0.0,0.0,0.0,0.0
0.017849999999999998,0.26075,0.0,0.0,0.0,0.0,0.0,0.0,0.0,0.0
0.017849999999999998,0.26425,0.0,0.0,0.0,0.0,0.0,0.0,0.0,0.0
0.017849999999999998,0.26775,0.0,0.0,0.0,0.0,0.0,0.0,0.0,0.0
0.017849999999999998,0.27125,0.0,0.0,0.0,0.0,0.0,0.0,0.0,0.0
0.017849999999999998,0.27475,0.0,0.0,0.0,0.0,0.0,0.0,0.0,0.0
0.017849999999999998,0.27825,0.0,0.0,0.0,0.0,0.0,0.0,0.0,0.0
0.017849999999999998,0.28175,0.0,0.0,0.0,0.0,0.0,0.0,0.0,0.0
0.017849999999999998,0.28525,0.0,0.0,0.0,0.0,0.0,0.0,0.0,0.0
0.017849999999999998,0.28875,0.0,0.0,0.0,0.0,0.0,0.0,0.0,0.0
0.017849999999999998,0.29225,1.0,0.029054890897120333,0.0,-1.6261857845236927,30.77808707093556,2.644480205786938,947.2906437460906,-50.050887669587866
0.017849999999999998,0.29575,0.0,0.0,0.0,0.0,0.0,0.0,0.0,0.0
0.017849999999999998,0.29925,0.0,0.0,0.0,0.0,0.0,0.0,0.0,0.0
0.017849999999999998,0.30275,0.0,0.0,0.0,0.0,0.0,0.0,0.0,0.0
0.017849999999999998,0.30624999999999997,0.0,0.0,0.0,0.0,0.0,0.0,0.0,0.0
0.017849999999999998,0.30974999999999997,0.0,0.0,0.0,0.0,0.0,0.0,0.0,0.0
0.017849999999999998,0.31325,0.0,0.0,0.0,0.0,0.0,0.0,0.0,0.0
0.017849999999999998,0.31675,0.0,0.0,0.0,0.0,0.0,0.0,0.0,0.0
0.017849999999999998,0.32025,0.0,0.0,0.0,0.0,0.0,0.0,0.0,0.0
0.017849999999999998,0.32375,0.0,0.0,0.0,0.0,0.0,0.0,0.0,0.0
0.017849999999999998,0.32725,0.0,0.0,0.0,0.0,0.0,0.0,0.0,0.0
0.017849999999999998,0.33075,0.0,0.0,0.0,0.0,0.0,0.0,0.0,0.0
0.017849999999999998,0.33425,0.0,0.0,0.0,0.0,0.0,0.0,0.0,0.0
0.017849999999999998,0.33775,0.0,0.0,0.0,0.0,0.0,0.0,0.0,0.0
0.017849999999999998,0.34125,0.0,0.0,0.0,0.0,0.0,0.0,0.0,0.0
0.017849999999999998,0.34475,0.0,0.0,0.0,0.0,0.0,0.0,0.0,0.0
0.017849999999999998,0.34825,0.0,0.0,0.0,0.0,0.0,0.0,0.0,0.0
0.01815,0.00175,0.0,0.0,0.0,0.0,0.0,0.0,0.0,0.0
0.01815,0.0052499999999999995,0.0,0.0,0.0,0.0,0.0,0.0,0.0,0.0
0.01815,0.008749999999999999,0.0,0.0,0.0,0.0,0.0,0.0,0.0,0.0
0.01815,0.01225,0.0,0.0,0.0,0.0,0.0,0.0,0.0,0.0
0.01815,0.01575,0.0,0.0,0.0,0.0,0.0,0.0,0.0,0.0
0.01815,0.01925,214771.0,0.009907103928145398,3.844080645614645e-5,-0.05550437049438867,-5.441225627272757,167.91671366733138,249.56320898362594,-0.3828726098379598
0.01815,0.02275,952469.0,0.009814880735442802,3.7883358122430944e-5,-0.03313028215848592,-2.2748834327195215,168.7070154743755,242.74900329607064,0.6294230897259929
0.01815,0.02625,1.660231e6,0.009681797014584655,3.787149036478997e-5,-0.01545082684416041,-1.3497053652410198,170.48262194540052,243.48960287441992,0.42165011434750305
0.01815,0.02975,2.275146e6,0.009573530492990113,3.8753740852382676e-5,-0.003010590286278553,-0.7421201670068666,169.96071513171896,244.3667168967293,0.013978759305529736
0.01815,0.03325,2.918785e6,0.00953716374849666,3.9341841295044576e-5,-0.01646125683134198,-0.4095456230719101,170.63705284813008,242.4815151081704,0.24005594599855362
0.01815,0.03675,3.355257e6,0.009712496619664009,4.0561201896016466e-5,-0.011391935423763266,-0.08337334026336189,169.74980707824363,243.51581999099054,0.08425482297618182
0.01815,0.04025,3.541432e6,0.010036376549913073,4.18086760349434e-5,-0.019918652574899467,0.40174687181455987,169.90330829558476,242.6471814220307,-0.28513415296539424
0.01815,0.04375,3.291193e6,0.010506863600064056,4.288913677395226e-5,0.057452867116367705,0.5961312914262255,170.00918309532057,243.748982869183,-0.1702726782139358
0.01815,0.04725,2.887143e6,0.01111020374580607,4.391379027545209e-5,0.010511271056007042,0.7529882132100175,171.18113093810302,244.47865563867242,0.30389845001030824
0.01815,0.050749999999999997,2.433911e6,0.011745179221371735,4.537472453471935e-5,0.04009869384224027,0.7576611501754925,170.19090182165857,244.60696740279536,0.3121356914548336
0.01815,0.05425,1.815249e6,0.012334769016983705,4.681167396900783e-5,-0.023244743239052266,1.1766321505304942,171.1036337002931,243.87821452914136,-0.8292296794289649
0.01815,0.057749999999999996,1.184803e6,0.012807894668791004,4.656388593933112e-5,0.012701406893710207,1.505326761397742,170.35609001963667,245.73124144577332,-1.0707837501804032
0.01815,0.06125,580005.0,0.013109333948206394,4.710673238124358e-5,0.006769203489546615,3.337978178817679,170.0489362017853,245.3062138553432,-0.6265854362890731
0.01815,0.06475,29532.0,0.013212779035042059,4.811742483851714e-5,-0.022825043676164843,9.165733569338668,175.69376327411246,270.4332149038147,1.0779984458002327
0.01815,0.06824999999999999,0.0,0.0,0.0,0.0,0.0,0.0,0.0,0.0
0.01815,0.07175,0.0,0.0,0.0,0.0,0.0,0.0,0.0,0.0
0.01815,0.07525,0.0,0.0,0.0,0.0,0.0,0.0,0.0,0.0
0.01815,0.07875,0.0,0.0,0.0,0.0,0.0,0.0,0.0,0.0
0.01815,0.08225,0.0,0.0,0.0,0.0,0.0,0.0,0.0,0.0
0.01815,0.08574999999999999,0.0,0.0,0.0,0.0,0.0,0.0,0.0,0.0
0.01815,0.08925,0.0,0.0,0.0,0.0,0.0,0.0,0.0,0.0
0.01815,0.09275,0.0,0.0,0.0,0.0,0.0,0.0,0.0,0.0
0.01815,0.09625,0.0,0.0,0.0,0.0,0.0,0.0,0.0,0.0
0.01815,0.09974999999999999,0.0,0.0,0.0,0.0,0.0,0.0,0.0,0.0
0.01815,0.10325,0.0,0.0,0.0,0.0,0.0,0.0,0.0,0.0
0.01815,0.10675,0.0,0.0,0.0,0.0,0.0,0.0,0.0,0.0
0.01815,0.11025,0.0,0.0,0.0,0.0,0.0,0.0,0.0,0.0
0.01815,0.11374999999999999,0.0,0.0,0.0,0.0,0.0,0.0,0.0,0.0
0.01815,0.11725,1.0,0.02498115750520085,0.0,-0.06467295160667909,14.313370644364253,0.004182590669519855,204.87257920294837,-0.9256879270114304
0.01815,0.12075,0.0,0.0,0.0,0.0,0.0,0.0,0.0,0.0
0.01815,0.12425,1.0,0.02821856078813225,0.0,0.7561419189677313,22.77512956610733,0.5717506016202032,518.7065267529763,17.221230174855112
0.01815,0.12775,1.0,0.02918490877930836,0.0,-0.8843703782947727,23.74712907084697,0.7821109660052394,563.9261391074652,-21.00125751979973
0.01815,0.13125,1.0,0.02081894042073358,0.0,1.037664867396046,30.67881442613537,1.0767483770280537,941.1896545932518,31.834327903363665
0.01815,0.13475,4.0,0.02531850095783601,9.067669667535061e-6,1.1976829200544015,24.12824662421771,2.6849288909382496,641.9734168721908,23.368831561738375
0.01815,0.13824999999999998,4.0,0.02343658910470588,2.9634260191680004e-5,-1.8487574174886658,30.12239186876378,4.391786181750311,924.3413640397443,-54.14633994453354
0.01815,0.14175,3.0,0.01883154675587467,2.8654433828044327e-5,-0.10785982882759937,16.669632676561946,7.41428715346454,392.1257441159527,-8.00891084152749
0.01815,0.14525,2.0,0.027729070860313544,0.00010901655273190444,2.471936288001505,40.39784302197566,14.845585419161237,1638.7165507853304,107.52865671667847
0.01815,0.14875,1.0,0.01638982541244241,0.0,0.5313863717907555,34.1830979917558,0.28237147612494307,1168.4841883139795,18.164432418406978
0.01815,0.15225,0.0,0.0,0.0,0.0,0.0,0.0,0.0,0.0
0.01815,0.15575,1.0,0.028585524511829045,0.0,0.37468599979034256,34.494243201503764,0.1403895984388886,1189.8528140444887,12.924510000966665
0.01815,0.15925,0.0,0.0,0.0,0.0,0.0,0.0,0.0,0.0
0.01815,0.16275,0.0,0.0,0.0,0.0,0.0,0.0,0.0,0.0
0.01815,0.16625,0.0,0.0,0.0,0.0,0.0,0.0,0.0,0.0
0.01815,0.16974999999999998,0.0,0.0,0.0,0.0,0.0,0.0,0.0,0.0
0.01815,0.17325,0.0,0.0,0.0,0.0,0.0,0.0,0.0,0.0
0.01815,0.17675,0.0,0.0,0.0,0.0,0.0,0.0,0.0,0.0
0.01815,0.18025,1.0,0.025264504776220564,0.0,-4.136395437167033,20.687909189247407,17.109767212616248,427.9895866225473,-85.5733731749289
0.01815,0.18375,0.0,0.0,0.0,0.0,0.0,0.0,0.0,0.0
0.01815,0.18725,0.0,0.0,0.0,0.0,0.0,0.0,0.0,0.0
0.01815,0.19075,0.0,0.0,0.0,0.0,0.0,0.0,0.0,0.0
0.01815,0.19425,1.0,0.02053092189069256,0.0,0.860451361595829,26.628315697734934,0.7403765456721161,709.0671968982367,22.91237049911961
0.01815,0.19774999999999998,0.0,0.0,0.0,0.0,0.0,0.0,0.0,0.0
0.01815,0.20124999999999998,0.0,0.0,0.0,0.0,0.0,0.0,0.0,0.0
0.01815,0.20475,0.0,0.0,0.0,0.0,0.0,0.0,0.0,0.0
0.01815,0.20825,1.0,0.0415106008905547,0.0,1.0378789287211072,30.011545882023775,1.077192670683273,900.6928862288182,31.14835108929919
0.01815,0.21175,0.0,0.0,0.0,0.0,0.0,0.0,0.0,0.0
0.01815,0.21525,0.0,0.0,0.0,0.0,0.0,0.0,0.0,0.0
0.01815,0.21875,0.0,0.0,0.0,0.0,0.0,0.0,0.0,0.0
0.01815,0.22225,0.0,0.0,0.0,0.0,0.0,0.0,0.0,0.0
0.01815,0.22575,0.0,0.0,0.0,0.0,0.0,0.0,0.0,0.0
0.01815,0.22924999999999998,1.0,0.03849756854182899,0.0,-0.972443050890538,18.29798519478242,0.9456454872252974,334.8162621884766,-17.79374854796411
0.01815,0.23274999999999998,0.0,0.0,0.0,0.0,0.0,0.0,0.0,0.0
0.01815,0.23625,0.0,0.0,0.0,0.0,0.0,0.0,0.0,0.0
0.01815,0.23975,0.0,0.0,0.0,0.0,0.0,0.0,0.0,0.0
0.01815,0.24325,1.0,0.025878132558152286,0.0,1.6148865609985357,28.82996512797508,2.607858604893677,831.1668892802592,46.55712323922339
0.01815,0.24675,0.0,0.0,0.0,0.0,0.0,0.0,0.0,0.0
0.01815,0.25025,0.0,0.0,0.0,0.0,0.0,0.0,0.0,0.0
0.01815,0.25375,0.0,0.0,0.0,0.0,0.0,0.0,0.0,0.0
0.01815,0.25725,0.0,0.0,0.0,0.0,0.0,0.0,0.0,0.0
0.01815,0.26075,0.0,0.0,0.0,0.0,0.0,0.0,0.0,0.0
0.01815,0.26425,0.0,0.0,0.0,0.0,0.0,0.0,0.0,0.0
0.01815,0.26775,0.0,0.0,0.0,0.0,0.0,0.0,0.0,0.0
0.01815,0.27125,0.0,0.0,0.0,0.0,0.0,0.0,0.0,0.0
0.01815,0.27475,0.0,0.0,0.0,0.0,0.0,0.0,0.0,0.0
0.01815,0.27825,0.0,0.0,0.0,0.0,0.0,0.0,0.0,0.0
0.01815,0.28175,0.0,0.0,0.0,0.0,0.0,0.0,0.0,0.0
0.01815,0.28525,0.0,0.0,0.0,0.0,0.0,0.0,0.0,0.0
0.01815,0.28875,0.0,0.0,0.0,0.0,0.0,0.0,0.0,0.0
0.01815,0.29225,0.0,0.0,0.0,0.0,0.0,0.0,0.0,0.0
0.01815,0.29575,1.0,0.024413172630659515,0.0,2.27683008962238,34.73748711324077,5.183955257009855,1206.6930109425684,79.09135589729625
0.01815,0.29925,0.0,0.0,0.0,0.0,0.0,0.0,0.0,0.0
0.01815,0.30275,0.0,0.0,0.0,0.0,0.0,0.0,0.0,0.0
0.01815,0.30624999999999997,0.0,0.0,0.0,0.0,0.0,0.0,0.0,0.0
0.01815,0.30974999999999997,0.0,0.0,0.0,0.0,0.0,0.0,0.0,0.0
0.01815,0.31325,0.0,0.0,0.0,0.0,0.0,0.0,0.0,0.0
0.01815,0.31675,0.0,0.0,0.0,0.0,0.0,0.0,0.0,0.0
0.01815,0.32025,0.0,0.0,0.0,0.0,0.0,0.0,0.0,0.0
0.01815,0.32375,0.0,0.0,0.0,0.0,0.0,0.0,0.0,0.0
0.01815,0.32725,0.0,0.0,0.0,0.0,0.0,0.0,0.0,0.0
0.01815,0.33075,0.0,0.0,0.0,0.0,0.0,0.0,0.0,0.0
0.01815,0.33425,0.0,0.0,0.0,0.0,0.0,0.0,0.0,0.0
0.01815,0.33775,0.0,0.0,0.0,0.0,0.0,0.0,0.0,0.0
0.01815,0.34125,0.0,0.0,0.0,0.0,0.0,0.0,0.0,0.0
0.01815,0.34475,0.0,0.0,0.0,0.0,0.0,0.0,0.0,0.0
0.01815,0.34825,0.0,0.0,0.0,0.0,0.0,0.0,0.0,0.0
0.018449999999999998,0.00175,0.0,0.0,0.0,0.0,0.0,0.0,0.0,0.0
0.018449999999999998,0.0052499999999999995,0.0,0.0,0.0,0.0,0.0,0.0,0.0,0.0
0.018449999999999998,0.008749999999999999,0.0,0.0,0.0,0.0,0.0,0.0,0.0,0.0
0.018449999999999998,0.01225,0.0,0.0,0.0,0.0,0.0,0.0,0.0,0.0
0.018449999999999998,0.01575,0.0,0.0,0.0,0.0,0.0,0.0,0.0,0.0
0.018449999999999998,0.01925,202076.0,0.009876794388676838,3.7889896678252254e-5,-0.05427076663250479,-5.504576326778918,167.8657169602679,251.05682104228313,-0.5643903166429322
0.018449999999999998,0.02275,893542.0,0.009842253259971607,3.772644146377738e-5,-0.024683258052880956,-2.2183308964349897,169.0076646167969,243.9939466194822,0.2804808975010513
0.018449999999999998,0.02625,1.551583e6,0.009715831207079712,3.774900633016299e-5,-0.05143238109904026,-1.3045499320781024,170.07667900659845,242.3274591869379,-0.4950689503491113
0.018449999999999998,0.02975,2.139438e6,0.009625112558774344,3.871319157171904e-5,0.01293856236548387,-0.7719774470912284,169.97650172135786,244.0788335319445,0.15862274473611954
0.018449999999999998,0.03325,2.709661e6,0.009567008202426982,3.884981078847101e-5,0.038688734715085965,-0.35140580227628093,170.39444099606192,241.68006577144766,-0.8381871335269018
0.018449999999999998,0.03675,3.15475e6,0.009782810595430952,4.04547814235457e-5,-0.025877766385216546,-0.08667189935626013,169.1205007384631,243.70350801824813,0.4282133309105517
0.018449999999999998,0.04025,3.318466e6,0.01010225975826691,4.184268066775843e-5,-0.011948217939829081,0.3247539421954968,170.69425583740684,242.77968191629412,0.06462286889552245
0.018449999999999998,0.04375,3.100246e6,0.010548855038483736,4.302795309905281e-5,0.032167120457705325,0.6122150523866529,170.09321429620013,243.70090153975994,-0.009716335373179404
0.018449999999999998,0.04725,2.703094e6,0.01114404751394287,4.391650445571405e-5,0.003546401255300866,0.675198465132564,169.93759997293878,245.11836679982653,0.44729779610791437
0.018449999999999998,0.050749999999999997,2.276159e6,0.011764384182998475,4.56368080700706e-5,0.044905366200349274,0.7197288086453704,170.03073077802685,244.1082538315571,0.11097292518344828
0.018449999999999998,0.05425,1.706296e6,0.012314407978638588,4.60575883608891e-5,0.0009124771729020223,1.0588734130557824,170.76211143301794,244.4590005097275,-0.18563571481417088
0.018449999999999998,0.057749999999999996,1.111919e6,0.012840422635451414,4.698223747024607e-5,0.007947668475642947,1.4965194585346777,170.25517375086386,245.71048488220003,-0.6925399541288592
0.018449999999999998,0.06125,539966.0,0.01311948303584514,4.747457763227215e-5,0.00019753939613032233,3.105824761969716,171.78522342510078,242.77910213926282,0.7661415295599644
0.018449999999999998,0.06475,26490.0,0.01341612647585004,4.6644399200229374e-5,0.3034172387497809,9.094242838697154,168.88318869765388,265.2616772836756,4.650503942428913
0.018449999999999998,0.06824999999999999,0.0,0.0,0.0,0.0,0.0,0.0,0.0,0.0
0.018449999999999998,0.07175,0.0,0.0,0.0,0.0,0.0,0.0,0.0,0.0
0.018449999999999998,0.07525,0.0,0.0,0.0,0.0,0.0,0.0,0.0,0.0
0.018449999999999998,0.07875,0.0,0.0,0.0,0.0,0.0,0.0,0.0,0.0
0.018449999999999998,0.08225,0.0,0.0,0.0,0.0,0.0,0.0,0.0,0.0
0.018449999999999998,0.08574999999999999,0.0,0.0,0.0,0.0,0.0,0.0,0.0,0.0
0.018449999999999998,0.08925,0.0,0.0,0.0,0.0,0.0,0.0,0.0,0.0
0.018449999999999998,0.09275,0.0,0.0,0.0,0.0,0.0,0.0,0.0,0.0
0.018449999999999998,0.09625,0.0,0.0,0.0,0.0,0.0,0.0,0.0,0.0
0.018449999999999998,0.09974999999999999,0.0,0.0,0.0,0.0,0.0,0.0,0.0,0.0
0.018449999999999998,0.10325,0.0,0.0,0.0,0.0,0.0,0.0,0.0,0.0
0.018449999999999998,0.10675,0.0,0.0,0.0,0.0,0.0,0.0,0.0,0.0
0.018449999999999998,0.11025,0.0,0.0,0.0,0.0,0.0,0.0,0.0,0.0
0.018449999999999998,0.11374999999999999,1.0,0.023972724096955365,0.0,2.105522127740959,6.801936372735829,4.433223430406814,46.26633841874665,14.321627544281363
0.018449999999999998,0.11725,1.0,0.02167510268239305,0.0,-0.5064265490360491,14.885482482610657,0.25646784956856183,221.57758874010872,-7.5384035244050756
0.018449999999999998,0.12075,2.0,0.02510749009849543,1.8887787366069275e-8,0.011690620066025253,26.389648256412663,0.058879392215350865,710.0025492579798,1.2019629035184742
0.018449999999999998,0.12425,0.0,0.0,0.0,0.0,0.0,0.0,0.0,0.0
0.018449999999999998,0.12775,1.0,0.024728479382492306,0.0,-0.6758888237121476,28.997071492070063,0.4568257020189906,840.8301551162224,-19.598796541872286
0.018449999999999998,0.13125,0.0,0.0,0.0,0.0,0.0,0.0,0.0,0.0
0.018449999999999998,0.13475,0.0,0.0,0.0,0.0,0.0,0.0,0.0,0.0
0.018449999999999998,0.13824999999999998,2.0,0.022715221689903423,2.2713610749221746e-5,-0.11462575354936266,26.069752730820937,0.11629318234090578,683.572233879453,-3.6257998241946696
0.018449999999999998,0.14175,2.0,0.018378605830960806,1.0523836912064025e-7,-0.11221663848535335,35.60036733844674,0.46805522919644826,1318.0604489516857,-8.799144289167959
0.018449999999999998,0.14525,0.0,0.0,0.0,0.0,0.0,0.0,0.0,0.0
0.018449999999999998,0.14875,0.0,0.0,0.0,0.0,0.0,0.0,0.0,0.0
0.018449999999999998,0.15225,0.0,0.0,0.0,0.0,0.0,0.0,0.0,0.0
0.018449999999999998,0.15575,1.0,0.021290533953711978,0.0,-1.873496397774471,32.70041278743484,3.5099887524739186,1069.3169964686322,-61.26410556299742
0.018449999999999998,0.15925,1.0,0.03086584767323309,0.0,-0.11716894357714391,31.89773021907891,0.013728561338983933,1017.4651931291398,-3.737423352278215
0.018449999999999998,0.16275,1.0,0.04036051545512573,0.0,0.8025614667721528,36.86061391403317,0.6441049079474693,1358.704858119416,29.582908368968486
0.018449999999999998,0.16625,1.0,0.021740849234778217,0.0,0.9249122932147587,39.22296752221786,0.8554627501397837,1538.4411812489568,36.277804837662515
0.018449999999999998,0.16974999999999998,1.0,0.028624087017416543,0.0,1.2867790089074929,41.37269722395202,1.6558002177649496,1711.7000755848069,53.237518329666756
0.018449999999999998,0.17325,0.0,0.0,0.0,0.0,0.0,0.0,0.0,0.0
0.018449999999999998,0.17675,0.0,0.0,0.0,0.0,0.0,0.0,0.0,0.0
0.018449999999999998,0.18025,0.0,0.0,0.0,0.0,0.0,0.0,0.0,0.0
0.018449999999999998,0.18375,0.0,0.0,0.0,0.0,0.0,0.0,0.0,0.0
0.018449999999999998,0.18725,0.0,0.0,0.0,0.0,0.0,0.0,0.0,0.0
0.018449999999999998,0.19075,0.0,0.0,0.0,0.0,0.0,0.0,0.0,0.0
0.018449999999999998,0.19425,0.0,0.0,0.0,0.0,0.0,0.0,0.0,0.0
0.018449999999999998,0.19774999999999998,0.0,0.0,0.0,0.0,0.0,0.0,0.0,0.0
0.018449999999999998,0.20124999999999998,0.0,0.0,0.0,0.0,0.0,0.0,0.0,0.0
0.018449999999999998,0.20475,0.0,0.0,0.0,0.0,0.0,0.0,0.0,0.0
0.018449999999999998,0.20825,0.0,0.0,0.0,0.0,0.0,0.0,0.0,0.0
0.018449999999999998,0.21175,0.0,0.0,0.0,0.0,0.0,0.0,0.0,0.0
0.018449999999999998,0.21525,0.0,0.0,0.0,0.0,0.0,0.0,0.0,0.0
0.018449999999999998,0.21875,0.0,0.0,0.0,0.0,0.0,0.0,0.0,0.0
0.018449999999999998,0.22225,0.0,0.0,0.0,0.0,0.0,0.0,0.0,0.0
0.018449999999999998,0.22575,0.0,0.0,0.0,0.0,0.0,0.0,0.0,0.0
0.018449999999999998,0.22924999999999998,0.0,0.0,0.0,0.0,0.0,0.0,0.0,0.0
0.018449999999999998,0.23274999999999998,0.0,0.0,0.0,0.0,0.0,0.0,0.0,0.0
0.018449999999999998,0.23625,1.0,0.026666622938515436,0.0,-1.289465314766475,35.812979989116776,1.6627207979858043,1282.5695357008788,-46.179595514391934
0.018449999999999998,0.23975,1.0,0.03213239186661195,0.0,2.6007567628608075,27.207642872395002,6.763935739566226,740.2558306717866,70.76046120188295
0.018449999999999998,0.24325,0.0,0.0,0.0,0.0,0.0,0.0,0.0,0.0
0.018449999999999998,0.24675,0.0,0.0,0.0,0.0,0.0,0.0,0.0,0.0
0.018449999999999998,0.25025,0.0,0.0,0.0,0.0,0.0,0.0,0.0,0.0
0.018449999999999998,0.25375,0.0,0.0,0.0,0.0,0.0,0.0,0.0,0.0
0.018449999999999998,0.25725,0.0,0.0,0.0,0.0,0.0,0.0,0.0,0.0
0.018449999999999998,0.26075,1.0,0.03602957881520931,0.0,0.15107354429344458,33.94773761662373,0.02282321578538336,1152.44888928713,5.128605042487241
0.018449999999999998,0.26425,0.0,0.0,0.0,0.0,0.0,0.0,0.0,0.0
0.018449999999999998,0.26775,0.0,0.0,0.0,0.0,0.0,0.0,0.0,0.0
0.018449999999999998,0.27125,0.0,0.0,0.0,0.0,0.0,0.0,0.0,0.0
0.018449999999999998,0.27475,0.0,0.0,0.0,0.0,0.0,0.0,0.0,0.0
0.018449999999999998,0.27825,0.0,0.0,0.0,0.0,0.0,0.0,0.0,0.0
0.018449999999999998,0.28175,0.0,0.0,0.0,0.0,0.0,0.0,0.0,0.0
0.018449999999999998,0.28525,0.0,0.0,0.0,0.0,0.0,0.0,0.0,0.0
0.018449999999999998,0.28875,1.0,0.031002323378017956,0.0,0.7397590852958863,23.45595725109633,0.5472435042778063,550.1819305652584,17.35175748081043
0.018449999999999998,0.29225,0.0,0.0,0.0,0.0,0.0,0.0,0.0,0.0
0.018449999999999998,0.29575,0.0,0.0,0.0,0.0,0.0,0.0,0.0,0.0
0.018449999999999998,0.29925,0.0,0.0,0.0,0.0,0.0,0.0,0.0,0.0
0.018449999999999998,0.30275,0.0,0.0,0.0,0.0,0.0,0.0,0.0,0.0
0.018449999999999998,0.30624999999999997,0.0,0.0,0.0,0.0,0.0,0.0,0.0,0.0
0.018449999999999998,0.30974999999999997,0.0,0.0,0.0,0.0,0.0,0.0,0.0,0.0
0.018449999999999998,0.31325,0.0,0.0,0.0,0.0,0.0,0.0,0.0,0.0
0.018449999999999998,0.31675,0.0,0.0,0.0,0.0,0.0,0.0,0.0,0.0
0.018449999999999998,0.32025,0.0,0.0,0.0,0.0,0.0,0.0,0.0,0.0
0.018449999999999998,0.32375,0.0,0.0,0.0,0.0,0.0,0.0,0.0,0.0
0.018449999999999998,0.32725,0.0,0.0,0.0,0.0,0.0,0.0,0.0,0.0
0.018449999999999998,0.33075,0.0,0.0,0.0,0.0,0.0,0.0,0.0,0.0
0.018449999999999998,0.33425,0.0,0.0,0.0,0.0,0.0,0.0,0.0,0.0
0.018449999999999998,0.33775,0.0,0.0,0.0,0.0,0.0,0.0,0.0,0.0
0.018449999999999998,0.34125,0.0,0.0,0.0,0.0,0.0,0.0,0.0,0.0
0.018449999999999998,0.34475,0.0,0.0,0.0,0.0,0.0,0.0,0.0,0.0
0.018449999999999998,0.34825,0.0,0.0,0.0,0.0,0.0,0.0,0.0,0.0
0.01875,0.00175,0.0,0.0,0.0,0.0,0.0,0.0,0.0,0.0
0.01875,0.0052499999999999995,0.0,0.0,0.0,0.0,0.0,0.0,0.0,0.0
0.01875,0.008749999999999999,0.0,0.0,0.0,0.0,0.0,0.0,0.0,0.0
0.01875,0.01225,0.0,0.0,0.0,0.0,0.0,0.0,0.0,0.0
0.01875,0.01575,0.0,0.0,0.0,0.0,0.0,0.0,0.0,0.0
0.01875,0.01925,189041.0,0.009996366964305963,3.941428157280381e-5,-0.0818424911205393,-5.515304320648152,167.4857246070699,252.22491300264392,-1.543966936626388
0.01875,0.02275,829562.0,0.00989734946831361,3.775770442172317e-5,-0.0035219023974062975,-2.2179151737344203,168.93020964556672,242.85861049373815,0.4882906371182956
0.01875,0.02625,1.442995e6,0.009790347694068668,3.8051614793599315e-5,-0.04614700887597748,-1.2322387518498503,170.62572698898063,242.28115078254189,-0.418473847763961
0.01875,0.02975,1.994821e6,0.00965415149066957,3.852138755775198e-5,-0.004475045027358936,-0.6598220682907731,169.68394961643747,242.87604075804435,0.03363377600241183
0.01875,0.03325,2.51322e6,0.009612727348140719,3.8837750193807534e-5,-0.022227845672422496,-0.2312100528929483,170.1049376554453,242.5557866186401,0.24977801284085793
0.01875,0.03675,2.926683e6,0.009832058864988289,4.0468213604622095e-5,-0.03168648883551215,-0.04979744719606074,169.92299030032805,243.43951184454323,0.7801848340405801
0.01875,0.04025,3.085486e6,0.010155785496548617,4.20085032081753e-5,-0.010387421523392346,0.16533065896994328,170.19627124545013,243.13615802466404,0.19419560796255647
0.01875,0.04375,2.876039e6,0.010593862522869117,4.331432669570614e-5,0.018606317031764196,0.6400647412710685,170.56157538617745,242.83845644419216,-0.8926446192420994
0.01875,0.04725,2.52889e6,0.011184351503147793,4.3925212522473236e-5,-0.020136370868289042,0.6728614045748345,170.60740349402445,243.97770528398433,0.38178870288249167
0.01875,0.050749999999999997,2.131864e6,0.011804184262506906,4.539613105828993e-5,-0.004554956354112902,0.7311831600018109,168.9898201653403,243.11446546215032,0.20055995248584652
0.01875,0.05425,1.585888e6,0.01238395736907893,4.67527192349605e-5,0.023138150166765466,1.0422213462475254,170.6332693209572,244.43786110939655,0.6655997734458946
0.01875,0.057749999999999996,1.040685e6,0.012865462414782114,4.7346274775651495e-5,0.016083435806703225,1.542450299382158,170.2942261887751,245.6442369721054,-0.012994475500636506
0.01875,0.06125,503982.0,0.013096985267685114,4.702653048948368e-5,0.0916299190921983,3.2462364775449664,167.72522521317734,245.66710779482753,1.3266242842161902
0.01875,0.06475,25079.0,0.01325021349000326,4.575062578746596e-5,0.20924467334841643,9.566544231421757,164.3601768468991,277.99662848737285,0.4767649393908731
0.01875,0.06824999999999999,0.0,0.0,0.0,0.0,0.0,0.0,0.0,0.0
0.01875,0.07175,0.0,0.0,0.0,0.0,0.0,0.0,0.0,0.0
0.01875,0.07525,0.0,0.0,0.0,0.0,0.0,0.0,0.0,0.0
0.01875,0.07875,0.0,0.0,0.0,0.0,0.0,0.0,0.0,0.0
0.01875,0.08225,0.0,0.0,0.0,0.0,0.0,0.0,0.0,0.0
0.01875,0.08574999999999999,0.0,0.0,0.0,0.0,0.0,0.0,0.0,0.0
0.01875,0.08925,0.0,0.0,0.0,0.0,0.0,0.0,0.0,0.0
0.01875,0.09275,0.0,0.0,0.0,0.0,0.0,0.0,0.0,0.0
0.01875,0.09625,0.0,0.0,0.0,0.0,0.0,0.0,0.0,0.0
0.01875,0.09974999999999999,0.0,0.0,0.0,0.0,0.0,0.0,0.0,0.0
0.01875,0.10325,0.0,0.0,0.0,0.0,0.0,0.0,0.0,0.0
0.01875,0.10675,0.0,0.0,0.0,0.0,0.0,0.0,0.0,0.0
0.01875,0.11025,0.0,0.0,0.0,0.0,0.0,0.0,0.0,0.0
0.01875,0.11374999999999999,0.0,0.0,0.0,0.0,0.0,0.0,0.0,0.0
0.01875,0.11725,1.0,0.019340795124953007,0.0,0.0031300325248378056,18.43713301063048,9.79710360654253e-6,339.9278736516801,0.057708825988034174
0.01875,0.12075,0.0,0.0,0.0,0.0,0.0,0.0,0.0,0.0
0.01875,0.12425,0.0,0.0,0.0,0.0,0.0,0.0,0.0,0.0
0.01875,0.12775,1.0,0.03185912587296597,0.0,-0.6130309007063574,26.59661693005364,0.37580688522084776,707.3800321240159,-16.304548032372736
0.01875,0.13125,1.0,0.02587548521699324,0.0,-0.3441070427034356,28.57576621632845,0.11840965683810406,816.5744148502583,-9.833122405685527
0.01875,0.13475,0.0,0.0,0.0,0.0,0.0,0.0,0.0,0.0
0.01875,0.13824999999999998,2.0,0.023350497629363535,2.1256471567860934e-7,-0.07266127090627517,27.22225909820034,0.4458428985319729,743.2274320362591,-2.957128013607015
0.01875,0.14175,3.0,0.032728309552066535,0.0001045060271218269,-0.404270271772305,26.67784857812532,2.626523005473681,713.5080602308566,-10.568465640809794
0.01875,0.14525,1.0,0.02659675600900541,0.0,-1.0711569584216707,34.12171740272872,1.1473772295751647,1164.29159851168,-36.54971502923068
0.01875,0.14875,2.0,0.02169649532898302,1.1268294061136072e-5,1.4332477592149027,34.9878131845812,4.726972566831043,1252.242748727575,41.48056120722718
0.01875,0.15225,1.0,0.03401379042627404,0.0,-2.1394063575813664,38.20728669702461,4.57705956285957,1459.7967567486335,-81.74091206554841
0.01875,0.15575,0.0,0.0,0.0,0.0,0.0,0.0,0.0,0.0
0.01875,0.15925,1.0,0.019373009227712696,0.0,-0.5070411278475461,41.289442301170546,0.25709070532891154,1704.8180455416916,-20.93544539258169
0.01875,0.16275,2.0,0.030884216848280625,9.731958871658437e-5,-0.9942062174024301,40.11172224122933,1.5383719871578696,1609.440355143848,-40.39847238646266
0.01875,0.16625,0.0,0.0,0.0,0.0,0.0,0.0,0.0,0.0
0.01875,0.16974999999999998,1.0,0.0244207758578408,0.0,-2.7091199665269867,34.771419603073795,7.3393309930351815,1209.0516212130246,-94.19994711117509
0.01875,0.17325,0.0,0.0,0.0,0.0,0.0,0.0,0.0,0.0
0.01875,0.17675,0.0,0.0,0.0,0.0,0.0,0.0,0.0,0.0
0.01875,0.18025,0.0,0.0,0.0,0.0,0.0,0.0,0.0,0.0
0.01875,0.18375,0.0,0.0,0.0,0.0,0.0,0.0,0.0,0.0
0.01875,0.18725,0.0,0.0,0.0,0.0,0.0,0.0,0.0,0.0
0.01875,0.19075,0.0,0.0,0.0,0.0,0.0,0.0,0.0,0.0
0.01875,0.19425,0.0,0.0,0.0,0.0,0.0,0.0,0.0,0.0
0.01875,0.19774999999999998,0.0,0.0,0.0,0.0,0.0,0.0,0.0,0.0
0.01875,0.20124999999999998,2.0,0.02066591998722621,1.6839436437205517e-5,-0.8876088232220587,27.485773387866622,4.017250476481244,761.8928360308296,-19.841484239193775
0.01875,0.20475,0.0,0.0,0.0,0.0,0.0,0.0,0.0,0.0
0.01875,0.20825,0.0,0.0,0.0,0.0,0.0,0.0,0.0,0.0
0.01875,0.21175,0.0,0.0,0.0,0.0,0.0,0.0,0.0,0.0
0.01875,0.21525,1.0,0.03307031511289013,0.0,0.05418044837755732,23.908548143887305,0.0029355209863931534,571.6186743485771,1.29537585849223
0.01875,0.21875,0.0,0.0,0.0,0.0,0.0,0.0,0.0,0.0
0.01875,0.22225,0.0,0.0,0.0,0.0,0.0,0.0,0.0,0.0
0.01875,0.22575,0.0,0.0,0.0,0.0,0.0,0.0,0.0,0.0
0.01875,0.22924999999999998,0.0,0.0,0.0,0.0,0.0,0.0,0.0,0.0
0.01875,0.23274999999999998,0.0,0.0,0.0,0.0,0.0,0.0,0.0,0.0
0.01875,0.23625,0.0,0.0,0.0,0.0,0.0,0.0,0.0,0.0
0.01875,0.23975,0.0,0.0,0.0,0.0,0.0,0.0,0.0,0.0
0.01875,0.24325,0.0,0.0,0.0,0.0,0.0,0.0,0.0,0.0
0.01875,0.24675,0.0,0.0,0.0,0.0,0.0,0.0,0.0,0.0
0.01875,0.25025,0.0,0.0,0.0,0.0,0.0,0.0,0.0,0.0
0.01875,0.25375,0.0,0.0,0.0,0.0,0.0,0.0,0.0,0.0
0.01875,0.25725,0.0,0.0,0.0,0.0,0.0,0.0,0.0,0.0
0.01875,0.26075,0.0,0.0,0.0,0.0,0.0,0.0,0.0,0.0
0.01875,0.26425,0.0,0.0,0.0,0.0,0.0,0.0,0.0,0.0
0.01875,0.26775,0.0,0.0,0.0,0.0,0.0,0.0,0.0,0.0
0.01875,0.27125,0.0,0.0,0.0,0.0,0.0,0.0,0.0,0.0
0.01875,0.27475,0.0,0.0,0.0,0.0,0.0,0.0,0.0,0.0
0.01875,0.27825,0.0,0.0,0.0,0.0,0.0,0.0,0.0,0.0
0.01875,0.28175,0.0,0.0,0.0,0.0,0.0,0.0,0.0,0.0
0.01875,0.28525,0.0,0.0,0.0,0.0,0.0,0.0,0.0,0.0
0.01875,0.28875,0.0,0.0,0.0,0.0,0.0,0.0,0.0,0.0
0.01875,0.29225,1.0,0.02785015118916092,0.0,-0.558762794856673,36.72937945763892,0.3122158609160405,1349.0473153432279,-20.523010719101595
0.01875,0.29575,0.0,0.0,0.0,0.0,0.0,0.0,0.0,0.0
0.01875,0.29925,0.0,0.0,0.0,0.0,0.0,0.0,0.0,0.0
0.01875,0.30275,0.0,0.0,0.0,0.0,0.0,0.0,0.0,0.0
0.01875,0.30624999999999997,0.0,0.0,0.0,0.0,0.0,0.0,0.0,0.0
0.01875,0.30974999999999997,0.0,0.0,0.0,0.0,0.0,0.0,0.0,0.0
0.01875,0.31325,0.0,0.0,0.0,0.0,0.0,0.0,0.0,0.0
0.01875,0.31675,0.0,0.0,0.0,0.0,0.0,0.0,0.0,0.0
0.01875,0.32025,0.0,0.0,0.0,0.0,0.0,0.0,0.0,0.0
0.01875,0.32375,0.0,0.0,0.0,0.0,0.0,0.0,0.0,0.0
0.01875,0.32725,0.0,0.0,0.0,0.0,0.0,0.0,0.0,0.0
0.01875,0.33075,0.0,0.0,0.0,0.0,0.0,0.0,0.0,0.0
0.01875,0.33425,0.0,0.0,0.0,0.0,0.0,0.0,0.0,0.0
0.01875,0.33775,0.0,0.0,0.0,0.0,0.0,0.0,0.0,0.0
0.01875,0.34125,0.0,0.0,0.0,0.0,0.0,0.0,0.0,0.0
0.01875,0.34475,0.0,0.0,0.0,0.0,0.0,0.0,0.0,0.0
0.01875,0.34825,0.0,0.0,0.0,0.0,0.0,0.0,0.0,0.0
0.019049999999999997,0.00175,0.0,0.0,0.0,0.0,0.0,0.0,0.0,0.0
0.019049999999999997,0.0052499999999999995,0.0,0.0,0.0,0.0,0.0,0.0,0.0,0.0
0.019049999999999997,0.008749999999999999,0.0,0.0,0.0,0.0,0.0,0.0,0.0,0.0
0.019049999999999997,0.01225,0.0,0.0,0.0,0.0,0.0,0.0,0.0,0.0
0.019049999999999997,0.01575,0.0,0.0,0.0,0.0,0.0,0.0,0.0,0.0
0.019049999999999997,0.01925,175479.0,0.01010640718064765,4.0928759265186264e-5,-0.11507190240947357,-5.510277420369317,168.90169700113478,251.73318132889918,-0.2905615177969539
0.019049999999999997,0.02275,765546.0,0.009917662261686512,3.795402657234674e-5,0.036656823157971724,-2.172250948445362,168.52803307176652,241.71615244211827,-1.1791075894863876
0.019049999999999997,0.02625,1.332573e6,0.009851707959790103,3.87922234472897e-5,-0.0010562802420056492,-1.1321652608694377,169.99560995166294,242.37108114414465,-0.8325105650507292
0.019049999999999997,0.02975,1.841765e6,0.009692061809258284,3.883838140586929e-5,-0.05245808642998638,-0.5652904861800119,169.88668418966827,243.17294532382223,-0.24770408613426967
0.019049999999999997,0.03325,2.340906e6,0.009683410688723996,3.878507694873644e-5,-0.03000652539009082,-0.24425550847363203,169.60388370202415,242.87318173154398,0.08574840733163361
0.019049999999999997,0.03675,2.723857e6,0.009900246502988652,4.064256089452584e-5,-0.01405284025188063,-0.025947221079593352,169.55973883837456,242.30415068603423,0.5466958643500298
0.019049999999999997,0.04025,2.835468e6,0.010205135073991168,4.207356530042633e-5,0.004373037283498062,0.14604399354487083,170.0893210896979,242.3727877563923,0.3268460120495142
0.019049999999999997,0.04375,2.657448e6,0.010668332158995144,4.3437920291706174e-5,0.026671572994411693,0.5937470840313582,169.11182089463932,243.5148406844267,-0.13609911296331922
0.019049999999999997,0.04725,2.345101e6,0.011207074099941055,4.3718284989431966e-5,0.0028713620189255904,0.6274334526488237,170.4914432368886,244.94929397022926,-0.45949211758618536
0.019049999999999997,0.050749999999999997,1.958554e6,0.011816332074573319,4.5652489565411996e-5,-0.06250553936600804,0.7985073107536208,170.5447980842793,244.945675098066,0.020035693918673343
0.019049999999999997,0.05425,1.463575e6,0.012430559188193486,4.688511330627244e-5,-0.04193315575653383,1.0700029599923966,169.37456904089436,244.0907966740243,-0.8135048515359576
0.019049999999999997,0.057749999999999996,961897.0,0.012830927229868469,4.6469546836377746e-5,-0.005160920628588495,1.5728634562852462,169.98582048998944,243.7555549567166,-0.3057933673131082
0.019049999999999997,0.06125,469456.0,0.013132677557220897,4.737493321375224e-5,0.004860257456550541,3.268096315217406,169.53658191699094,245.72394355195388,0.13979432812813591
0.019049999999999997,0.06475,23394.0,0.013249004377751386,4.724734987003848e-5,0.10822429929692123,9.017238000073025,158.6869153984225,270.9118722996335,-1.0409348528083247
0.019049999999999997,0.06824999999999999,0.0,0.0,0.0,0.0,0.0,0.0,0.0,0.0
0.019049999999999997,0.07175,0.0,0.0,0.0,0.0,0.0,0.0,0.0,0.0
0.019049999999999997,0.07525,0.0,0.0,0.0,0.0,0.0,0.0,0.0,0.0
0.019049999999999997,0.07875,0.0,0.0,0.0,0.0,0.0,0.0,0.0,0.0
0.019049999999999997,0.08225,0.0,0.0,0.0,0.0,0.0,0.0,0.0,0.0
0.019049999999999997,0.08574999999999999,0.0,0.0,0.0,0.0,0.0,0.0,0.0,0.0
0.019049999999999997,0.08925,0.0,0.0,0.0,0.0,0.0,0.0,0.0,0.0
0.019049999999999997,0.09275,0.0,0.0,0.0,0.0,0.0,0.0,0.0,0.0
0.019049999999999997,0.09625,0.0,0.0,0.0,0.0,0.0,0.0,0.0,0.0
0.019049999999999997,0.09974999999999999,0.0,0.0,0.0,0.0,0.0,0.0,0.0,0.0
0.019049999999999997,0.10325,0.0,0.0,0.0,0.0,0.0,0.0,0.0,0.0
0.019049999999999997,0.10675,0.0,0.0,0.0,0.0,0.0,0.0,0.0,0.0
0.019049999999999997,0.11025,0.0,0.0,0.0,0.0,0.0,0.0,0.0,0.0
0.019049999999999997,0.11374999999999999,0.0,0.0,0.0,0.0,0.0,0.0,0.0,0.0
0.019049999999999997,0.11725,1.0,0.03011817852007912,0.0,2.196726209833864,19.199264188975704,4.825606040971054,368.6117453980849,42.175526853447636
0.019049999999999997,0.12075,0.0,0.0,0.0,0.0,0.0,0.0,0.0,0.0
0.019049999999999997,0.12425,1.0,0.03675715164008925,0.0,0.46523942105024896,18.57866614453271,0.21644771889917083,345.16683571000596,8.643527880968259
0.019049999999999997,0.12775,0.0,0.0,0.0,0.0,0.0,0.0,0.0,0.0
0.019049999999999997,0.13125,1.0,0.017567688017094626,0.0,3.5923965861074385,26.243597589654094,12.905313231876379,688.7264144476982,94.27741038825077
0.019049999999999997,0.13475,1.0,0.020922373986370445,0.0,-1.7717084122826932,28.965458897386714,3.1389506981532613,838.9978091361992,-51.31834719412862
0.019049999999999997,0.13824999999999998,2.0,0.01446988609384022,4.3521369373267445e-6,0.05413723089750411,30.0633863256231,0.9481524178029752,906.047254394892,0.17243672437216873
0.019049999999999997,0.14175,3.0,0.017559532977925917,9.072754430086839e-6,1.6050338672013025,30.784028737348333,2.9679035614066263,950.9976679297804,49.26704471379719
0.019049999999999997,0.14525,2.0,0.017965415933501348,2.1951444448166815e-5,-1.8601790927239434,36.064198296521795,5.198085040119531,1301.8641934585075,-68.55251788364137
0.019049999999999997,0.14875,0.0,0.0,0.0,0.0,0.0,0.0,0.0,0.0
0.019049999999999997,0.15225,1.0,0.019372765591138097,0.0,0.4065014474790476,37.20788053826254,0.16524342680256088,1384.4263741496165,15.125057296431208
0.019049999999999997,0.15575,0.0,0.0,0.0,0.0,0.0,0.0,0.0,0.0
0.019049999999999997,0.15925,0.0,0.0,0.0,0.0,0.0,0.0,0.0,0.0
0.019049999999999997,0.16275,0.0,0.0,0.0,0.0,0.0,0.0,0.0,0.0
0.019049999999999997,0.16625,0.0,0.0,0.0,0.0,0.0,0.0,0.0,0.0
0.019049999999999997,0.16974999999999998,0.0,0.0,0.0,0.0,0.0,0.0,0.0,0.0
0.019049999999999997,0.17325,0.0,0.0,0.0,0.0,0.0,0.0,0.0,0.0
0.019049999999999997,0.17675,1.0,0.04760801228661554,0.0,-3.1234800349176166,28.64988517493679,9.756127528528955,820.815920537063,-89.48734434659728
0.019049999999999997,0.18025,0.0,0.0,0.0,0.0,0.0,0.0,0.0,0.0
0.019049999999999997,0.18375,0.0,0.0,0.0,0.0,0.0,0.0,0.0,0.0
0.019049999999999997,0.18725,0.0,0.0,0.0,0.0,0.0,0.0,0.0,0.0
0.019049999999999997,0.19075,0.0,0.0,0.0,0.0,0.0,0.0,0.0,0.0
0.019049999999999997,0.19425,1.0,0.026886617682595877,0.0,1.104229423699069,31.761019200855703,1.2193226201627783,1008.7623406771246,35.07145192825596
0.019049999999999997,0.19774999999999998,0.0,0.0,0.0,0.0,0.0,0.0,0.0,0.0
0.019049999999999997,0.20124999999999998,0.0,0.0,0.0,0.0,0.0,0.0,0.0,0.0
0.019049999999999997,0.20475,0.0,0.0,0.0,0.0,0.0,0.0,0.0,0.0
0.019049999999999997,0.20825,0.0,0.0,0.0,0.0,0.0,0.0,0.0,0.0
0.019049999999999997,0.21175,1.0,0.03486271950939435,0.0,3.038362530457945,20.32339910038439,9.231646866490806,413.040550993505,61.74985431815063
0.019049999999999997,0.21525,0.0,0.0,0.0,0.0,0.0,0.0,0.0,0.0
0.019049999999999997,0.21875,0.0,0.0,0.0,0.0,0.0,0.0,0.0,0.0
0.019049999999999997,0.22225,0.0,0.0,0.0,0.0,0.0,0.0,0.0,0.0
0.019049999999999997,0.22575,1.0,0.03146634676403244,0.0,-1.1248322846091958,26.167111009155068,1.265247668499143,684.7176985654444,-29.433611258050334
0.019049999999999997,0.22924999999999998,0.0,0.0,0.0,0.0,0.0,0.0,0.0,0.0
0.019049999999999997,0.23274999999999998,0.0,0.0,0.0,0.0,0.0,0.0,0.0,0.0
0.019049999999999997,0.23625,0.0,0.0,0.0,0.0,0.0,0.0,0.0,0.0
0.019049999999999997,0.23975,1.0,0.016768961359272493,0.0,-1.1273153870648862,31.776146552038234,1.2708399819132543,1009.7234896966114,-35.82173894974153
0.019049999999999997,0.24325,0.0,0.0,0.0,0.0,0.0,0.0,0.0,0.0
0.019049999999999997,0.24675,0.0,0.0,0.0,0.0,0.0,0.0,0.0,0.0
0.019049999999999997,0.25025,1.0,0.02957089673327872,0.0,-2.6365401030857796,28.233357084924794,6.951343715179573,797.122452284873,-74.43837819914525
0.019049999999999997,0.25375,0.0,0.0,0.0,0.0,0.0,0.0,0.0,0.0
0.019049999999999997,0.25725,0.0,0.0,0.0,0.0,0.0,0.0,0.0,0.0
0.019049999999999997,0.26075,0.0,0.0,0.0,0.0,0.0,0.0,0.0,0.0
0.019049999999999997,0.26425,0.0,0.0,0.0,0.0,0.0,0.0,0.0,0.0
0.019049999999999997,0.26775,0.0,0.0,0.0,0.0,0.0,0.0,0.0,0.0
0.019049999999999997,0.27125,0.0,0.0,0.0,0.0,0.0,0.0,0.0,0.0
0.019049999999999997,0.27475,0.0,0.0,0.0,0.0,0.0,0.0,0.0,0.0
0.019049999999999997,0.27825,0.0,0.0,0.0,0.0,0.0,0.0,0.0,0.0
0.019049999999999997,0.28175,0.0,0.0,0.0,0.0,0.0,0.0,0.0,0.0
0.019049999999999997,0.28525,0.0,0.0,0.0,0.0,0.0,0.0,0.0,0.0
0.019049999999999997,0.28875,0.0,0.0,0.0,0.0,0.0,0.0,0.0,0.0
0.019049999999999997,0.29225,0.0,0.0,0.0,0.0,0.0,0.0,0.0,0.0
0.019049999999999997,0.29575,1.0,0.019905719501071697,0.0,-0.7585779056263383,29.134786848424223,0.5754404389044419,848.8358047031131,-22.101005588347434
0.019049999999999997,0.29925,0.0,0.0,0.0,0.0,0.0,0.0,0.0,0.0
0.019049999999999997,0.30275,0.0,0.0,0.0,0.0,0.0,0.0,0.0,0.0
0.019049999999999997,0.30624999999999997,0.0,0.0,0.0,0.0,0.0,0.0,0.0,0.0
0.019049999999999997,0.30974999999999997,0.0,0.0,0.0,0.0,0.0,0.0,0.0,0.0
0.019049999999999997,0.31325,0.0,0.0,0.0,0.0,0.0,0.0,0.0,0.0
0.019049999999999997,0.31675,0.0,0.0,0.0,0.0,0.0,0.0,0.0,0.0
0.019049999999999997,0.32025,0.0,0.0,0.0,0.0,0.0,0.0,0.0,0.0
0.019049999999999997,0.32375,0.0,0.0,0.0,0.0,0.0,0.0,0.0,0.0
0.019049999999999997,0.32725,0.0,0.0,0.0,0.0,0.0,0.0,0.0,0.0
0.019049999999999997,0.33075,0.0,0.0,0.0,0.0,0.0,0.0,0.0,0.0
0.019049999999999997,0.33425,0.0,0.0,0.0,0.0,0.0,0.0,0.0,0.0
0.019049999999999997,0.33775,0.0,0.0,0.0,0.0,0.0,0.0,0.0,0.0
0.019049999999999997,0.34125,0.0,0.0,0.0,0.0,0.0,0.0,0.0,0.0
0.019049999999999997,0.34475,0.0,0.0,0.0,0.0,0.0,0.0,0.0,0.0
0.019049999999999997,0.34825,0.0,0.0,0.0,0.0,0.0,0.0,0.0,0.0
0.01935,0.00175,0.0,0.0,0.0,0.0,0.0,0.0,0.0,0.0
0.01935,0.0052499999999999995,0.0,0.0,0.0,0.0,0.0,0.0,0.0,0.0
0.01935,0.008749999999999999,0.0,0.0,0.0,0.0,0.0,0.0,0.0,0.0
0.01935,0.01225,0.0,0.0,0.0,0.0,0.0,0.0,0.0,0.0
0.01935,0.01575,0.0,0.0,0.0,0.0,0.0,0.0,0.0,0.0
0.01935,0.01925,162613.0,0.010056501128857653,3.88027932227295e-5,-0.2717814415263981,-5.606230746810134,167.08571466234466,255.20171829334146,-0.12647742376633003
0.01935,0.02275,705115.0,0.009935053420261589,3.805640353399665e-5,-0.007985543886058382,-2.2701841276770773,169.29449838785013,242.84258479350706,-0.9350907259378269
0.01935,0.02625,1.219275e6,0.009873670535156642,3.855719109677894e-5,-0.06939496463540931,-1.0952572207041178,169.5934376809884,241.61738267920583,-0.7589421793681503
0.01935,0.02975,1.700848e6,0.009752939919153726,3.8297192694348646e-5,-0.021115402300248862,-0.6159935577584632,169.52024233901827,242.9491697579075,-0.10144685416268398
0.01935,0.03325,2.154274e6,0.009731217971481918,3.870598115568645e-5,0.0047875901305557194,-0.31614948118175606,168.8776980492466,242.65735134420817,0.26356253434746085
0.01935,0.03675,2.527482e6,0.009897658549602985,3.999686219869465e-5,-0.006515938534971543,-0.04087444591669518,168.94869595097524,242.2027469962363,0.3396468605713426
0.01935,0.04025,2.603415e6,0.010209401562772665,4.1456215444974494e-5,-0.004664489293210725,0.14722526563273697,169.56693801004104,240.9697400588217,0.4089122017129216
0.01935,0.04375,2.452848e6,0.010707647932963431,4.3527569016589176e-5,0.011439372381411439,0.5296174268220336,168.6318510638757,242.58751112478274,-0.8750747117440452
0.01935,0.04725,2.145092e6,0.011256536823001225,4.3768434750586393e-5,0.002297690297575396,0.6785185283764875,169.51082136275778,245.23895653144262,-0.6275283211053255
0.01935,0.050749999999999997,1.780391e6,0.011850143959791457,4.5586287011582795e-5,-0.07709510105569654,0.967958877402414,169.80739937925551,246.5863351930266,-0.6212290320873426
0.01935,0.05425,1.342083e6,0.012418496093934634,4.648410044597082e-5,-0.033989532263319265,1.04291345327092,169.1584523727381,244.17381990309246,-0.5579190123872384
0.01935,0.057749999999999996,877662.0,0.012830712389783025,4.6195577853820296e-5,-0.021909562426729073,1.6494718053322683,168.80288731349944,243.103572963654,-0.5171891904886897
0.01935,0.06125,432457.0,0.013151470770855865,4.760204672422296e-5,-0.04947935832978925,3.3189733043089293,171.77889445239384,242.41706199132364,0.20102949774341264
0.01935,0.06475,21117.0,0.013267072225423476,4.539442486816872e-5,0.06817612677271832,9.731927868964416,162.6558811511902,291.8839513828873,0.18649663534983166
0.01935,0.06824999999999999,0.0,0.0,0.0,0.0,0.0,0.0,0.0,0.0
0.01935,0.07175,0.0,0.0,0.0,0.0,0.0,0.0,0.0,0.0
0.01935,0.07525,0.0,0.0,0.0,0.0,0.0,0.0,0.0,0.0
0.01935,0.07875,0.0,0.0,0.0,0.0,0.0,0.0,0.0,0.0
0.01935,0.08225,0.0,0.0,0.0,0.0,0.0,0.0,0.0,0.0
0.01935,0.08574999999999999,0.0,0.0,0.0,0.0,0.0,0.0,0.0,0.0
0.01935,0.08925,0.0,0.0,0.0,0.0,0.0,0.0,0.0,0.0
0.01935,0.09275,0.0,0.0,0.0,0.0,0.0,0.0,0.0,0.0
0.01935,0.09625,0.0,0.0,0.0,0.0,0.0,0.0,0.0,0.0
0.01935,0.09974999999999999,0.0,0.0,0.0,0.0,0.0,0.0,0.0,0.0
0.01935,0.10325,0.0,0.0,0.0,0.0,0.0,0.0,0.0,0.0
0.01935,0.10675,0.0,0.0,0.0,0.0,0.0,0.0,0.0,0.0
0.01935,0.11025,1.0,0.040011813067681805,0.0,0.49126889710369154,6.857550211398392,0.24134512926147747,47.02599490185013,3.3689011291868747
0.01935,0.11374999999999999,0.0,0.0,0.0,0.0,0.0,0.0,0.0,0.0
0.01935,0.11725,0.0,0.0,0.0,0.0,0.0,0.0,0.0,0.0
0.01935,0.12075,0.0,0.0,0.0,0.0,0.0,0.0,0.0,0.0
0.01935,0.12425,0.0,0.0,0.0,0.0,0.0,0.0,0.0,0.0
0.01935,0.12775,1.0,0.022896994256800494,0.0,-0.9422383737814786,29.825048417722392,0.8878131530263653,889.533513119485,-28.102305119068607
0.01935,0.13125,2.0,0.023634171679370652,3.568928510494236e-5,1.893988184948465,30.236745983729165,4.826196372415317,938.6884395355437,51.76658882484958
0.01935,0.13475,2.0,0.0397348173882561,0.00021835662721696837,2.855745914324906,25.80780955496403,8.515381657879397,666.2209739953145,73.44741503474056
0.01935,0.13824999999999998,0.0,0.0,0.0,0.0,0.0,0.0,0.0,0.0
0.01935,0.14175,1.0,0.024653156419764555,0.0,0.81365591608626,27.773593752103636,0.662035949782171,771.3725099068902,22.59814886737551
0.01935,0.14525,2.0,0.023793442417346176,1.0285759152423405e-6,0.757131551468915,33.60927067096333,0.8445105266872888,1131.2626300303255,24.771657751387853
0.01935,0.14875,1.0,0.026922243276712585,0.0,-2.260974720515896,32.171783180035135,5.112006686811934,1035.0236329831916,-72.73958848397794
0.01935,0.15225,0.0,0.0,0.0,0.0,0.0,0.0,0.0,0.0
0.01935,0.15575,1.0,0.023901023325065003,0.0,-1.7992162553139028,29.68613408515244,3.237179133385783,881.2665569216495,-53.411775003434386
0.01935,0.15925,0.0,0.0,0.0,0.0,0.0,0.0,0.0,0.0
0.01935,0.16275,0.0,0.0,0.0,0.0,0.0,0.0,0.0,0.0
0.01935,0.16625,0.0,0.0,0.0,0.0,0.0,0.0,0.0,0.0
0.01935,0.16974999999999998,1.0,0.02500569236572235,0.0,0.721575294311194,25.166729811572026,0.5206709053602863,633.3642894086681,18.159690470635386
0.01935,0.17325,0.0,0.0,0.0,0.0,0.0,0.0,0.0,0.0
0.01935,0.17675,0.0,0.0,0.0,0.0,0.0,0.0,0.0,0.0
0.01935,0.18025,0.0,0.0,0.0,0.0,0.0,0.0,0.0,0.0
0.01935,0.18375,0.0,0.0,0.0,0.0,0.0,0.0,0.0,0.0
0.01935,0.18725,0.0,0.0,0.0,0.0,0.0,0.0,0.0,0.0
0.01935,0.19075,1.0,0.02179489972593822,0.0,2.6691354263365215,38.69361414484268,7.1242839241246445,1497.1957755899693,103.27849628699552
0.01935,0.19425,0.0,0.0,0.0,0.0,0.0,0.0,0.0,0.0
0.01935,0.19774999999999998,0.0,0.0,0.0,0.0,0.0,0.0,0.0,0.0
0.01935,0.20124999999999998,0.0,0.0,0.0,0.0,0.0,0.0,0.0,0.0
0.01935,0.20475,0.0,0.0,0.0,0.0,0.0,0.0,0.0,0.0
0.01935,0.20825,0.0,0.0,0.0,0.0,0.0,0.0,0.0,0.0
0.01935,0.21175,1.0,0.02167653012524064,0.0,1.460559727409842,32.52015273775372,2.1332347173315123,1057.5603340868306,47.497625417980004
0.01935,0.21525,0.0,0.0,0.0,0.0,0.0,0.0,0.0,0.0
0.01935,0.21875,0.0,0.0,0.0,0.0,0.0,0.0,0.0,0.0
0.01935,0.22225,0.0,0.0,0.0,0.0,0.0,0.0,0.0,0.0
0.01935,0.22575,0.0,0.0,0.0,0.0,0.0,0.0,0.0,0.0
0.01935,0.22924999999999998,0.0,0.0,0.0,0.0,0.0,0.0,0.0,0.0
0.01935,0.23274999999999998,0.0,0.0,0.0,0.0,0.0,0.0,0.0,0.0
0.01935,0.23625,0.0,0.0,0.0,0.0,0.0,0.0,0.0,0.0
0.01935,0.23975,0.0,0.0,0.0,0.0,0.0,0.0,0.0,0.0
0.01935,0.24325,0.0,0.0,0.0,0.0,0.0,0.0,0.0,0.0
0.01935,0.24675,0.0,0.0,0.0,0.0,0.0,0.0,0.0,0.0
0.01935,0.25025,0.0,0.0,0.0,0.0,0.0,0.0,0.0,0.0
0.01935,0.25375,0.0,0.0,0.0,0.0,0.0,0.0,0.0,0.0
0.01935,0.25725,0.0,0.0,0.0,0.0,0.0,0.0,0.0,0.0
0.01935,0.26075,0.0,0.0,0.0,0.0,0.0,0.0,0.0,0.0
0.01935,0.26425,0.0,0.0,0.0,0.0,0.0,0.0,0.0,0.0
0.01935,0.26775,0.0,0.0,0.0,0.0,0.0,0.0,0.0,0.0
0.01935,0.27125,0.0,0.0,0.0,0.0,0.0,0.0,0.0,0.0
0.01935,0.27475,0.0,0.0,0.0,0.0,0.0,0.0,0.0,0.0
0.01935,0.27825,0.0,0.0,0.0,0.0,0.0,0.0,0.0,0.0
0.01935,0.28175,0.0,0.0,0.0,0.0,0.0,0.0,0.0,0.0
0.01935,0.28525,0.0,0.0,0.0,0.0,0.0,0.0,0.0,0.0
0.01935,0.28875,0.0,0.0,0.0,0.0,0.0,0.0,0.0,0.0
0.01935,0.29225,0.0,0.0,0.0,0.0,0.0,0.0,0.0,0.0
0.01935,0.29575,0.0,0.0,0.0,0.0,0.0,0.0,0.0,0.0
0.01935,0.29925,0.0,0.0,0.0,0.0,0.0,0.0,0.0,0.0
0.01935,0.30275,0.0,0.0,0.0,0.0,0.0,0.0,0.0,0.0
0.01935,0.30624999999999997,0.0,0.0,0.0,0.0,0.0,0.0,0.0,0.0
0.01935,0.30974999999999997,0.0,0.0,0.0,0.0,0.0,0.0,0.0,0.0
0.01935,0.31325,0.0,0.0,0.0,0.0,0.0,0.0,0.0,0.0
0.01935,0.31675,0.0,0.0,0.0,0.0,0.0,0.0,0.0,0.0
0.01935,0.32025,0.0,0.0,0.0,0.0,0.0,0.0,0.0,0.0
0.01935,0.32375,1.0,0.035798925863328536,0.0,2.12065743376073,23.60403052329566,4.497187951364645,557.1502569446732,50.05606279594211
0.01935,0.32725,0.0,0.0,0.0,0.0,0.0,0.0,0.0,0.0
0.01935,0.33075,0.0,0.0,0.0,0.0,0.0,0.0,0.0,0.0
0.01935,0.33425,0.0,0.0,0.0,0.0,0.0,0.0,0.0,0.0
0.01935,0.33775,0.0,0.0,0.0,0.0,0.0,0.0,0.0,0.0
0.01935,0.34125,0.0,0.0,0.0,0.0,0.0,0.0,0.0,0.0
0.01935,0.34475,0.0,0.0,0.0,0.0,0.0,0.0,0.0,0.0
0.01935,0.34825,0.0,0.0,0.0,0.0,0.0,0.0,0.0,0.0
0.01965,0.00175,0.0,0.0,0.0,0.0,0.0,0.0,0.0,0.0
0.01965,0.0052499999999999995,0.0,0.0,0.0,0.0,0.0,0.0,0.0,0.0
0.01965,0.008749999999999999,0.0,0.0,0.0,0.0,0.0,0.0,0.0,0.0
0.01965,0.01225,0.0,0.0,0.0,0.0,0.0,0.0,0.0,0.0
0.01965,0.01575,0.0,0.0,0.0,0.0,0.0,0.0,0.0,0.0
0.01965,0.01925,151489.0,0.010051871150749781,3.876439708370956e-5,-0.06975049964725066,-5.5890355157662635,169.1803558367584,251.75239677926476,-1.2179422643306608
0.01965,0.02275,642552.0,0.009975510035217544,3.841714114711876e-5,0.005510958402838373,-2.388103666186915,170.0874261834029,242.7926890590241,0.3508458143925411
0.01965,0.02625,1.111475e6,0.009880534323604988,3.837513818372298e-5,-0.03271496450459295,-1.1346895597605091,170.24631783313606,243.1705264179129,0.4478727685110477
0.01965,0.02975,1.563704e6,0.009798202760599879,3.800535232694648e-5,-0.0028355714836144105,-0.7919592225415357,168.79397913930583,241.97724010700423,0.3190900995632959
0.01965,0.03325,1.948002e6,0.009772864335975457,3.883203509422447e-5,0.013843534952666494,-0.42295160417834704,169.82575992073808,242.84640414009795,-0.242399808404434
0.01965,0.03675,2.289993e6,0.009953466754552602,4.029174857380047e-5,0.04848716280364004,-0.15500236840643902,169.12250329963865,243.52903554239188,0.13815161127524758
0.01965,0.04025,2.377391e6,0.010274092337512523,4.144193605266792e-5,-0.010461034499825553,0.12126830121427346,169.5714521824746,241.42461288116732,0.09991358935216105
0.01965,0.04375,2.260423e6,0.01077213446147788,4.4224193501473764e-5,0.01985569823690394,0.5407233892951928,169.33791273777564,241.59303191489659,-0.7471795865239618
0.01965,0.04725,1.932566e6,0.011295719717790238,4.3781428369144315e-5,0.017380017187472892,0.6707216700509122,169.32218676038488,244.47257467897478,0.5412366693105678
0.01965,0.050749999999999997,1.619851e6,0.011882136439856028,4.549135277681712e-5,-0.016587032915605832,0.8212980083932742,170.5661208575041,244.4927429805235,-0.02622349872426575
0.01965,0.05425,1.235165e6,0.012467856096548952,4.6252958184988185e-5,-0.05691033747096052,1.1347234615164947,169.82251652935423,243.6493991347273,-0.14376827598069836
0.01965,0.057749999999999996,814604.0,0.012844119292366556,4.5900255813825734e-5,7.287084735154718e-5,1.7203894086743687,168.88414149400683,244.2898792389594,0.2029049395520776
0.01965,0.06125,397824.0,0.013148504895802748,4.739008522836766e-5,-0.026347196644438502,3.5085818398879547,170.7786276606469,244.81678042320442,0.005139424235010171
0.01965,0.06475,19843.0,0.013367619239622453,4.643965890568621e-5,0.17512891587588,9.325307145912722,168.6207208350566,275.8508989568735,0.3416483130528014
0.01965,0.06824999999999999,0.0,0.0,0.0,0.0,0.0,0.0,0.0,0.0
0.01965,0.07175,0.0,0.0,0.0,0.0,0.0,0.0,0.0,0.0
0.01965,0.07525,0.0,0.0,0.0,0.0,0.0,0.0,0.0,0.0
0.01965,0.07875,0.0,0.0,0.0,0.0,0.0,0.0,0.0,0.0
0.01965,0.08225,0.0,0.0,0.0,0.0,0.0,0.0,0.0,0.0
0.01965,0.08574999999999999,0.0,0.0,0.0,0.0,0.0,0.0,0.0,0.0
0.01965,0.08925,0.0,0.0,0.0,0.0,0.0,0.0,0.0,0.0
0.01965,0.09275,0.0,0.0,0.0,0.0,0.0,0.0,0.0,0.0
0.01965,0.09625,0.0,0.0,0.0,0.0,0.0,0.0,0.0,0.0
0.01965,0.09974999999999999,0.0,0.0,0.0,0.0,0.0,0.0,0.0,0.0
0.01965,0.10325,0.0,0.0,0.0,0.0,0.0,0.0,0.0,0.0
0.01965,0.10675,0.0,0.0,0.0,0.0,0.0,0.0,0.0,0.0
0.01965,0.11025,0.0,0.0,0.0,0.0,0.0,0.0,0.0,0.0
0.01965,0.11374999999999999,0.0,0.0,0.0,0.0,0.0,0.0,0.0,0.0
0.01965,0.11725,0.0,0.0,0.0,0.0,0.0,0.0,0.0,0.0
0.01965,0.12075,0.0,0.0,0.0,0.0,0.0,0.0,0.0,0.0
0.01965,0.12425,1.0,0.017116385084200617,0.0,-1.8524850041565,24.924940901009826,3.431700690624708,621.2526789188325,-46.173079248607706
0.01965,0.12775,2.0,0.027141768500201,7.0251418346858974e-6,1.5781455817510017,22.838459894205815,2.794750052611313,527.2297972636017,37.35163809547687
0.01965,0.13125,2.0,0.032750627521496094,2.215532602655087e-5,-1.7828588752406145,24.405561751202306,3.461161968548552,611.6456501871631,-45.638931974839124
0.01965,0.13475,0.0,0.0,0.0,0.0,0.0,0.0,0.0,0.0
0.01965,0.13824999999999998,2.0,0.022805780375866922,6.883798334531562e-6,1.9056238984291594,31.746824366994385,4.057532261670716,1064.7560052215463,65.42139988758704
0.01965,0.14175,2.0,0.02267462424035187,1.11037187118085e-5,-1.6629982105553438,34.72802841541453,3.0638768704809847,1213.0655295718318,-56.30454052502564
0.01965,0.14525,0.0,0.0,0.0,0.0,0.0,0.0,0.0,0.0
0.01965,0.14875,1.0,0.017941923365332922,0.0,-0.29676467489723884,36.05435219075913,0.08806927226686387,1299.916311895298,-10.699658106521186
0.01965,0.15225,1.0,0.028786910007595073,0.0,-0.6608517908136026,32.44104047128632,0.43672508942154553,1052.4211068596371,-21.438719691306122
0.01965,0.15575,1.0,0.036987444062452926,0.0,-1.4159549144314834,30.926561312559414,2.0049283197026693,956.4521946194967,-43.790616476985086
0.01965,0.15925,0.0,0.0,0.0,0.0,0.0,0.0,0.0,0.0
0.01965,0.16275,0.0,0.0,0.0,0.0,0.0,0.0,0.0,0.0
0.01965,0.16625,0.0,0.0,0.0,0.0,0.0,0.0,0.0,0.0
0.01965,0.16974999999999998,0.0,0.0,0.0,0.0,0.0,0.0,0.0,0.0
0.01965,0.17325,0.0,0.0,0.0,0.0,0.0,0.0,0.0,0.0
0.01965,0.17675,1.0,0.02455161631704303,0.0,-0.8486828111196835,38.534610827712136,0.7202625138900083,1484.9162316432294,-32.70366184266573
0.01965,0.18025,0.0,0.0,0.0,0.0,0.0,0.0,0.0,0.0
0.01965,0.18375,0.0,0.0,0.0,0.0,0.0,0.0,0.0,0.0
0.01965,0.18725,1.0,0.0230261210467698,0.0,0.3007130242048154,27.5362856224759,0.09042832292640589,758.247025882573,8.280519724902305
0.01965,0.19075,0.0,0.0,0.0,0.0,0.0,0.0,0.0,0.0
0.01965,0.19425,0.0,0.0,0.0,0.0,0.0,0.0,0.0,0.0
0.01965,0.19774999999999998,0.0,0.0,0.0,0.0,0.0,0.0,0.0,0.0
0.01965,0.20124999999999998,0.0,0.0,0.0,0.0,0.0,0.0,0.0,0.0
0.01965,0.20475,0.0,0.0,0.0,0.0,0.0,0.0,0.0,0.0
0.01965,0.20825,0.0,0.0,0.0,0.0,0.0,0.0,0.0,0.0
0.01965,0.21175,0.0,0.0,0.0,0.0,0.0,0.0,0.0,0.0
0.01965,0.21525,0.0,0.0,0.0,0.0,0.0,0.0,0.0,0.0
0.01965,0.21875,0.0,0.0,0.0,0.0,0.0,0.0,0.0,0.0
0.01965,0.22225,0.0,0.0,0.0,0.0,0.0,0.0,0.0,0.0
0.01965,0.22575,1.0,0.022998346943020914,0.0,2.1638706433734005,36.54558694986847,4.682336161253215,1335.5799255103968,79.07992274567044
0.01965,0.22924999999999998,0.0,0.0,0.0,0.0,0.0,0.0,0.0,0.0
0.01965,0.23274999999999998,0.0,0.0,0.0,0.0,0.0,0.0,0.0,0.0
0.01965,0.23625,0.0,0.0,0.0,0.0,0.0,0.0,0.0,0.0
0.01965,0.23975,0.0,0.0,0.0,0.0,0.0,0.0,0.0,0.0
0.01965,0.24325,0.0,0.0,0.0,0.0,0.0,0.0,0.0,0.0
0.01965,0.24675,0.0,0.0,0.0,0.0,0.0,0.0,0.0,0.0
0.01965,0.25025,0.0,0.0,0.0,0.0,0.0,0.0,0.0,0.0
0.01965,0.25375,0.0,0.0,0.0,0.0,0.0,0.0,0.0,0.0
0.01965,0.25725,0.0,0.0,0.0,0.0,0.0,0.0,0.0,0.0
0.01965,0.26075,0.0,0.0,0.0,0.0,0.0,0.0,0.0,0.0
0.01965,0.26425,0.0,0.0,0.0,0.0,0.0,0.0,0.0,0.0
0.01965,0.26775,0.0,0.0,0.0,0.0,0.0,0.0,0.0,0.0
0.01965,0.27125,0.0,0.0,0.0,0.0,0.0,0.0,0.0,0.0
0.01965,0.27475,0.0,0.0,0.0,0.0,0.0,0.0,0.0,0.0
0.01965,0.27825,0.0,0.0,0.0,0.0,0.0,0.0,0.0,0.0
0.01965,0.28175,0.0,0.0,0.0,0.0,0.0,0.0,0.0,0.0
0.01965,0.28525,0.0,0.0,0.0,0.0,0.0,0.0,0.0,0.0
0.01965,0.28875,0.0,0.0,0.0,0.0,0.0,0.0,0.0,0.0
0.01965,0.29225,0.0,0.0,0.0,0.0,0.0,0.0,0.0,0.0
0.01965,0.29575,0.0,0.0,0.0,0.0,0.0,0.0,0.0,0.0
0.01965,0.29925,0.0,0.0,0.0,0.0,0.0,0.0,0.0,0.0
0.01965,0.30275,0.0,0.0,0.0,0.0,0.0,0.0,0.0,0.0
0.01965,0.30624999999999997,0.0,0.0,0.0,0.0,0.0,0.0,0.0,0.0
0.01965,0.30974999999999997,0.0,0.0,0.0,0.0,0.0,0.0,0.0,0.0
0.01965,0.31325,0.0,0.0,0.0,0.0,0.0,0.0,0.0,0.0
0.01965,0.31675,0.0,0.0,0.0,0.0,0.0,0.0,0.0,0.0
0.01965,0.32025,1.0,0.03092787474231792,0.0,-1.7933786119481827,25.498422354657176,3.2162068457931907,650.1695425764808,-45.7283252892636
0.01965,0.32375,1.0,0.028456925024179753,0.0,0.9353540836353935,40.887418741115674,0.8748872617734067,1671.7810113113374,38.24421408881287
0.01965,0.32725,0.0,0.0,0.0,0.0,0.0,0.0,0.0,0.0
0.01965,0.33075,0.0,0.0,0.0,0.0,0.0,0.0,0.0,0.0
0.01965,0.33425,0.0,0.0,0.0,0.0,0.0,0.0,0.0,0.0
0.01965,0.33775,0.0,0.0,0.0,0.0,0.0,0.0,0.0,0.0
0.01965,0.34125,0.0,0.0,0.0,0.0,0.0,0.0,0.0,0.0
0.01965,0.34475,0.0,0.0,0.0,0.0,0.0,0.0,0.0,0.0
0.01965,0.34825,0.0,0.0,0.0,0.0,0.0,0.0,0.0,0.0
0.01995,0.00175,0.0,0.0,0.0,0.0,0.0,0.0,0.0,0.0
0.01995,0.0052499999999999995,0.0,0.0,0.0,0.0,0.0,0.0,0.0,0.0
0.01995,0.008749999999999999,0.0,0.0,0.0,0.0,0.0,0.0,0.0,0.0
0.01995,0.01225,0.0,0.0,0.0,0.0,0.0,0.0,0.0,0.0
0.01995,0.01575,0.0,0.0,0.0,0.0,0.0,0.0,0.0,0.0
0.01995,0.01925,138063.0,0.010086022607617538,4.033859602747672e-5,-0.15838119653674643,-5.637398722139229,168.80548998702676,248.43533916096584,3.200924291159467
0.01995,0.02275,580373.0,0.010032572153643669,3.8876045326431104e-5,-0.06022444022393765,-2.2789208185392145,169.24052198324503,244.3894332150373,-0.45968769227874734
0.01995,0.02625,993242.0,0.009935125785247296,3.832585362084162e-5,-0.014066047595805639,-1.1509721866424023,170.20552064426323,243.9393679392655,-0.4725831522669841
0.01995,0.02975,1.410006e6,0.009818342435773416,3.773612266439907e-5,0.009141985721559762,-0.744401713142532,169.099629085806,242.38933725926717,0.5034290236177531
0.01995,0.03325,1.756398e6,0.009794565812095661,3.844980111473344e-5,0.01743536149070393,-0.49509332643041126,169.62243280864115,243.65062638954333,-0.48016333244085596
0.01995,0.03675,2.064983e6,0.009990265570841799,4.064455976028953e-5,0.012242809433243834,-0.18742496732161867,168.97083429853132,242.36641243540504,0.058265161207677586
0.01995,0.04025,2.13921e6,0.010310082575243155,4.148755053153359e-5,-0.005072663078873055,0.04635213672536872,169.76571172776167,242.21345090363076,0.70827982494313
0.01995,0.04375,2.040187e6,0.010771048810857884,4.3692170827466885e-5,0.015867068779424943,0.549043801428545,170.329707676726,241.9976500519378,-0.20001291143299885
0.01995,0.04725,1.74682e6,0.011292579206685435,4.3592580282095614e-5,-0.018638827614262263,0.5957213093654368,170.14722566309337,243.19978118694326,0.7251605346852827
0.01995,0.050749999999999997,1.45449e6,0.011919868290720444,4.576985764089164e-5,0.014680482249492604,0.8499884199544077,169.44924616055485,242.8027724735232,0.10682595025354717
0.01995,0.05425,1.112981e6,0.012487048760148835,4.627972742818526e-5,-0.03609037765592374,1.1160259773850119,170.3603698597795,242.6955427313941,-0.40728468811978247
0.01995,0.057749999999999996,741481.0,0.012923444710875325,4.63563561905923e-5,0.05845500393515984,1.7148916233623652,170.57341812065198,242.8899298218681,-0.5255239723347309
0.01995,0.06125,363190.0,0.013188337384941887,4.730896792723258e-5,-0.06428499549988499,3.4722407054214135,168.94698047433073,245.2894115116319,-0.3433986745113567
0.01995,0.06475,18816.0,0.01301835036396288,4.355281331970365e-5,-0.1926808704476007,9.083735697705684,170.75637074769048,262.25340465306647,-3.2631928949946905
0.01995,0.06824999999999999,0.0,0.0,0.0,0.0,0.0,0.0,0.0,0.0
0.01995,0.07175,0.0,0.0,0.0,0.0,0.0,0.0,0.0,0.0
0.01995,0.07525,0.0,0.0,0.0,0.0,0.0,0.0,0.0,0.0
0.01995,0.07875,0.0,0.0,0.0,0.0,0.0,0.0,0.0,0.0
0.01995,0.08225,0.0,0.0,0.0,0.0,0.0,0.0,0.0,0.0
0.01995,0.08574999999999999,0.0,0.0,0.0,0.0,0.0,0.0,0.0,0.0
0.01995,0.08925,0.0,0.0,0.0,0.0,0.0,0.0,0.0,0.0
0.01995,0.09275,0.0,0.0,0.0,0.0,0.0,0.0,0.0,0.0
0.01995,0.09625,0.0,0.0,0.0,0.0,0.0,0.0,0.0,0.0
0.01995,0.09974999999999999,0.0,0.0,0.0,0.0,0.0,0.0,0.0,0.0
0.01995,0.10325,0.0,0.0,0.0,0.0,0.0,0.0,0.0,0.0
0.01995,0.10675,0.0,0.0,0.0,0.0,0.0,0.0,0.0,0.0
0.01995,0.11025,0.0,0.0,0.0,0.0,0.0,0.0,0.0,0.0
0.01995,0.11374999999999999,0.0,0.0,0.0,0.0,0.0,0.0,0.0,0.0
0.01995,0.11725,0.0,0.0,0.0,0.0,0.0,0.0,0.0,0.0
0.01995,0.12075,0.0,0.0,0.0,0.0,0.0,0.0,0.0,0.0
0.01995,0.12425,0.0,0.0,0.0,0.0,0.0,0.0,0.0,0.0
0.01995,0.12775,2.0,0.0268813293205711,3.6571998894331585e-6,-0.21636941577105784,20.236445428428034,1.418505917053254,423.90670928683414,0.06472989574717758
0.01995,0.13125,2.0,0.016122668482895196,2.9290282039477357e-5,-1.0547717341257963,25.263956741232086,1.4306004600680047,642.7864769718565,-27.846577442653732
0.01995,0.13475,3.0,0.027011076064716012,0.00011008362358888436,0.861366802502572,29.221704952656356,2.6577955572778156,859.7367743957459,28.390261031288503
0.01995,0.13824999999999998,0.0,0.0,0.0,0.0,0.0,0.0,0.0,0.0
0.01995,0.14175,3.0,0.019442791257078776,8.313405422140693e-6,0.6862282001965424,30.355722152865972,0.6392688855568246,926.4213737917572,20.102054389711153
0.01995,0.14525,3.0,0.024954924057109758,4.954032750057476e-5,0.6408332321124963,36.04528398478684,2.128717394548471,1308.9642696475194,25.274212715574183
0.01995,0.14875,0.0,0.0,0.0,0.0,0.0,0.0,0.0,0.0
0.01995,0.15225,1.0,0.02280088648127206,0.0,0.1453676771998746,34.747806882896704,0.02113176157448694,1207.4100831710834,5.051207974356508
0.01995,0.15575,3.0,0.024844439687155617,3.013400833093311e-5,-1.3662161512036182,30.68081299917177,2.002613463085993,963.3292204898637,-41.3846011792816
0.01995,0.15925,0.0,0.0,0.0,0.0,0.0,0.0,0.0,0.0
0.01995,0.16275,0.0,0.0,0.0,0.0,0.0,0.0,0.0,0.0
0.01995,0.16625,0.0,0.0,0.0,0.0,0.0,0.0,0.0,0.0
0.01995,0.16974999999999998,3.0,0.021101082191684793,5.083934865657771e-6,0.48133936612260086,24.495960948379413,1.284142371825153,700.638488987898,2.1350221542134307
0.01995,0.17325,0.0,0.0,0.0,0.0,0.0,0.0,0.0,0.0
0.01995,0.17675,0.0,0.0,0.0,0.0,0.0,0.0,0.0,0.0
0.01995,0.18025,0.0,0.0,0.0,0.0,0.0,0.0,0.0,0.0
0.01995,0.18375,0.0,0.0,0.0,0.0,0.0,0.0,0.0,0.0
0.01995,0.18725,0.0,0.0,0.0,0.0,0.0,0.0,0.0,0.0
0.01995,0.19075,0.0,0.0,0.0,0.0,0.0,0.0,0.0,0.0
0.01995,0.19425,0.0,0.0,0.0,0.0,0.0,0.0,0.0,0.0
0.01995,0.19774999999999998,0.0,0.0,0.0,0.0,0.0,0.0,0.0,0.0
0.01995,0.20124999999999998,0.0,0.0,0.0,0.0,0.0,0.0,0.0,0.0
0.01995,0.20475,0.0,0.0,0.0,0.0,0.0,0.0,0.0,0.0
0.01995,0.20825,0.0,0.0,0.0,0.0,0.0,0.0,0.0,0.0
0.01995,0.21175,0.0,0.0,0.0,0.0,0.0,0.0,0.0,0.0
0.01995,0.21525,0.0,0.0,0.0,0.0,0.0,0.0,0.0,0.0
0.01995,0.21875,0.0,0.0,0.0,0.0,0.0,0.0,0.0,0.0
0.01995,0.22225,2.0,0.022480441175622402,2.8837111336192883e-6,0.7085696781258064,30.954872298066185,5.067427806933977,967.7678090786854,15.325987043577257
0.01995,0.22575,0.0,0.0,0.0,0.0,0.0,0.0,0.0,0.0
0.01995,0.22924999999999998,0.0,0.0,0.0,0.0,0.0,0.0,0.0,0.0
0.01995,0.23274999999999998,0.0,0.0,0.0,0.0,0.0,0.0,0.0,0.0
0.01995,0.23625,0.0,0.0,0.0,0.0,0.0,0.0,0.0,0.0
0.01995,0.23975,0.0,0.0,0.0,0.0,0.0,0.0,0.0,0.0
0.01995,0.24325,0.0,0.0,0.0,0.0,0.0,0.0,0.0,0.0
0.01995,0.24675,0.0,0.0,0.0,0.0,0.0,0.0,0.0,0.0
0.01995,0.25025,0.0,0.0,0.0,0.0,0.0,0.0,0.0,0.0
0.01995,0.25375,1.0,0.042166006946213086,0.0,-1.0113125174875996,34.33658717284123,1.0227530080271066,1179.0012186781248,-34.72502041569848
0.01995,0.25725,0.0,0.0,0.0,0.0,0.0,0.0,0.0,0.0
0.01995,0.26075,0.0,0.0,0.0,0.0,0.0,0.0,0.0,0.0
0.01995,0.26425,0.0,0.0,0.0,0.0,0.0,0.0,0.0,0.0
0.01995,0.26775,0.0,0.0,0.0,0.0,0.0,0.0,0.0,0.0
0.01995,0.27125,0.0,0.0,0.0,0.0,0.0,0.0,0.0,0.0
0.01995,0.27475,0.0,0.0,0.0,0.0,0.0,0.0,0.0,0.0
0.01995,0.27825,0.0,0.0,0.0,0.0,0.0,0.0,0.0,0.0
0.01995,0.28175,0.0,0.0,0.0,0.0,0.0,0.0,0.0,0.0
0.01995,0.28525,0.0,0.0,0.0,0.0,0.0,0.0,0.0,0.0
0.01995,0.28875,0.0,0.0,0.0,0.0,0.0,0.0,0.0,0.0
0.01995,0.29225,0.0,0.0,0.0,0.0,0.0,0.0,0.0,0.0
0.01995,0.29575,0.0,0.0,0.0,0.0,0.0,0.0,0.0,0.0
0.01995,0.29925,0.0,0.0,0.0,0.0,0.0,0.0,0.0,0.0
0.01995,0.30275,0.0,0.0,0.0,0.0,0.0,0.0,0.0,0.0
0.01995,0.30624999999999997,0.0,0.0,0.0,0.0,0.0,0.0,0.0,0.0
0.01995,0.30974999999999997,0.0,0.0,0.0,0.0,0.0,0.0,0.0,0.0
0.01995,0.31325,0.0,0.0,0.0,0.0,0.0,0.0,0.0,0.0
0.01995,0.31675,0.0,0.0,0.0,0.0,0.0,0.0,0.0,0.0
0.01995,0.32025,0.0,0.0,0.0,0.0,0.0,0.0,0.0,0.0
0.01995,0.32375,0.0,0.0,0.0,0.0,0.0,0.0,0.0,0.0
0.01995,0.32725,0.0,0.0,0.0,0.0,0.0,0.0,0.0,0.0
0.01995,0.33075,0.0,0.0,0.0,0.0,0.0,0.0,0.0,0.0
0.01995,0.33425,0.0,0.0,0.0,0.0,0.0,0.0,0.0,0.0
0.01995,0.33775,0.0,0.0,0.0,0.0,0.0,0.0,0.0,0.0
0.01995,0.34125,0.0,0.0,0.0,0.0,0.0,0.0,0.0,0.0
0.01995,0.34475,0.0,0.0,0.0,0.0,0.0,0.0,0.0,0.0
0.01995,0.34825,0.0,0.0,0.0,0.0,0.0,0.0,0.0,0.0
0.02025,0.00175,0.0,0.0,0.0,0.0,0.0,0.0,0.0,0.0
0.02025,0.0052499999999999995,0.0,0.0,0.0,0.0,0.0,0.0,0.0,0.0
0.02025,0.008749999999999999,0.0,0.0,0.0,0.0,0.0,0.0,0.0,0.0
0.02025,0.01225,0.0,0.0,0.0,0.0,0.0,0.0,0.0,0.0
0.02025,0.01575,0.0,0.0,0.0,0.0,0.0,0.0,0.0,0.0
0.02025,0.01925,123108.0,0.010174344355526117,3.976731481655006e-5,-0.10648397575969046,-5.5132491003804205,166.04441266948035,251.3958079400501,1.1822841974884983
0.02025,0.02275,511289.0,0.01006183850904413,3.832126670456162e-5,0.11189198245445668,-2.3845856542841157,169.61004909126277,241.6802252097722,-1.2765117262582768
0.02025,0.02625,877166.0,0.009970550786840204,3.871822133372497e-5,-0.09255057914177413,-1.1584497326812453,170.31987660786342,241.75283246118792,-0.5054265358476573
0.02025,0.02975,1.260166e6,0.00984395525635655,3.8121641783827535e-5,0.02864569698335514,-0.7409137244257394,168.86768999930305,243.37686604049358,0.5030652764471365
0.02025,0.03325,1.54337e6,0.009832253652402085,3.8875828870332e-5,0.02135652900615095,-0.5102047600353355,168.93913884008694,243.35611331009892,-0.46218241966480544
0.02025,0.03675,1.823162e6,0.009976347705823882,3.999443194764237e-5,0.007716102176801708,-0.22017354202082737,169.85738050537503,241.5652314866676,-0.02178055583860698
0.02025,0.04025,1.886842e6,0.010351007609061278,4.17155397672431e-5,0.03716046909766618,0.03814867680177007,169.44691665341333,243.22403601040222,0.17192924545378255
0.02025,0.04375,1.821921e6,0.010824702720439224,4.392688427806852e-5,-0.0152560638713986,0.5334479950531427,169.96340300735307,243.22944351157867,0.7531859376893113
0.02025,0.04725,1.566332e6,0.011318947435779188,4.390448863119147e-5,-0.011104042680137169,0.6281338179729257,169.29337273313732,243.53807435092457,0.7687512339495126
0.02025,0.050749999999999997,1.284544e6,0.011938468585366999,4.48915712756983e-5,0.038972037659641176,0.8181803658127617,168.79818245589328,244.267761976836,-0.09359519811532323
0.02025,0.05425,995375.0,0.012524626879736035,4.6815798592247335e-5,-0.07760434287931658,1.1920640894406065,170.09870392875374,243.0116607836,0.18153273909195014
0.02025,0.057749999999999996,656630.0,0.012943194649245806,4.602945010486922e-5,0.036970458163149665,1.6667718224631252,169.5072107319286,243.83246766912117,-0.6509118744255679
0.02025,0.06125,324608.0,0.013203220054253843,4.7588042310016506e-5,0.0868163481710748,3.169697873584966,168.06709808728436,243.96925001999426,-0.15083492914732025
0.02025,0.06475,16332.0,0.013438448013849436,4.846809769141581e-5,0.12334605027018408,8.964179693600723,168.08950368234943,256.64092548403113,1.693216900489031
0.02025,0.06824999999999999,0.0,0.0,0.0,0.0,0.0,0.0,0.0,0.0
0.02025,0.07175,0.0,0.0,0.0,0.0,0.0,0.0,0.0,0.0
0.02025,0.07525,0.0,0.0,0.0,0.0,0.0,0.0,0.0,0.0
0.02025,0.07875,0.0,0.0,0.0,0.0,0.0,0.0,0.0,0.0
0.02025,0.08225,0.0,0.0,0.0,0.0,0.0,0.0,0.0,0.0
0.02025,0.08574999999999999,0.0,0.0,0.0,0.0,0.0,0.0,0.0,0.0
0.02025,0.08925,0.0,0.0,0.0,0.0,0.0,0.0,0.0,0.0
0.02025,0.09275,0.0,0.0,0.0,0.0,0.0,0.0,0.0,0.0
0.02025,0.09625,0.0,0.0,0.0,0.0,0.0,0.0,0.0,0.0
0.02025,0.09974999999999999,0.0,0.0,0.0,0.0,0.0,0.0,0.0,0.0
0.02025,0.10325,0.0,0.0,0.0,0.0,0.0,0.0,0.0,0.0
0.02025,0.10675,0.0,0.0,0.0,0.0,0.0,0.0,0.0,0.0
0.02025,0.11025,0.0,0.0,0.0,0.0,0.0,0.0,0.0,0.0
0.02025,0.11374999999999999,3.0,0.029353747241231187,0.0001039753612980627,-1.365140229854532,7.411008552117269,5.803195754723699,76.84317826726955,-1.4470873322995867
0.02025,0.11725,1.0,0.012134156661155929,0.0,-1.2994163554382383,15.718213345484743,1.688482864780394,247.06223077417468,-20.424503499390465
0.02025,0.12075,0.0,0.0,0.0,0.0,0.0,0.0,0.0,0.0
0.02025,0.12425,0.0,0.0,0.0,0.0,0.0,0.0,0.0,0.0
0.02025,0.12775,0.0,0.0,0.0,0.0,0.0,0.0,0.0,0.0
0.02025,0.13125,1.0,0.015432423247155195,0.0,0.2226180443527329,21.054931484023967,0.049558793671435356,443.3101397969437,4.6872076709542005
0.02025,0.13475,1.0,0.04134731879245991,0.0,-0.36444301259295336,24.79994294493732,0.13281870942782756,615.0371700721464,-9.038165918986317
0.02025,0.13824999999999998,1.0,0.016815049681197132,0.0,-1.1782742029630189,30.580543490992678,1.3883300973681374,935.1696402044946,-36.03226550802533
0.02025,0.14175,0.0,0.0,0.0,0.0,0.0,0.0,0.0,0.0
0.02025,0.14525,1.0,0.021203818313895943,0.0,1.167023063986107,36.023353855299106,1.3619428318755211,1297.682022984093,42.04008479126691
0.02025,0.14875,0.0,0.0,0.0,0.0,0.0,0.0,0.0,0.0
0.02025,0.15225,2.0,0.031006356262208944,2.4054177735914673e-6,-0.3143376218380198,30.60788180904914,0.19117209420022785,939.5495054802518,-10.121245077796468
0.02025,0.15575,0.0,0.0,0.0,0.0,0.0,0.0,0.0,0.0
0.02025,0.15925,0.0,0.0,0.0,0.0,0.0,0.0,0.0,0.0
0.02025,0.16275,0.0,0.0,0.0,0.0,0.0,0.0,0.0,0.0
0.02025,0.16625,0.0,0.0,0.0,0.0,0.0,0.0,0.0,0.0
0.02025,0.16974999999999998,0.0,0.0,0.0,0.0,0.0,0.0,0.0,0.0
0.02025,0.17325,0.0,0.0,0.0,0.0,0.0,0.0,0.0,0.0
0.02025,0.17675,0.0,0.0,0.0,0.0,0.0,0.0,0.0,0.0
0.02025,0.18025,0.0,0.0,0.0,0.0,0.0,0.0,0.0,0.0
0.02025,0.18375,0.0,0.0,0.0,0.0,0.0,0.0,0.0,0.0
0.02025,0.18725,0.0,0.0,0.0,0.0,0.0,0.0,0.0,0.0
0.02025,0.19075,0.0,0.0,0.0,0.0,0.0,0.0,0.0,0.0
0.02025,0.19425,0.0,0.0,0.0,0.0,0.0,0.0,0.0,0.0
0.02025,0.19774999999999998,0.0,0.0,0.0,0.0,0.0,0.0,0.0,0.0
0.02025,0.20124999999999998,0.0,0.0,0.0,0.0,0.0,0.0,0.0,0.0
0.02025,0.20475,0.0,0.0,0.0,0.0,0.0,0.0,0.0,0.0
0.02025,0.20825,1.0,0.026176686126373402,0.0,2.52202751442942,32.04163221466497,6.360622783539038,1026.666194979856,80.80987805261313
0.02025,0.21175,0.0,0.0,0.0,0.0,0.0,0.0,0.0,0.0
0.02025,0.21525,1.0,0.05285551133542888,0.0,-0.5836049134018446,35.88458900400344,0.3405946949467746,1287.7037279862445,-20.94242245814221
0.02025,0.21875,2.0,0.01920904498526395,1.041906144156102e-6,2.573883084766245,29.16343500687421,6.90075505033586,892.2174126600461,78.45552778393218
0.02025,0.22225,0.0,0.0,0.0,0.0,0.0,0.0,0.0,0.0
0.02025,0.22575,2.0,0.023501886330219997,8.25919564144047e-7,1.2782245683090987,36.67175891674733,6.954934091309133,1344.8261452971522,46.66530836288726
0.02025,0.22924999999999998,0.0,0.0,0.0,0.0,0.0,0.0,0.0,0.0
0.02025,0.23274999999999998,0.0,0.0,0.0,0.0,0.0,0.0,0.0,0.0
0.02025,0.23625,0.0,0.0,0.0,0.0,0.0,0.0,0.0,0.0
0.02025,0.23975,0.0,0.0,0.0,0.0,0.0,0.0,0.0,0.0
0.02025,0.24325,0.0,0.0,0.0,0.0,0.0,0.0,0.0,0.0
0.02025,0.24675,0.0,0.0,0.0,0.0,0.0,0.0,0.0,0.0
0.02025,0.25025,0.0,0.0,0.0,0.0,0.0,0.0,0.0,0.0
0.02025,0.25375,0.0,0.0,0.0,0.0,0.0,0.0,0.0,0.0
0.02025,0.25725,0.0,0.0,0.0,0.0,0.0,0.0,0.0,0.0
0.02025,0.26075,0.0,0.0,0.0,0.0,0.0,0.0,0.0,0.0
0.02025,0.26425,0.0,0.0,0.0,0.0,0.0,0.0,0.0,0.0
0.02025,0.26775,0.0,0.0,0.0,0.0,0.0,0.0,0.0,0.0
0.02025,0.27125,0.0,0.0,0.0,0.0,0.0,0.0,0.0,0.0
0.02025,0.27475,0.0,0.0,0.0,0.0,0.0,0.0,0.0,0.0
0.02025,0.27825,0.0,0.0,0.0,0.0,0.0,0.0,0.0,0.0
0.02025,0.28175,0.0,0.0,0.0,0.0,0.0,0.0,0.0,0.0
0.02025,0.28525,0.0,0.0,0.0,0.0,0.0,0.0,0.0,0.0
0.02025,0.28875,0.0,0.0,0.0,0.0,0.0,0.0,0.0,0.0
0.02025,0.29225,0.0,0.0,0.0,0.0,0.0,0.0,0.0,0.0
0.02025,0.29575,0.0,0.0,0.0,0.0,0.0,0.0,0.0,0.0
0.02025,0.29925,0.0,0.0,0.0,0.0,0.0,0.0,0.0,0.0
0.02025,0.30275,0.0,0.0,0.0,0.0,0.0,0.0,0.0,0.0
0.02025,0.30624999999999997,0.0,0.0,0.0,0.0,0.0,0.0,0.0,0.0
0.02025,0.30974999999999997,0.0,0.0,0.0,0.0,0.0,0.0,0.0,0.0
0.02025,0.31325,0.0,0.0,0.0,0.0,0.0,0.0,0.0,0.0
0.02025,0.31675,0.0,0.0,0.0,0.0,0.0,0.0,0.0,0.0
0.02025,0.32025,0.0,0.0,0.0,0.0,0.0,0.0,0.0,0.0
0.02025,0.32375,0.0,0.0,0.0,0.0,0.0,0.0,0.0,0.0
0.02025,0.32725,0.0,0.0,0.0,0.0,0.0,0.0,0.0,0.0
0.02025,0.33075,0.0,0.0,0.0,0.0,0.0,0.0,0.0,0.0
0.02025,0.33425,0.0,0.0,0.0,0.0,0.0,0.0,0.0,0.0
0.02025,0.33775,0.0,0.0,0.0,0.0,0.0,0.0,0.0,0.0
0.02025,0.34125,0.0,0.0,0.0,0.0,0.0,0.0,0.0,0.0
0.02025,0.34475,0.0,0.0,0.0,0.0,0.0,0.0,0.0,0.0
0.02025,0.34825,0.0,0.0,0.0,0.0,0.0,0.0,0.0,0.0
0.02055,0.00175,0.0,0.0,0.0,0.0,0.0,0.0,0.0,0.0
0.02055,0.0052499999999999995,0.0,0.0,0.0,0.0,0.0,0.0,0.0,0.0
0.02055,0.008749999999999999,0.0,0.0,0.0,0.0,0.0,0.0,0.0,0.0
0.02055,0.01225,0.0,0.0,0.0,0.0,0.0,0.0,0.0,0.0
0.02055,0.01575,0.0,0.0,0.0,0.0,0.0,0.0,0.0,0.0
0.02055,0.01925,106691.0,0.010202124817845201,3.933088677395694e-5,-0.0768642125945053,-5.300292812150179,166.14816939065142,247.14970858686107,1.3314441575460505
0.02055,0.02275,444559.0,0.01002765275738376,3.779636270016854e-5,-0.03188500754571226,-2.4592037527712836,168.05032045691368,242.4649133173562,-0.6092365004802259
0.02055,0.02625,767925.0,0.010008537501116636,3.8819451494973375e-5,-0.024729280277245046,-1.2610524721580008,168.34024766167474,241.99932638002483,0.9093860653523707
0.02055,0.02975,1.095199e6,0.009841390185314951,3.7224806269039476e-5,0.05529356646389919,-0.7427339119945051,170.11163825483587,242.70293063289785,0.3443205722934362
0.02055,0.03325,1.342382e6,0.009872220537906647,3.93153206768888e-5,-0.0125005479814539,-0.39922209310524076,169.43168938222948,242.20355747683112,0.13929457400830775
0.02055,0.03675,1.569552e6,0.01003701633239616,4.0192070827532774e-5,0.0235006518122704,-0.11848404208313564,168.9757925760084,243.25902081882725,0.5922902973830019
0.02055,0.04025,1.624876e6,0.010378448008480841,4.153660823738802e-5,-0.04483219088482304,0.0793932948461849,167.62386237681872,242.07025922097287,-0.5101238977291681
0.02055,0.04375,1.596237e6,0.010834806374351011,4.3332687649872636e-5,-0.027050532385025867,0.48458997594003034,169.5306091663405,243.60270202874491,0.2554758873355929
0.02055,0.04725,1.359489e6,0.011342786805254714,4.4623389222535966e-5,0.0035136872089324847,0.5298515927064851,170.0094205081355,243.3273103369139,0.37163896298902727
0.02055,0.050749999999999997,1.111927e6,0.01194377878289313,4.4825585547897426e-5,0.006408796839726543,0.904163721105189,169.72132626385297,243.67575814985568,-1.0296860975307955
0.02055,0.05425,857378.0,0.012527341384094318,4.6027818962232826e-5,-0.04465618599116329,1.2098300976624565,170.2871090569322,243.22872398616065,0.43864323737730776
0.02055,0.057749999999999996,577216.0,0.0129218481878167,4.6130604679826413e-5,0.059017827657486005,1.6959866469830658,166.81425009453977,243.4370527192337,-0.0728328906628516
0.02055,0.06125,285195.0,0.013207940627185152,4.641990048911488e-5,-0.06847123811217538,3.16738656632701,167.96569746164536,244.33732844793434,-0.7153499642077564
0.02055,0.06475,14515.0,0.013291150600657609,5.1075187084062036e-5,-0.08625183413630588,8.965164795233639,165.88892192395897,269.6327942783904,-2.0445308802720485
0.02055,0.06824999999999999,0.0,0.0,0.0,0.0,0.0,0.0,0.0,0.0
0.02055,0.07175,0.0,0.0,0.0,0.0,0.0,0.0,0.0,0.0
0.02055,0.07525,0.0,0.0,0.0,0.0,0.0,0.0,0.0,0.0
0.02055,0.07875,0.0,0.0,0.0,0.0,0.0,0.0,0.0,0.0
0.02055,0.08225,0.0,0.0,0.0,0.0,0.0,0.0,0.0,0.0
0.02055,0.08574999999999999,0.0,0.0,0.0,0.0,0.0,0.0,0.0,0.0
0.02055,0.08925,0.0,0.0,0.0,0.0,0.0,0.0,0.0,0.0
0.02055,0.09275,0.0,0.0,0.0,0.0,0.0,0.0,0.0,0.0
0.02055,0.09625,0.0,0.0,0.0,0.0,0.0,0.0,0.0,0.0
0.02055,0.09974999999999999,0.0,0.0,0.0,0.0,0.0,0.0,0.0,0.0
0.02055,0.10325,0.0,0.0,0.0,0.0,0.0,0.0,0.0,0.0
0.02055,0.10675,0.0,0.0,0.0,0.0,0.0,0.0,0.0,0.0
0.02055,0.11025,0.0,0.0,0.0,0.0,0.0,0.0,0.0,0.0
0.02055,0.11374999999999999,0.0,0.0,0.0,0.0,0.0,0.0,0.0,0.0
0.02055,0.11725,0.0,0.0,0.0,0.0,0.0,0.0,0.0,0.0
0.02055,0.12075,0.0,0.0,0.0,0.0,0.0,0.0,0.0,0.0
0.02055,0.12425,0.0,0.0,0.0,0.0,0.0,0.0,0.0,0.0
0.02055,0.12775,2.0,0.04346801824962056,9.891034965854615e-7,-1.3610757238865647,24.389089782470833,2.2025150246761367,608.4626389496236,-31.010892712839297
0.02055,0.13125,2.0,0.03395691314225181,0.00025736685356787765,1.5587599401848644,25.163012422659065,7.765823154132072,639.4042651675975,44.98748772459556
0.02055,0.13475,0.0,0.0,0.0,0.0,0.0,0.0,0.0,0.0
0.02055,0.13824999999999998,2.0,0.0213377802421461,1.171504091227795e-5,1.5767867016111063,30.224144907190315,2.806111131428457,917.3886832044184,46.54161296142121
0.02055,0.14175,1.0,0.03057791478016742,0.0,2.145174209223553,36.38582397629553,4.6017723879178964,1323.9281864339623,78.05393117529715
0.02055,0.14525,1.0,0.03286652236261624,0.0,2.5432992263555487,23.979052343422545,6.468370954780733,574.9949512885983,60.985905273765766
0.02055,0.14875,0.0,0.0,0.0,0.0,0.0,0.0,0.0,0.0
0.02055,0.15225,0.0,0.0,0.0,0.0,0.0,0.0,0.0,0.0
0.02055,0.15575,1.0,0.013936693730074574,0.0,-1.0345296060537688,29.428790078986104,1.070251505801766,866.0536855130309,-30.44495460705255
0.02055,0.15925,0.0,0.0,0.0,0.0,0.0,0.0,0.0,0.0
0.02055,0.16275,0.0,0.0,0.0,0.0,0.0,0.0,0.0,0.0
0.02055,0.16625,2.0,0.025340240839003263,3.0069320704407884e-6,-0.7207332409472715,32.90959522405528,1.7031653293797504,1086.6168397171502,-21.661805287084732
0.02055,0.16974999999999998,0.0,0.0,0.0,0.0,0.0,0.0,0.0,0.0
0.02055,0.17325,0.0,0.0,0.0,0.0,0.0,0.0,0.0,0.0
0.02055,0.17675,0.0,0.0,0.0,0.0,0.0,0.0,0.0,0.0
0.02055,0.18025,0.0,0.0,0.0,0.0,0.0,0.0,0.0,0.0
0.02055,0.18375,0.0,0.0,0.0,0.0,0.0,0.0,0.0,0.0
0.02055,0.18725,0.0,0.0,0.0,0.0,0.0,0.0,0.0,0.0
0.02055,0.19075,0.0,0.0,0.0,0.0,0.0,0.0,0.0,0.0
0.02055,0.19425,0.0,0.0,0.0,0.0,0.0,0.0,0.0,0.0
0.02055,0.19774999999999998,0.0,0.0,0.0,0.0,0.0,0.0,0.0,0.0
0.02055,0.20124999999999998,1.0,0.024775171244889434,0.0,-0.24500922959708432,31.157379372320968,0.06002952258775678,970.7822893507322,-7.633845516276447
0.02055,0.20475,0.0,0.0,0.0,0.0,0.0,0.0,0.0,0.0
0.02055,0.20825,0.0,0.0,0.0,0.0,0.0,0.0,0.0,0.0
0.02055,0.21175,0.0,0.0,0.0,0.0,0.0,0.0,0.0,0.0
0.02055,0.21525,1.0,0.04661143191036415,0.0,-3.7351607196536842,19.573549350572854,13.951425601643829,383.123834179311,-73.1103526784626
0.02055,0.21875,1.0,0.027122592001516746,0.0,-2.613455474134387,33.969062825281014,6.830149515282994,1153.8972292278886,-88.77663319194558
0.02055,0.22225,1.0,0.0386193930947267,0.0,6.314960088024906,22.300064251124255,39.87872091334752,497.29286560426993,140.8240157062407
0.02055,0.22575,0.0,0.0,0.0,0.0,0.0,0.0,0.0,0.0
0.02055,0.22924999999999998,1.0,0.020168409694721147,0.0,0.05897162688664072,32.780196985611745,0.0034776527776571664,1074.5413144155093,1.9331015459060805
0.02055,0.23274999999999998,0.0,0.0,0.0,0.0,0.0,0.0,0.0,0.0
0.02055,0.23625,0.0,0.0,0.0,0.0,0.0,0.0,0.0,0.0
0.02055,0.23975,0.0,0.0,0.0,0.0,0.0,0.0,0.0,0.0
0.02055,0.24325,0.0,0.0,0.0,0.0,0.0,0.0,0.0,0.0
0.02055,0.24675,0.0,0.0,0.0,0.0,0.0,0.0,0.0,0.0
0.02055,0.25025,2.0,0.022570550457128802,9.457203450262648e-6,2.660448795975107,39.162660731209144,7.080795728049894,1550.207694103587,103.97504860652907
0.02055,0.25375,0.0,0.0,0.0,0.0,0.0,0.0,0.0,0.0
0.02055,0.25725,0.0,0.0,0.0,0.0,0.0,0.0,0.0,0.0
0.02055,0.26075,0.0,0.0,0.0,0.0,0.0,0.0,0.0,0.0
0.02055,0.26425,0.0,0.0,0.0,0.0,0.0,0.0,0.0,0.0
0.02055,0.26775,0.0,0.0,0.0,0.0,0.0,0.0,0.0,0.0
0.02055,0.27125,0.0,0.0,0.0,0.0,0.0,0.0,0.0,0.0
0.02055,0.27475,0.0,0.0,0.0,0.0,0.0,0.0,0.0,0.0
0.02055,0.27825,0.0,0.0,0.0,0.0,0.0,0.0,0.0,0.0
0.02055,0.28175,0.0,0.0,0.0,0.0,0.0,0.0,0.0,0.0
0.02055,0.28525,1.0,0.03406120290282468,0.0,0.4404021414339865,36.542186429353144,0.19395404617964104,1335.3313890376012,16.093257156167084
0.02055,0.28875,0.0,0.0,0.0,0.0,0.0,0.0,0.0,0.0
0.02055,0.29225,0.0,0.0,0.0,0.0,0.0,0.0,0.0,0.0
0.02055,0.29575,0.0,0.0,0.0,0.0,0.0,0.0,0.0,0.0
0.02055,0.29925,0.0,0.0,0.0,0.0,0.0,0.0,0.0,0.0
0.02055,0.30275,0.0,0.0,0.0,0.0,0.0,0.0,0.0,0.0
0.02055,0.30624999999999997,0.0,0.0,0.0,0.0,0.0,0.0,0.0,0.0
0.02055,0.30974999999999997,0.0,0.0,0.0,0.0,0.0,0.0,0.0,0.0
0.02055,0.31325,0.0,0.0,0.0,0.0,0.0,0.0,0.0,0.0
0.02055,0.31675,0.0,0.0,0.0,0.0,0.0,0.0,0.0,0.0
0.02055,0.32025,0.0,0.0,0.0,0.0,0.0,0.0,0.0,0.0
0.02055,0.32375,0.0,0.0,0.0,0.0,0.0,0.0,0.0,0.0
0.02055,0.32725,0.0,0.0,0.0,0.0,0.0,0.0,0.0,0.0
0.02055,0.33075,0.0,0.0,0.0,0.0,0.0,0.0,0.0,0.0
0.02055,0.33425,0.0,0.0,0.0,0.0,0.0,0.0,0.0,0.0
0.02055,0.33775,0.0,0.0,0.0,0.0,0.0,0.0,0.0,0.0
0.02055,0.34125,0.0,0.0,0.0,0.0,0.0,0.0,0.0,0.0
0.02055,0.34475,0.0,0.0,0.0,0.0,0.0,0.0,0.0,0.0
0.02055,0.34825,1.0,0.023405683074773836,0.0,-0.7421645968775686,33.21384602900454,0.550808288858444,1103.159568038421,-24.65014064886979
0.02085,0.00175,0.0,0.0,0.0,0.0,0.0,0.0,0.0,0.0
0.02085,0.0052499999999999995,0.0,0.0,0.0,0.0,0.0,0.0,0.0,0.0
0.02085,0.008749999999999999,0.0,0.0,0.0,0.0,0.0,0.0,0.0,0.0
0.02085,0.01225,0.0,0.0,0.0,0.0,0.0,0.0,0.0,0.0
0.02085,0.01575,0.0,0.0,0.0,0.0,0.0,0.0,0.0,0.0
0.02085,0.01925,89563.0,0.010176213185305925,3.810350693769711e-5,0.08134327793893556,-5.355532285106578,167.3850115509531,253.61619914482037,1.1418867909083348
0.02085,0.02275,376323.0,0.010086114302494235,3.8190998652205356e-5,-0.02621508017355995,-2.4347118392990637,168.5590875590245,241.6576219371955,2.268114493820168
0.02085,0.02625,645242.0,0.009974524166652355,3.783072200311912e-5,-0.014334668864833673,-1.233028548578486,170.7022532302841,240.93509763750538,-0.015255176741914851
0.02085,0.02975,918385.0,0.009864839335358082,3.7791223101185154e-5,-0.03492442023468303,-0.81766438963792,169.50192209819352,242.49679542765244,-0.35758478053077647
0.02085,0.03325,1.129296e6,0.009944546138399648,3.98882474061947e-5,-0.017737005966041344,-0.5029474311845973,168.85620509147083,242.6897581419569,0.04126229621290689
0.02085,0.03675,1.326911e6,0.01006985475346729,4.016131271037192e-5,0.07341476220747686,-0.09541842256506687,168.54685562923922,242.49351804188026,0.003515035368258511
0.02085,0.04025,1.373505e6,0.010391871187780887,4.171409314372858e-5,-0.006466605581211507,0.11048783386327633,168.32989176537578,241.57295275072298,-0.38890925129573467
0.02085,0.04375,1.336431e6,0.010822690010274635,4.3100032673015115e-5,0.00166809237602258,0.48201085334445726,169.64315226513676,243.6088652019025,0.6912155894151809
0.02085,0.04725,1.148982e6,0.01136532688529438,4.416628031487883e-5,0.045485702079996984,0.5172587877160513,169.63417303174208,244.43379732350837,0.04860846214818382
0.02085,0.050749999999999997,940782.0,0.012008488641716747,4.530902193052581e-5,-0.01415891278428417,0.7734530539053027,169.46405120827342,243.64145137829797,0.1498422080370449
0.02085,0.05425,727795.0,0.012498122848993426,4.501508924874715e-5,0.03275923426481365,1.1273917822707764,168.68973574487526,245.54394362448866,0.2658655800780968
0.02085,0.057749999999999996,486678.0,0.012952678509907731,4.629312358839877e-5,0.0712423102189044,1.7001833662975188,170.51219359234236,245.36494582788723,-0.3518607779079947
0.02085,0.06125,238058.0,0.013212029159600661,4.6682294925158085e-5,-0.08893742847510623,3.1861445333972886,167.66300447392706,246.52056130750574,-0.26552464141744025
0.02085,0.06475,12591.0,0.013254506939774117,4.56848283324625e-5,0.11793460001673613,8.854900730127103,159.82425913829385,262.3112720455101,-2.3775447838279207
0.02085,0.06824999999999999,0.0,0.0,0.0,0.0,0.0,0.0,0.0,0.0
0.02085,0.07175,0.0,0.0,0.0,0.0,0.0,0.0,0.0,0.0
0.02085,0.07525,0.0,0.0,0.0,0.0,0.0,0.0,0.0,0.0
0.02085,0.07875,0.0,0.0,0.0,0.0,0.0,0.0,0.0,0.0
0.02085,0.08225,0.0,0.0,0.0,0.0,0.0,0.0,0.0,0.0
0.02085,0.08574999999999999,0.0,0.0,0.0,0.0,0.0,0.0,0.0,0.0
0.02085,0.08925,0.0,0.0,0.0,0.0,0.0,0.0,0.0,0.0
0.02085,0.09275,0.0,0.0,0.0,0.0,0.0,0.0,0.0,0.0
0.02085,0.09625,0.0,0.0,0.0,0.0,0.0,0.0,0.0,0.0
0.02085,0.09974999999999999,0.0,0.0,0.0,0.0,0.0,0.0,0.0,0.0
0.02085,0.10325,0.0,0.0,0.0,0.0,0.0,0.0,0.0,0.0
0.02085,0.10675,0.0,0.0,0.0,0.0,0.0,0.0,0.0,0.0
0.02085,0.11025,0.0,0.0,0.0,0.0,0.0,0.0,0.0,0.0
0.02085,0.11374999999999999,0.0,0.0,0.0,0.0,0.0,0.0,0.0,0.0
0.02085,0.11725,0.0,0.0,0.0,0.0,0.0,0.0,0.0,0.0
0.02085,0.12075,0.0,0.0,0.0,0.0,0.0,0.0,0.0,0.0
0.02085,0.12425,1.0,0.02763479790376864,0.0,-1.6704288544248143,19.62488205161477,2.790332557694997,385.1359955397915,-32.781969243700956
0.02085,0.12775,1.0,0.023031279082902853,0.0,2.307721004548848,21.218469025976177,5.3255762348359434,450.2234278063104,48.96630665561435
0.02085,0.13125,0.0,0.0,0.0,0.0,0.0,0.0,0.0,0.0
0.02085,0.13475,1.0,0.014054348617309694,0.0,-0.9620816856320525,33.99256077066329,0.9256011698286116,1155.4941877472368,-32.70362016518972
0.02085,0.13824999999999998,2.0,0.025147008701708558,1.8613750000811822e-8,0.187314650168091,29.017660479934065,0.8590296159109321,842.6949223692548,6.1785957971713685
0.02085,0.14175,1.0,0.017008348789720237,0.0,0.7148232354348711,9.4676138410665,0.5109722579175772,89.63571184355396,6.7676703577191235
0.02085,0.14525,3.0,0.03362477064584687,0.00024338399607478977,0.5113364576089228,33.22489238147059,2.251587076429636,1108.0622519534868,19.76415500428435
0.02085,0.14875,1.0,0.018189948887719378,0.0,0.8804189259926134,10.08734994154458,0.7751374852459869,101.75462884317946,8.881093801646331
0.02085,0.15225,1.0,0.020043170975550764,0.0,1.275841397707766,34.31921731410211,1.627771272104906,1177.808677052566,43.785878186260604
0.02085,0.15575,1.0,0.021434130506831697,0.0,-0.7599262283316215,33.89882953146032,0.5774878725063237,1149.1306436030065,-25.760609670699232
0.02085,0.15925,0.0,0.0,0.0,0.0,0.0,0.0,0.0,0.0
0.02085,0.16275,0.0,0.0,0.0,0.0,0.0,0.0,0.0,0.0
0.02085,0.16625,0.0,0.0,0.0,0.0,0.0,0.0,0.0,0.0
0.02085,0.16974999999999998,1.0,0.023365904983138043,0.0,-0.6123598251180348,48.41247202671081,0.3749845554185901,2343.7674477370565,-29.645852903808382
0.02085,0.17325,0.0,0.0,0.0,0.0,0.0,0.0,0.0,0.0
0.02085,0.17675,0.0,0.0,0.0,0.0,0.0,0.0,0.0,0.0
0.02085,0.18025,0.0,0.0,0.0,0.0,0.0,0.0,0.0,0.0
0.02085,0.18375,0.0,0.0,0.0,0.0,0.0,0.0,0.0,0.0
0.02085,0.18725,0.0,0.0,0.0,0.0,0.0,0.0,0.0,0.0
0.02085,0.19075,1.0,0.029149291806382933,0.0,0.7573713992038931,32.76083439491197,0.5736114363320628,1073.272270250847,24.8121189847615
0.02085,0.19425,2.0,0.03182257701415295,1.0457337138521721e-6,0.5303483934816564,31.2805514896637,0.2840063295866112,1022.1288348946587,16.243927953136357
0.02085,0.19774999999999998,0.0,0.0,0.0,0.0,0.0,0.0,0.0,0.0
0.02085,0.20124999999999998,1.0,0.022971982790277845,0.0,0.776506746718878,29.845067329347344,0.6029627276999358,890.7280438932762,23.17489613751738
0.02085,0.20475,0.0,0.0,0.0,0.0,0.0,0.0,0.0,0.0
0.02085,0.20825,0.0,0.0,0.0,0.0,0.0,0.0,0.0,0.0
0.02085,0.21175,0.0,0.0,0.0,0.0,0.0,0.0,0.0,0.0
0.02085,0.21525,2.0,0.023289302976712355,1.7985756534657502e-5,-1.2380602338530504,33.78966845149941,5.508809096095805,1145.332139457468,-45.61196034523495
0.02085,0.21875,0.0,0.0,0.0,0.0,0.0,0.0,0.0,0.0
0.02085,0.22225,1.0,0.01875436814890564,0.0,-2.5235598816745495,28.209176511709853,6.368354476397267,795.7576394688028,-71.187546140027
0.02085,0.22575,1.0,0.028291850158457612,0.0,1.9631128238343745,24.04886087494851,3.8538119591029716,578.3477093826292,47.21062718222017
0.02085,0.22924999999999998,0.0,0.0,0.0,0.0,0.0,0.0,0.0,0.0
0.02085,0.23274999999999998,1.0,0.02897101454692735,0.0,-1.1335964699792553,35.75668876692756,1.2850409567494288,1278.5407915749236,-40.53365616433597
0.02085,0.23625,0.0,0.0,0.0,0.0,0.0,0.0,0.0,0.0
0.02085,0.23975,0.0,0.0,0.0,0.0,0.0,0.0,0.0,0.0
0.02085,0.24325,0.0,0.0,0.0,0.0,0.0,0.0,0.0,0.0
0.02085,0.24675,0.0,0.0,0.0,0.0,0.0,0.0,0.0,0.0
0.02085,0.25025,0.0,0.0,0.0,0.0,0.0,0.0,0.0,0.0
0.02085,0.25375,0.0,0.0,0.0,0.0,0.0,0.0,0.0,0.0
0.02085,0.25725,2.0,0.03945765462870271,0.00022110291673181246,-1.7207923691324005,29.06239724049932,3.0313364671571685,845.3333942607564,-49.78700968191659
0.02085,0.26075,1.0,0.03161459957805202,0.0,-1.4746947919515778,31.71605089454687,2.174724729409107,1005.9078843454874,-46.771495075459455
0.02085,0.26425,0.0,0.0,0.0,0.0,0.0,0.0,0.0,0.0
0.02085,0.26775,0.0,0.0,0.0,0.0,0.0,0.0,0.0,0.0
0.02085,0.27125,0.0,0.0,0.0,0.0,0.0,0.0,0.0,0.0
0.02085,0.27475,0.0,0.0,0.0,0.0,0.0,0.0,0.0,0.0
0.02085,0.27825,0.0,0.0,0.0,0.0,0.0,0.0,0.0,0.0
0.02085,0.28175,0.0,0.0,0.0,0.0,0.0,0.0,0.0,0.0
0.02085,0.28525,0.0,0.0,0.0,0.0,0.0,0.0,0.0,0.0
0.02085,0.28875,0.0,0.0,0.0,0.0,0.0,0.0,0.0,0.0
0.02085,0.29225,0.0,0.0,0.0,0.0,0.0,0.0,0.0,0.0
0.02085,0.29575,0.0,0.0,0.0,0.0,0.0,0.0,0.0,0.0
0.02085,0.29925,0.0,0.0,0.0,0.0,0.0,0.0,0.0,0.0
0.02085,0.30275,0.0,0.0,0.0,0.0,0.0,0.0,0.0,0.0
0.02085,0.30624999999999997,0.0,0.0,0.0,0.0,0.0,0.0,0.0,0.0
0.02085,0.30974999999999997,0.0,0.0,0.0,0.0,0.0,0.0,0.0,0.0
0.02085,0.31325,0.0,0.0,0.0,0.0,0.0,0.0,0.0,0.0
0.02085,0.31675,0.0,0.0,0.0,0.0,0.0,0.0,0.0,0.0
0.02085,0.32025,0.0,0.0,0.0,0.0,0.0,0.0,0.0,0.0
0.02085,0.32375,0.0,0.0,0.0,0.0,0.0,0.0,0.0,0.0
0.02085,0.32725,0.0,0.0,0.0,0.0,0.0,0.0,0.0,0.0
0.02085,0.33075,0.0,0.0,0.0,0.0,0.0,0.0,0.0,0.0
0.02085,0.33425,0.0,0.0,0.0,0.0,0.0,0.0,0.0,0.0
0.02085,0.33775,0.0,0.0,0.0,0.0,0.0,0.0,0.0,0.0
0.02085,0.34125,0.0,0.0,0.0,0.0,0.0,0.0,0.0,0.0
0.02085,0.34475,0.0,0.0,0.0,0.0,0.0,0.0,0.0,0.0
0.02085,0.34825,0.0,0.0,0.0,0.0,0.0,0.0,0.0,0.0
0.02115,0.00175,0.0,0.0,0.0,0.0,0.0,0.0,0.0,0.0
0.02115,0.0052499999999999995,0.0,0.0,0.0,0.0,0.0,0.0,0.0,0.0
0.02115,0.008749999999999999,0.0,0.0,0.0,0.0,0.0,0.0,0.0,0.0
0.02115,0.01225,0.0,0.0,0.0,0.0,0.0,0.0,0.0,0.0
0.02115,0.01575,0.0,0.0,0.0,0.0,0.0,0.0,0.0,0.0
0.02115,0.01925,71174.0,0.010168683402975696,3.8425050871468725e-5,-0.05124419625150587,-5.6257455350444445,169.6300520287748,253.5621900144197,-0.40252939741209814
0.02115,0.02275,299226.0,0.010037069363119537,3.711154618694009e-5,0.06450415616183722,-2.378397428761287,168.70424640162736,245.91668121100173,-1.0410126099086787
0.02115,0.02625,521502.0,0.010007642550960783,3.727817186272206e-5,0.038383889090301854,-1.4078682403390084,170.07757081991426,242.2997945019199,0.40539299506110044
0.02115,0.02975,741463.0,0.009877995313008226,3.7990399237916544e-5,0.008065989490399451,-0.8030687205618597,168.6543882852998,244.0454999263805,-0.3302913751043059
0.02115,0.03325,916122.0,0.009963866052875659,3.959878879897097e-5,0.03055114255510104,-0.6210312563743436,168.73601465656546,244.06869200225128,0.05633776598023005
0.02115,0.03675,1.060193e6,0.010099640430502812,4.0237326587637e-5,0.022505493215396265,-0.08154464802407389,168.89689747454827,243.14649308942512,-0.33216401629963926
0.02115,0.04025,1.096009e6,0.010387566392696942,4.175154253928002e-5,-0.010664708270978332,0.06953373562681792,167.4234297273453,240.30997104639,0.7391057137617972
0.02115,0.04375,1.072362e6,0.010833129524686213,4.275215506318504e-5,0.004480844765074125,0.33320877447376784,167.6517555504944,243.79969167157657,-0.7241461428376139
0.02115,0.04725,935536.0,0.011366334662697706,4.434090491943969e-5,0.039976761017941016,0.576341134972186,168.2973156348125,242.5531432948779,-0.028862867553328477
0.02115,0.050749999999999997,752775.0,0.012049812940650852,4.589601146483272e-5,0.04346263028715574,0.6818919004954973,169.7051733137638,242.4132758714414,0.3006306869832966
0.02115,0.05425,592099.0,0.012522955052574218,4.5897066342494626e-5,-0.02474277926424537,1.1350478954434848,169.45864540397884,244.46906066574854,0.6386708579360106
0.02115,0.057749999999999996,390918.0,0.01297311852928982,4.567013711362937e-5,-0.007220439119708131,1.5934768793060035,170.00251474318165,242.04445511699984,-0.7065695516005638
0.02115,0.06125,192259.0,0.013205206627807746,4.784367864838594e-5,0.03619843138097349,3.2782801650896833,168.11512509051602,240.67807297140493,0.38404524476306995
0.02115,0.06475,9910.0,0.013475548539486973,4.8151973549480534e-5,0.1842299238354912,9.149283934603696,159.2844321443024,262.4915424180192,6.092951333320063
0.02115,0.06824999999999999,0.0,0.0,0.0,0.0,0.0,0.0,0.0,0.0
0.02115,0.07175,0.0,0.0,0.0,0.0,0.0,0.0,0.0,0.0
0.02115,0.07525,0.0,0.0,0.0,0.0,0.0,0.0,0.0,0.0
0.02115,0.07875,0.0,0.0,0.0,0.0,0.0,0.0,0.0,0.0
0.02115,0.08225,0.0,0.0,0.0,0.0,0.0,0.0,0.0,0.0
0.02115,0.08574999999999999,0.0,0.0,0.0,0.0,0.0,0.0,0.0,0.0
0.02115,0.08925,0.0,0.0,0.0,0.0,0.0,0.0,0.0,0.0
0.02115,0.09275,0.0,0.0,0.0,0.0,0.0,0.0,0.0,0.0
0.02115,0.09625,0.0,0.0,0.0,0.0,0.0,0.0,0.0,0.0
0.02115,0.09974999999999999,0.0,0.0,0.0,0.0,0.0,0.0,0.0,0.0
0.02115,0.10325,0.0,0.0,0.0,0.0,0.0,0.0,0.0,0.0
0.02115,0.10675,0.0,0.0,0.0,0.0,0.0,0.0,0.0,0.0
0.02115,0.11025,0.0,0.0,0.0,0.0,0.0,0.0,0.0,0.0
0.02115,0.11374999999999999,0.0,0.0,0.0,0.0,0.0,0.0,0.0,0.0
0.02115,0.11725,0.0,0.0,0.0,0.0,0.0,0.0,0.0,0.0
0.02115,0.12075,1.0,0.02517374182990923,0.0,1.3068642458002022,11.700575416068656,1.7078941569509314,136.9034650671102,15.29106366654895
0.02115,0.12425,1.0,0.027480753918464176,0.0,-0.5347105501722722,13.510224163386594,0.28591537246553406,182.526156944955,-7.224059395355171
0.02115,0.12775,1.0,0.014900142050967704,0.0,2.1064446430073795,21.57671665519099,4.437109034054487,465.5547016183962,45.450159212015166
0.02115,0.13125,0.0,0.0,0.0,0.0,0.0,0.0,0.0,0.0
0.02115,0.13475,0.0,0.0,0.0,0.0,0.0,0.0,0.0,0.0
0.02115,0.13824999999999998,0.0,0.0,0.0,0.0,0.0,0.0,0.0,0.0
0.02115,0.14175,1.0,0.019742563664484517,0.0,1.2270952698182354,32.6162527051962,1.505762801210288,1063.8199405292187,40.023249413742484
0.02115,0.14525,0.0,0.0,0.0,0.0,0.0,0.0,0.0,0.0
0.02115,0.14875,1.0,0.017188629622226875,0.0,0.11203736095625022,35.10076804898007,0.0125523702500411,1232.0639176283003,3.932597419745195
0.02115,0.15225,2.0,0.024012544417395056,2.6520473512645598e-5,-0.2826157683736418,32.58922148546952,0.4466779571822531,1076.5967151118616,-6.900871267871505
0.02115,0.15575,0.0,0.0,0.0,0.0,0.0,0.0,0.0,0.0
0.02115,0.15925,0.0,0.0,0.0,0.0,0.0,0.0,0.0,0.0
0.02115,0.16275,0.0,0.0,0.0,0.0,0.0,0.0,0.0,0.0
0.02115,0.16625,1.0,0.018977756643608856,0.0,-2.370224823563704,12.030775290661712,5.617965714237591,144.7395540943964,-28.515642240643224
0.02115,0.16974999999999998,0.0,0.0,0.0,0.0,0.0,0.0,0.0,0.0
0.02115,0.17325,3.0,0.024738606906517267,2.9457812118599026e-5,-0.842412820774435,45.82774182830681,3.8046931430366966,2113.305853209814,-36.1120598763566
0.02115,0.17675,0.0,0.0,0.0,0.0,0.0,0.0,0.0,0.0
0.02115,0.18025,0.0,0.0,0.0,0.0,0.0,0.0,0.0,0.0
0.02115,0.18375,0.0,0.0,0.0,0.0,0.0,0.0,0.0,0.0
0.02115,0.18725,0.0,0.0,0.0,0.0,0.0,0.0,0.0,0.0
0.02115,0.19075,0.0,0.0,0.0,0.0,0.0,0.0,0.0,0.0
0.02115,0.19425,1.0,0.026059362098071262,0.0,-1.396924944999378,38.12330113950462,1.951399301961515,1453.3860897733541,-53.25539034749721
0.02115,0.19774999999999998,0.0,0.0,0.0,0.0,0.0,0.0,0.0,0.0
0.02115,0.20124999999999998,1.0,0.021292569191288274,0.0,-0.23068151763469794,21.41047653951528,0.05321396257824745,458.40850564913416,-4.93900122141748
0.02115,0.20475,1.0,0.0268116684998069,0.0,-1.2953257163550467,29.203675290101987,1.677868711450715,852.8546504497134,-37.82827161535153
0.02115,0.20825,0.0,0.0,0.0,0.0,0.0,0.0,0.0,0.0
0.02115,0.21175,0.0,0.0,0.0,0.0,0.0,0.0,0.0,0.0
0.02115,0.21525,0.0,0.0,0.0,0.0,0.0,0.0,0.0,0.0
0.02115,0.21875,0.0,0.0,0.0,0.0,0.0,0.0,0.0,0.0
0.02115,0.22225,0.0,0.0,0.0,0.0,0.0,0.0,0.0,0.0
0.02115,0.22575,0.0,0.0,0.0,0.0,0.0,0.0,0.0,0.0
0.02115,0.22924999999999998,0.0,0.0,0.0,0.0,0.0,0.0,0.0,0.0
0.02115,0.23274999999999998,0.0,0.0,0.0,0.0,0.0,0.0,0.0,0.0
0.02115,0.23625,0.0,0.0,0.0,0.0,0.0,0.0,0.0,0.0
0.02115,0.23975,0.0,0.0,0.0,0.0,0.0,0.0,0.0,0.0
0.02115,0.24325,0.0,0.0,0.0,0.0,0.0,0.0,0.0,0.0
0.02115,0.24675,0.0,0.0,0.0,0.0,0.0,0.0,0.0,0.0
0.02115,0.25025,0.0,0.0,0.0,0.0,0.0,0.0,0.0,0.0
0.02115,0.25375,0.0,0.0,0.0,0.0,0.0,0.0,0.0,0.0
0.02115,0.25725,0.0,0.0,0.0,0.0,0.0,0.0,0.0,0.0
0.02115,0.26075,0.0,0.0,0.0,0.0,0.0,0.0,0.0,0.0
0.02115,0.26425,0.0,0.0,0.0,0.0,0.0,0.0,0.0,0.0
0.02115,0.26775,0.0,0.0,0.0,0.0,0.0,0.0,0.0,0.0
0.02115,0.27125,1.0,0.032579692910320514,0.0,-2.640946662368234,36.30470900191865,6.974599273473915,1318.0318957139932,-95.87880006686704
0.02115,0.27475,0.0,0.0,0.0,0.0,0.0,0.0,0.0,0.0
0.02115,0.27825,0.0,0.0,0.0,0.0,0.0,0.0,0.0,0.0
0.02115,0.28175,0.0,0.0,0.0,0.0,0.0,0.0,0.0,0.0
0.02115,0.28525,0.0,0.0,0.0,0.0,0.0,0.0,0.0,0.0
0.02115,0.28875,0.0,0.0,0.0,0.0,0.0,0.0,0.0,0.0
0.02115,0.29225,0.0,0.0,0.0,0.0,0.0,0.0,0.0,0.0
0.02115,0.29575,0.0,0.0,0.0,0.0,0.0,0.0,0.0,0.0
0.02115,0.29925,0.0,0.0,0.0,0.0,0.0,0.0,0.0,0.0
0.02115,0.30275,0.0,0.0,0.0,0.0,0.0,0.0,0.0,0.0
0.02115,0.30624999999999997,0.0,0.0,0.0,0.0,0.0,0.0,0.0,0.0
0.02115,0.30974999999999997,0.0,0.0,0.0,0.0,0.0,0.0,0.0,0.0
0.02115,0.31325,0.0,0.0,0.0,0.0,0.0,0.0,0.0,0.0
0.02115,0.31675,0.0,0.0,0.0,0.0,0.0,0.0,0.0,0.0
0.02115,0.32025,0.0,0.0,0.0,0.0,0.0,0.0,0.0,0.0
0.02115,0.32375,0.0,0.0,0.0,0.0,0.0,0.0,0.0,0.0
0.02115,0.32725,0.0,0.0,0.0,0.0,0.0,0.0,0.0,0.0
0.02115,0.33075,0.0,0.0,0.0,0.0,0.0,0.0,0.0,0.0
0.02115,0.33425,0.0,0.0,0.0,0.0,0.0,0.0,0.0,0.0
0.02115,0.33775,0.0,0.0,0.0,0.0,0.0,0.0,0.0,0.0
0.02115,0.34125,0.0,0.0,0.0,0.0,0.0,0.0,0.0,0.0
0.02115,0.34475,0.0,0.0,0.0,0.0,0.0,0.0,0.0,0.0
0.02115,0.34825,0.0,0.0,0.0,0.0,0.0,0.0,0.0,0.0
0.02145,0.00175,0.0,0.0,0.0,0.0,0.0,0.0,0.0,0.0
0.02145,0.0052499999999999995,0.0,0.0,0.0,0.0,0.0,0.0,0.0,0.0
0.02145,0.008749999999999999,0.0,0.0,0.0,0.0,0.0,0.0,0.0,0.0
0.02145,0.01225,0.0,0.0,0.0,0.0,0.0,0.0,0.0,0.0
0.02145,0.01575,0.0,0.0,0.0,0.0,0.0,0.0,0.0,0.0
0.02145,0.01925,49629.0,0.010216282479231984,3.798473968308678e-5,0.08201483318946262,-5.482756138020353,167.82323401323706,250.32470662757746,1.8115833201913571
0.02145,0.02275,204928.0,0.010082539247174498,3.698330403525989e-5,-0.13479084132179947,-2.71425087356905,166.51849754287537,244.35527603144996,-0.05650344218007422
0.02145,0.02625,359569.0,0.010033153557047909,3.833822460023429e-5,0.05532409476526426,-1.4289040930630559,169.13956216787633,241.16188081880142,-0.4666194621643164
0.02145,0.02975,506052.0,0.009862830355655196,3.8367241596722866e-5,0.021950400391746276,-0.8889680160742838,167.90918237636154,240.65313943788453,-0.08151635652571274
0.02145,0.03325,630970.0,0.009957922232252609,3.948242595754945e-5,-0.051345234537176654,-0.5131487807293235,167.0458504345415,241.53673721182795,1.2963786748448654
0.02145,0.03675,734959.0,0.010125309354407535,4.0727239933264945e-5,0.07681630932395475,-0.13954335735368728,167.3934383543463,240.6399038774989,0.9380693060296068
0.02145,0.04025,755911.0,0.010452935598534184,4.1994784987892266e-5,-0.004101349912343582,0.15128732780668874,167.4940960095976,242.20898323804664,0.9613547361021597
0.02145,0.04375,738497.0,0.010827649937209366,4.292336149831587e-5,0.006304030290628951,0.38430564203619066,166.9527169789829,241.4450630393834,-0.6912523191865031
0.02145,0.04725,640550.0,0.011376925118387265,4.412590168690492e-5,0.0778898904248332,0.7148818424902958,166.20289030890802,240.22349109077956,0.4880709069969696
0.02145,0.050749999999999997,528887.0,0.012073130786141082,4.64690423066326e-5,-0.12202502879613777,0.7572336575478676,167.77993362343807,242.49774701862052,0.60462120982972
0.02145,0.05425,405206.0,0.01251934685429532,4.601385520432336e-5,-0.04467046887196823,1.036072325383194,166.79446423748763,243.95753519420873,1.5310320927924392
0.02145,0.057749999999999996,267767.0,0.01294452918038496,4.4890168123016755e-5,-0.08134798229615682,1.6111241338740905,169.2799170201832,241.5247060965667,-1.0389411219828422
0.02145,0.06125,131356.0,0.01325342533167401,4.828974808837198e-5,0.11042689351167302,3.330168335724251,168.4849359701985,248.60627980918443,0.2394117255690606
0.02145,0.06475,6505.0,0.013320077742485711,5.017037876417452e-5,-0.24080980924185805,8.823761990358506,157.7960274559935,275.29430757133974,0.7284694916287647
0.02145,0.06824999999999999,0.0,0.0,0.0,0.0,0.0,0.0,0.0,0.0
0.02145,0.07175,0.0,0.0,0.0,0.0,0.0,0.0,0.0,0.0
0.02145,0.07525,0.0,0.0,0.0,0.0,0.0,0.0,0.0,0.0
0.02145,0.07875,0.0,0.0,0.0,0.0,0.0,0.0,0.0,0.0
0.02145,0.08225,0.0,0.0,0.0,0.0,0.0,0.0,0.0,0.0
0.02145,0.08574999999999999,0.0,0.0,0.0,0.0,0.0,0.0,0.0,0.0
0.02145,0.08925,0.0,0.0,0.0,0.0,0.0,0.0,0.0,0.0
0.02145,0.09275,0.0,0.0,0.0,0.0,0.0,0.0,0.0,0.0
0.02145,0.09625,0.0,0.0,0.0,0.0,0.0,0.0,0.0,0.0
0.02145,0.09974999999999999,0.0,0.0,0.0,0.0,0.0,0.0,0.0,0.0
0.02145,0.10325,0.0,0.0,0.0,0.0,0.0,0.0,0.0,0.0
0.02145,0.10675,0.0,0.0,0.0,0.0,0.0,0.0,0.0,0.0
0.02145,0.11025,0.0,0.0,0.0,0.0,0.0,0.0,0.0,0.0
0.02145,0.11374999999999999,0.0,0.0,0.0,0.0,0.0,0.0,0.0,0.0
0.02145,0.11725,0.0,0.0,0.0,0.0,0.0,0.0,0.0,0.0
0.02145,0.12075,1.0,0.019546302578377674,0.0,-0.4844648852506591,17.953114580816724,0.2347062250409343,322.31432315193405,-8.69765359528731
0.02145,0.12425,0.0,0.0,0.0,0.0,0.0,0.0,0.0,0.0
0.02145,0.12775,0.0,0.0,0.0,0.0,0.0,0.0,0.0,0.0
0.02145,0.13125,0.0,0.0,0.0,0.0,0.0,0.0,0.0,0.0
0.02145,0.13475,3.0,0.03399081672404014,6.922980129801259e-5,0.8792467958875307,28.128053733661808,2.395410583012137,794.0470018174035,25.137073330273267
0.02145,0.13824999999999998,0.0,0.0,0.0,0.0,0.0,0.0,0.0,0.0
0.02145,0.14175,2.0,0.02563324963851857,5.652306541049806e-5,-0.5062703294888403,27.138332081332273,0.257185315689091,756.8534651442785,-13.872870613388036
0.02145,0.14525,3.0,0.027564076336920783,8.650671165274272e-5,-0.06893723152462372,33.35643625602067,2.6096008256974486,1119.6758135537664,-5.674005155814882
0.02145,0.14875,1.0,0.035193920756404526,0.0,-2.47163934798956,33.19307790710799,6.109001066530257,1101.7804209473406,-82.04131743609106
0.02145,0.15225,3.0,0.016533645443796825,6.651396312547736e-7,-1.2469017727615346,32.63100613137269,1.9308065466169086,1079.9629916422084,-42.065773523557404
0.02145,0.15575,0.0,0.0,0.0,0.0,0.0,0.0,0.0,0.0
0.02145,0.15925,0.0,0.0,0.0,0.0,0.0,0.0,0.0,0.0
0.02145,0.16275,0.0,0.0,0.0,0.0,0.0,0.0,0.0,0.0
0.02145,0.16625,0.0,0.0,0.0,0.0,0.0,0.0,0.0,0.0
0.02145,0.16974999999999998,0.0,0.0,0.0,0.0,0.0,0.0,0.0,0.0
0.02145,0.17325,0.0,0.0,0.0,0.0,0.0,0.0,0.0,0.0
0.02145,0.17675,1.0,0.03372675156284917,0.0,-0.7653343601987225,35.44732616599503,0.5857366829007878,1256.5129323184358,-27.12905669200724
0.02145,0.18025,0.0,0.0,0.0,0.0,0.0,0.0,0.0,0.0
0.02145,0.18375,0.0,0.0,0.0,0.0,0.0,0.0,0.0,0.0
0.02145,0.18725,0.0,0.0,0.0,0.0,0.0,0.0,0.0,0.0
0.02145,0.19075,0.0,0.0,0.0,0.0,0.0,0.0,0.0,0.0
0.02145,0.19425,0.0,0.0,0.0,0.0,0.0,0.0,0.0,0.0
0.02145,0.19774999999999998,0.0,0.0,0.0,0.0,0.0,0.0,0.0,0.0
0.02145,0.20124999999999998,0.0,0.0,0.0,0.0,0.0,0.0,0.0,0.0
0.02145,0.20475,0.0,0.0,0.0,0.0,0.0,0.0,0.0,0.0
0.02145,0.20825,0.0,0.0,0.0,0.0,0.0,0.0,0.0,0.0
0.02145,0.21175,0.0,0.0,0.0,0.0,0.0,0.0,0.0,0.0
0.02145,0.21525,1.0,0.026738781445954103,0.0,-0.19912016093495857,37.455227672062904,0.0396488384907638,1402.8940799660668,-7.458090961916679
0.02145,0.21875,1.0,0.01826046331313532,0.0,2.6892267953152365,39.08729397788727,7.231940756641457,1527.8165505137824,105.11459832169832
0.02145,0.22225,0.0,0.0,0.0,0.0,0.0,0.0,0.0,0.0
0.02145,0.22575,0.0,0.0,0.0,0.0,0.0,0.0,0.0,0.0
0.02145,0.22924999999999998,0.0,0.0,0.0,0.0,0.0,0.0,0.0,0.0
0.02145,0.23274999999999998,0.0,0.0,0.0,0.0,0.0,0.0,0.0,0.0
0.02145,0.23625,0.0,0.0,0.0,0.0,0.0,0.0,0.0,0.0
0.02145,0.23975,0.0,0.0,0.0,0.0,0.0,0.0,0.0,0.0
0.02145,0.24325,0.0,0.0,0.0,0.0,0.0,0.0,0.0,0.0
0.02145,0.24675,0.0,0.0,0.0,0.0,0.0,0.0,0.0,0.0
0.02145,0.25025,0.0,0.0,0.0,0.0,0.0,0.0,0.0,0.0
0.02145,0.25375,0.0,0.0,0.0,0.0,0.0,0.0,0.0,0.0
0.02145,0.25725,0.0,0.0,0.0,0.0,0.0,0.0,0.0,0.0
0.02145,0.26075,1.0,0.027116048797166642,0.0,-0.6194064542465644,33.682561051508586,0.3836643555623013,1134.514918988603,-20.863195710858363
0.02145,0.26425,0.0,0.0,0.0,0.0,0.0,0.0,0.0,0.0
0.02145,0.26775,0.0,0.0,0.0,0.0,0.0,0.0,0.0,0.0
0.02145,0.27125,0.0,0.0,0.0,0.0,0.0,0.0,0.0,0.0
0.02145,0.27475,0.0,0.0,0.0,0.0,0.0,0.0,0.0,0.0
0.02145,0.27825,0.0,0.0,0.0,0.0,0.0,0.0,0.0,0.0
0.02145,0.28175,0.0,0.0,0.0,0.0,0.0,0.0,0.0,0.0
0.02145,0.28525,0.0,0.0,0.0,0.0,0.0,0.0,0.0,0.0
0.02145,0.28875,0.0,0.0,0.0,0.0,0.0,0.0,0.0,0.0
0.02145,0.29225,0.0,0.0,0.0,0.0,0.0,0.0,0.0,0.0
0.02145,0.29575,0.0,0.0,0.0,0.0,0.0,0.0,0.0,0.0
0.02145,0.29925,0.0,0.0,0.0,0.0,0.0,0.0,0.0,0.0
0.02145,0.30275,0.0,0.0,0.0,0.0,0.0,0.0,0.0,0.0
0.02145,0.30624999999999997,0.0,0.0,0.0,0.0,0.0,0.0,0.0,0.0
0.02145,0.30974999999999997,1.0,0.031532157686094894,0.0,-1.7270272140626095,28.81294752861472,2.9826229981128582,830.1859452867052,-49.76074449927563
0.02145,0.31325,0.0,0.0,0.0,0.0,0.0,0.0,0.0,0.0
0.02145,0.31675,0.0,0.0,0.0,0.0,0.0,0.0,0.0,0.0
0.02145,0.32025,0.0,0.0,0.0,0.0,0.0,0.0,0.0,0.0
0.02145,0.32375,0.0,0.0,0.0,0.0,0.0,0.0,0.0,0.0
0.02145,0.32725,0.0,0.0,0.0,0.0,0.0,0.0,0.0,0.0
0.02145,0.33075,0.0,0.0,0.0,0.0,0.0,0.0,0.0,0.0
0.02145,0.33425,0.0,0.0,0.0,0.0,0.0,0.0,0.0,0.0
0.02145,0.33775,0.0,0.0,0.0,0.0,0.0,0.0,0.0,0.0
0.02145,0.34125,0.0,0.0,0.0,0.0,0.0,0.0,0.0,0.0
0.02145,0.34475,0.0,0.0,0.0,0.0,0.0,0.0,0.0,0.0
0.02145,0.34825,0.0,0.0,0.0,0.0,0.0,0.0,0.0,0.0
0.02175,0.00175,0.0,0.0,0.0,0.0,0.0,0.0,0.0,0.0
0.02175,0.0052499999999999995,0.0,0.0,0.0,0.0,0.0,0.0,0.0,0.0
0.02175,0.008749999999999999,0.0,0.0,0.0,0.0,0.0,0.0,0.0,0.0
0.02175,0.01225,0.0,0.0,0.0,0.0,0.0,0.0,0.0,0.0
0.02175,0.01575,0.0,0.0,0.0,0.0,0.0,0.0,0.0,0.0
0.02175,0.01925,0.0,0.0,0.0,0.0,0.0,0.0,0.0,0.0
0.02175,0.02275,0.0,0.0,0.0,0.0,0.0,0.0,0.0,0.0
0.02175,0.02625,0.0,0.0,0.0,0.0,0.0,0.0,0.0,0.0
0.02175,0.02975,0.0,0.0,0.0,0.0,0.0,0.0,0.0,0.0
0.02175,0.03325,0.0,0.0,0.0,0.0,0.0,0.0,0.0,0.0
0.02175,0.03675,0.0,0.0,0.0,0.0,0.0,0.0,0.0,0.0
0.02175,0.04025,0.0,0.0,0.0,0.0,0.0,0.0,0.0,0.0
0.02175,0.04375,0.0,0.0,0.0,0.0,0.0,0.0,0.0,0.0
0.02175,0.04725,0.0,0.0,0.0,0.0,0.0,0.0,0.0,0.0
0.02175,0.050749999999999997,0.0,0.0,0.0,0.0,0.0,0.0,0.0,0.0
0.02175,0.05425,0.0,0.0,0.0,0.0,0.0,0.0,0.0,0.0
0.02175,0.057749999999999996,0.0,0.0,0.0,0.0,0.0,0.0,0.0,0.0
0.02175,0.06125,0.0,0.0,0.0,0.0,0.0,0.0,0.0,0.0
0.02175,0.06475,1.0,0.043971218343412444,0.0,20.12181726011684,4.688712142246898,404.8875298495359,21.98402155285349,94.34540891158302
0.02175,0.06824999999999999,0.0,0.0,0.0,0.0,0.0,0.0,0.0,0.0
0.02175,0.07175,0.0,0.0,0.0,0.0,0.0,0.0,0.0,0.0
0.02175,0.07525,0.0,0.0,0.0,0.0,0.0,0.0,0.0,0.0
0.02175,0.07875,0.0,0.0,0.0,0.0,0.0,0.0,0.0,0.0
0.02175,0.08225,0.0,0.0,0.0,0.0,0.0,0.0,0.0,0.0
0.02175,0.08574999999999999,0.0,0.0,0.0,0.0,0.0,0.0,0.0,0.0
0.02175,0.08925,0.0,0.0,0.0,0.0,0.0,0.0,0.0,0.0
0.02175,0.09275,0.0,0.0,0.0,0.0,0.0,0.0,0.0,0.0
0.02175,0.09625,0.0,0.0,0.0,0.0,0.0,0.0,0.0,0.0
0.02175,0.09974999999999999,0.0,0.0,0.0,0.0,0.0,0.0,0.0,0.0
0.02175,0.10325,0.0,0.0,0.0,0.0,0.0,0.0,0.0,0.0
0.02175,0.10675,0.0,0.0,0.0,0.0,0.0,0.0,0.0,0.0
0.02175,0.11025,0.0,0.0,0.0,0.0,0.0,0.0,0.0,0.0
0.02175,0.11374999999999999,0.0,0.0,0.0,0.0,0.0,0.0,0.0,0.0
0.02175,0.11725,0.0,0.0,0.0,0.0,0.0,0.0,0.0,0.0
0.02175,0.12075,0.0,0.0,0.0,0.0,0.0,0.0,0.0,0.0
0.02175,0.12425,1.0,0.04703362828408001,0.0,2.9160039539355957,20.297999467245198,8.503079059368028,412.00878237228636,59.189046703469614
0.02175,0.12775,1.0,0.024425277459446393,0.0,-1.0380031006634827,18.744474999374827,1.0774504369870042,351.3553430021879,-19.456823169660204
0.02175,0.13125,2.0,0.021066096252238917,5.970682725904101e-6,1.3665348886483817,29.509830509772428,1.8949406494242056,895.3756654017265,41.14814290634652
0.02175,0.13475,1.0,0.03667760239634426,0.0,-1.1323325906189199,34.49721947839764,1.2821770957777545,1190.0581517407375,-39.062325901123465
0.02175,0.13824999999999998,1.0,0.030985878579645403,0.0,-0.657324580157125,31.465116813295715,0.4320756036787407,990.0535760743447,-20.6827946988945
0.02175,0.14175,0.0,0.0,0.0,0.0,0.0,0.0,0.0,0.0
0.02175,0.14525,1.0,0.028053431347787268,0.0,-3.525694390909105,12.887621450664064,12.430520938087927,166.0907866556165,-45.43781466076616
0.02175,0.14875,2.0,0.021291763703916604,1.328739005090996e-6,-2.0472962010343787,33.79531827713272,12.00984004181297,1148.4411098135977,-62.16098123202002
0.02175,0.15225,1.0,0.022810809172110483,0.0,0.6014723516215563,32.09862176325906,0.3617689897651651,1030.3215191007682,19.306433515758293
0.02175,0.15575,0.0,0.0,0.0,0.0,0.0,0.0,0.0,0.0
0.02175,0.15925,0.0,0.0,0.0,0.0,0.0,0.0,0.0,0.0
0.02175,0.16275,0.0,0.0,0.0,0.0,0.0,0.0,0.0,0.0
0.02175,0.16625,1.0,0.02347389346985197,0.0,-0.5219589262186474,38.46269742057519,0.27244112065932335,1479.3790928667213,-20.075948245116162
0.02175,0.16974999999999998,0.0,0.0,0.0,0.0,0.0,0.0,0.0,0.0
0.02175,0.17325,0.0,0.0,0.0,0.0,0.0,0.0,0.0,0.0
0.02175,0.17675,0.0,0.0,0.0,0.0,0.0,0.0,0.0,0.0
0.02175,0.18025,0.0,0.0,0.0,0.0,0.0,0.0,0.0,0.0
0.02175,0.18375,1.0,0.04692141901298246,0.0,1.9624596855302947,29.995739547089126,3.851248017331663,899.7443909768066,58.86542959882915
0.02175,0.18725,0.0,0.0,0.0,0.0,0.0,0.0,0.0,0.0
0.02175,0.19075,0.0,0.0,0.0,0.0,0.0,0.0,0.0,0.0
0.02175,0.19425,0.0,0.0,0.0,0.0,0.0,0.0,0.0,0.0
0.02175,0.19774999999999998,1.0,0.019692381038387996,0.0,-0.06350225551333337,28.467075635192188,0.004032536455280678,810.3743952197527,-1.8077235107033611
0.02175,0.20124999999999998,0.0,0.0,0.0,0.0,0.0,0.0,0.0,0.0
0.02175,0.20475,1.0,0.019947079134460803,0.0,1.347953657867013,29.935557163235167,1.8169790637570604,896.1375826733204,40.35174377846991
0.02175,0.20825,0.0,0.0,0.0,0.0,0.0,0.0,0.0,0.0
0.02175,0.21175,0.0,0.0,0.0,0.0,0.0,0.0,0.0,0.0
0.02175,0.21525,1.0,0.023618083869002646,0.0,1.1838442561835045,32.340292219056785,1.401487222898675,1045.894500813985,38.28586918682646
0.02175,0.21875,0.0,0.0,0.0,0.0,0.0,0.0,0.0,0.0
0.02175,0.22225,0.0,0.0,0.0,0.0,0.0,0.0,0.0,0.0
0.02175,0.22575,0.0,0.0,0.0,0.0,0.0,0.0,0.0,0.0
0.02175,0.22924999999999998,0.0,0.0,0.0,0.0,0.0,0.0,0.0,0.0
0.02175,0.23274999999999998,1.0,0.045194493114577856,0.0,0.7803811574508122,38.89697934421768,0.6089947509042692,1512.9750021044965,30.354469761980923
0.02175,0.23625,0.0,0.0,0.0,0.0,0.0,0.0,0.0,0.0
0.02175,0.23975,0.0,0.0,0.0,0.0,0.0,0.0,0.0,0.0
0.02175,0.24325,0.0,0.0,0.0,0.0,0.0,0.0,0.0,0.0
0.02175,0.24675,0.0,0.0,0.0,0.0,0.0,0.0,0.0,0.0
0.02175,0.25025,0.0,0.0,0.0,0.0,0.0,0.0,0.0,0.0
0.02175,0.25375,0.0,0.0,0.0,0.0,0.0,0.0,0.0,0.0
0.02175,0.25725,0.0,0.0,0.0,0.0,0.0,0.0,0.0,0.0
0.02175,0.26075,0.0,0.0,0.0,0.0,0.0,0.0,0.0,0.0
0.02175,0.26425,0.0,0.0,0.0,0.0,0.0,0.0,0.0,0.0
0.02175,0.26775,0.0,0.0,0.0,0.0,0.0,0.0,0.0,0.0
0.02175,0.27125,0.0,0.0,0.0,0.0,0.0,0.0,0.0,0.0
0.02175,0.27475,0.0,0.0,0.0,0.0,0.0,0.0,0.0,0.0
0.02175,0.27825,0.0,0.0,0.0,0.0,0.0,0.0,0.0,0.0
0.02175,0.28175,0.0,0.0,0.0,0.0,0.0,0.0,0.0,0.0
0.02175,0.28525,0.0,0.0,0.0,0.0,0.0,0.0,0.0,0.0
0.02175,0.28875,0.0,0.0,0.0,0.0,0.0,0.0,0.0,0.0
0.02175,0.29225,0.0,0.0,0.0,0.0,0.0,0.0,0.0,0.0
0.02175,0.29575,0.0,0.0,0.0,0.0,0.0,0.0,0.0,0.0
0.02175,0.29925,0.0,0.0,0.0,0.0,0.0,0.0,0.0,0.0
0.02175,0.30275,0.0,0.0,0.0,0.0,0.0,0.0,0.0,0.0
0.02175,0.30624999999999997,0.0,0.0,0.0,0.0,0.0,0.0,0.0,0.0
0.02175,0.30974999999999997,0.0,0.0,0.0,0.0,0.0,0.0,0.0,0.0
0.02175,0.31325,0.0,0.0,0.0,0.0,0.0,0.0,0.0,0.0
0.02175,0.31675,0.0,0.0,0.0,0.0,0.0,0.0,0.0,0.0
0.02175,0.32025,0.0,0.0,0.0,0.0,0.0,0.0,0.0,0.0
0.02175,0.32375,0.0,0.0,0.0,0.0,0.0,0.0,0.0,0.0
0.02175,0.32725,0.0,0.0,0.0,0.0,0.0,0.0,0.0,0.0
0.02175,0.33075,0.0,0.0,0.0,0.0,0.0,0.0,0.0,0.0
0.02175,0.33425,0.0,0.0,0.0,0.0,0.0,0.0,0.0,0.0
0.02175,0.33775,0.0,0.0,0.0,0.0,0.0,0.0,0.0,0.0
0.02175,0.34125,0.0,0.0,0.0,0.0,0.0,0.0,0.0,0.0
0.02175,0.34475,0.0,0.0,0.0,0.0,0.0,0.0,0.0,0.0
0.02175,0.34825,0.0,0.0,0.0,0.0,0.0,0.0,0.0,0.0
0.02205,0.00175,0.0,0.0,0.0,0.0,0.0,0.0,0.0,0.0
0.02205,0.0052499999999999995,0.0,0.0,0.0,0.0,0.0,0.0,0.0,0.0
0.02205,0.008749999999999999,0.0,0.0,0.0,0.0,0.0,0.0,0.0,0.0
0.02205,0.01225,0.0,0.0,0.0,0.0,0.0,0.0,0.0,0.0
0.02205,0.01575,0.0,0.0,0.0,0.0,0.0,0.0,0.0,0.0
0.02205,0.01925,0.0,0.0,0.0,0.0,0.0,0.0,0.0,0.0
0.02205,0.02275,0.0,0.0,0.0,0.0,0.0,0.0,0.0,0.0
0.02205,0.02625,0.0,0.0,0.0,0.0,0.0,0.0,0.0,0.0
0.02205,0.02975,0.0,0.0,0.0,0.0,0.0,0.0,0.0,0.0
0.02205,0.03325,0.0,0.0,0.0,0.0,0.0,0.0,0.0,0.0
0.02205,0.03675,0.0,0.0,0.0,0.0,0.0,0.0,0.0,0.0
0.02205,0.04025,0.0,0.0,0.0,0.0,0.0,0.0,0.0,0.0
0.02205,0.04375,0.0,0.0,0.0,0.0,0.0,0.0,0.0,0.0
0.02205,0.04725,0.0,0.0,0.0,0.0,0.0,0.0,0.0,0.0
0.02205,0.050749999999999997,0.0,0.0,0.0,0.0,0.0,0.0,0.0,0.0
0.02205,0.05425,0.0,0.0,0.0,0.0,0.0,0.0,0.0,0.0
0.02205,0.057749999999999996,0.0,0.0,0.0,0.0,0.0,0.0,0.0,0.0
0.02205,0.06125,0.0,0.0,0.0,0.0,0.0,0.0,0.0,0.0
0.02205,0.06475,0.0,0.0,0.0,0.0,0.0,0.0,0.0,0.0
0.02205,0.06824999999999999,0.0,0.0,0.0,0.0,0.0,0.0,0.0,0.0
0.02205,0.07175,0.0,0.0,0.0,0.0,0.0,0.0,0.0,0.0
0.02205,0.07525,0.0,0.0,0.0,0.0,0.0,0.0,0.0,0.0
0.02205,0.07875,0.0,0.0,0.0,0.0,0.0,0.0,0.0,0.0
0.02205,0.08225,0.0,0.0,0.0,0.0,0.0,0.0,0.0,0.0
0.02205,0.08574999999999999,0.0,0.0,0.0,0.0,0.0,0.0,0.0,0.0
0.02205,0.08925,0.0,0.0,0.0,0.0,0.0,0.0,0.0,0.0
0.02205,0.09275,0.0,0.0,0.0,0.0,0.0,0.0,0.0,0.0
0.02205,0.09625,0.0,0.0,0.0,0.0,0.0,0.0,0.0,0.0
0.02205,0.09974999999999999,0.0,0.0,0.0,0.0,0.0,0.0,0.0,0.0
0.02205,0.10325,0.0,0.0,0.0,0.0,0.0,0.0,0.0,0.0
0.02205,0.10675,0.0,0.0,0.0,0.0,0.0,0.0,0.0,0.0
0.02205,0.11025,0.0,0.0,0.0,0.0,0.0,0.0,0.0,0.0
0.02205,0.11374999999999999,0.0,0.0,0.0,0.0,0.0,0.0,0.0,0.0
0.02205,0.11725,1.0,0.02574629317939281,0.0,1.924255053216685,12.593430463028097,3.7027575098299477,158.59449082712408,24.232972205814754
0.02205,0.12075,2.0,0.025307593627182164,8.871400115502015e-9,0.32612950018985476,14.20333033393287,0.9896130370661171,207.12952126047102,2.4492176235602106
0.02205,0.12425,1.0,0.014095440247908335,0.0,0.016583641874753453,24.102429589169322,0.00027501717783007625,580.9271121008649,0.39970606061824504
0.02205,0.12775,0.0,0.0,0.0,0.0,0.0,0.0,0.0,0.0
0.02205,0.13125,2.0,0.021267787127436464,6.913027445574197e-6,0.19683570520449845,25.63385706928565,8.44588382648369,657.103741910018,4.768855473042024
0.02205,0.13475,1.0,0.028442434605440922,0.0,0.9086963026894014,31.80149335874703,0.8257289705213882,1011.3349798464316,28.89789943509498
0.02205,0.13824999999999998,0.0,0.0,0.0,0.0,0.0,0.0,0.0,0.0
0.02205,0.14175,1.0,0.039431215410841096,0.0,0.041908026770986456,30.05011729960377,0.0017562827078377175,903.0095497199458,1.259341120263078
0.02205,0.14525,1.0,0.021906979728355435,0.0,2.449349813909175,33.174511213403974,5.99931451089691,1100.548194248266,81.25598286707886
0.02205,0.14875,0.0,0.0,0.0,0.0,0.0,0.0,0.0,0.0
0.02205,0.15225,0.0,0.0,0.0,0.0,0.0,0.0,0.0,0.0
0.02205,0.15575,0.0,0.0,0.0,0.0,0.0,0.0,0.0,0.0
0.02205,0.15925,0.0,0.0,0.0,0.0,0.0,0.0,0.0,0.0
0.02205,0.16275,0.0,0.0,0.0,0.0,0.0,0.0,0.0,0.0
0.02205,0.16625,0.0,0.0,0.0,0.0,0.0,0.0,0.0,0.0
0.02205,0.16974999999999998,0.0,0.0,0.0,0.0,0.0,0.0,0.0,0.0
0.02205,0.17325,0.0,0.0,0.0,0.0,0.0,0.0,0.0,0.0
0.02205,0.17675,0.0,0.0,0.0,0.0,0.0,0.0,0.0,0.0
0.02205,0.18025,0.0,0.0,0.0,0.0,0.0,0.0,0.0,0.0
0.02205,0.18375,0.0,0.0,0.0,0.0,0.0,0.0,0.0,0.0
0.02205,0.18725,0.0,0.0,0.0,0.0,0.0,0.0,0.0,0.0
0.02205,0.19075,0.0,0.0,0.0,0.0,0.0,0.0,0.0,0.0
0.02205,0.19425,0.0,0.0,0.0,0.0,0.0,0.0,0.0,0.0
0.02205,0.19774999999999998,1.0,0.019205356786077734,0.0,2.0376006354895586,26.977624536929785,4.151816349747453,727.792225655556,54.96962490044684
0.02205,0.20124999999999998,0.0,0.0,0.0,0.0,0.0,0.0,0.0,0.0
0.02205,0.20475,1.0,0.024558624195297904,0.0,-2.024206588404898,35.88914550513131,4.097412312541796,1288.030765088487,-72.64704478370884
0.02205,0.20825,0.0,0.0,0.0,0.0,0.0,0.0,0.0,0.0
0.02205,0.21175,0.0,0.0,0.0,0.0,0.0,0.0,0.0,0.0
0.02205,0.21525,1.0,0.018332146287193457,0.0,0.37783149158159524,30.6483128080912,0.14275663603077307,939.3190779826072,11.579897742740409
0.02205,0.21875,1.0,0.028317423213982257,0.0,-1.5748815154450275,32.29899230282032,2.4802517876904266,1043.224903777646,-50.86708594521294
0.02205,0.22225,0.0,0.0,0.0,0.0,0.0,0.0,0.0,0.0
0.02205,0.22575,1.0,0.02803225301901287,0.0,-2.148682806196529,35.75493087471715,4.616837801644591,1278.4150818558014,-76.82600520725016
0.02205,0.22924999999999998,0.0,0.0,0.0,0.0,0.0,0.0,0.0,0.0
0.02205,0.23274999999999998,0.0,0.0,0.0,0.0,0.0,0.0,0.0,0.0
0.02205,0.23625,0.0,0.0,0.0,0.0,0.0,0.0,0.0,0.0
0.02205,0.23975,1.0,0.02352785999484932,0.0,3.936356977326723,35.70452962452815,15.494906252948775,1274.8134357088081,140.54577430968007
0.02205,0.24325,0.0,0.0,0.0,0.0,0.0,0.0,0.0,0.0
0.02205,0.24675,0.0,0.0,0.0,0.0,0.0,0.0,0.0,0.0
0.02205,0.25025,0.0,0.0,0.0,0.0,0.0,0.0,0.0,0.0
0.02205,0.25375,1.0,0.029504379137507173,0.0,-2.0112660815826553,30.146012552549887,4.045191250924848,908.7820728184954,-60.63165254190855
0.02205,0.25725,0.0,0.0,0.0,0.0,0.0,0.0,0.0,0.0
0.02205,0.26075,0.0,0.0,0.0,0.0,0.0,0.0,0.0,0.0
0.02205,0.26425,0.0,0.0,0.0,0.0,0.0,0.0,0.0,0.0
0.02205,0.26775,0.0,0.0,0.0,0.0,0.0,0.0,0.0,0.0
0.02205,0.27125,0.0,0.0,0.0,0.0,0.0,0.0,0.0,0.0
0.02205,0.27475,0.0,0.0,0.0,0.0,0.0,0.0,0.0,0.0
0.02205,0.27825,0.0,0.0,0.0,0.0,0.0,0.0,0.0,0.0
0.02205,0.28175,0.0,0.0,0.0,0.0,0.0,0.0,0.0,0.0
0.02205,0.28525,0.0,0.0,0.0,0.0,0.0,0.0,0.0,0.0
0.02205,0.28875,0.0,0.0,0.0,0.0,0.0,0.0,0.0,0.0
0.02205,0.29225,0.0,0.0,0.0,0.0,0.0,0.0,0.0,0.0
0.02205,0.29575,0.0,0.0,0.0,0.0,0.0,0.0,0.0,0.0
0.02205,0.29925,0.0,0.0,0.0,0.0,0.0,0.0,0.0,0.0
0.02205,0.30275,0.0,0.0,0.0,0.0,0.0,0.0,0.0,0.0
0.02205,0.30624999999999997,0.0,0.0,0.0,0.0,0.0,0.0,0.0,0.0
0.02205,0.30974999999999997,0.0,0.0,0.0,0.0,0.0,0.0,0.0,0.0
0.02205,0.31325,0.0,0.0,0.0,0.0,0.0,0.0,0.0,0.0
0.02205,0.31675,0.0,0.0,0.0,0.0,0.0,0.0,0.0,0.0
0.02205,0.32025,0.0,0.0,0.0,0.0,0.0,0.0,0.0,0.0
0.02205,0.32375,0.0,0.0,0.0,0.0,0.0,0.0,0.0,0.0
0.02205,0.32725,0.0,0.0,0.0,0.0,0.0,0.0,0.0,0.0
0.02205,0.33075,0.0,0.0,0.0,0.0,0.0,0.0,0.0,0.0
0.02205,0.33425,0.0,0.0,0.0,0.0,0.0,0.0,0.0,0.0
0.02205,0.33775,0.0,0.0,0.0,0.0,0.0,0.0,0.0,0.0
0.02205,0.34125,0.0,0.0,0.0,0.0,0.0,0.0,0.0,0.0
0.02205,0.34475,0.0,0.0,0.0,0.0,0.0,0.0,0.0,0.0
0.02205,0.34825,0.0,0.0,0.0,0.0,0.0,0.0,0.0,0.0
0.02235,0.00175,0.0,0.0,0.0,0.0,0.0,0.0,0.0,0.0
0.02235,0.0052499999999999995,0.0,0.0,0.0,0.0,0.0,0.0,0.0,0.0
0.02235,0.008749999999999999,0.0,0.0,0.0,0.0,0.0,0.0,0.0,0.0
0.02235,0.01225,0.0,0.0,0.0,0.0,0.0,0.0,0.0,0.0
0.02235,0.01575,0.0,0.0,0.0,0.0,0.0,0.0,0.0,0.0
0.02235,0.01925,0.0,0.0,0.0,0.0,0.0,0.0,0.0,0.0
0.02235,0.02275,0.0,0.0,0.0,0.0,0.0,0.0,0.0,0.0
0.02235,0.02625,0.0,0.0,0.0,0.0,0.0,0.0,0.0,0.0
0.02235,0.02975,0.0,0.0,0.0,0.0,0.0,0.0,0.0,0.0
0.02235,0.03325,0.0,0.0,0.0,0.0,0.0,0.0,0.0,0.0
0.02235,0.03675,0.0,0.0,0.0,0.0,0.0,0.0,0.0,0.0
0.02235,0.04025,0.0,0.0,0.0,0.0,0.0,0.0,0.0,0.0
0.02235,0.04375,0.0,0.0,0.0,0.0,0.0,0.0,0.0,0.0
0.02235,0.04725,0.0,0.0,0.0,0.0,0.0,0.0,0.0,0.0
0.02235,0.050749999999999997,0.0,0.0,0.0,0.0,0.0,0.0,0.0,0.0
0.02235,0.05425,0.0,0.0,0.0,0.0,0.0,0.0,0.0,0.0
0.02235,0.057749999999999996,0.0,0.0,0.0,0.0,0.0,0.0,0.0,0.0
0.02235,0.06125,0.0,0.0,0.0,0.0,0.0,0.0,0.0,0.0
0.02235,0.06475,2.0,0.00830220180038814,3.0700713503625445e-11,-4.798406585425264,2.0863905705924983,23.07369081189788,4.628151830266319,-10.127441047000646
0.02235,0.06824999999999999,0.0,0.0,0.0,0.0,0.0,0.0,0.0,0.0
0.02235,0.07175,0.0,0.0,0.0,0.0,0.0,0.0,0.0,0.0
0.02235,0.07525,0.0,0.0,0.0,0.0,0.0,0.0,0.0,0.0
0.02235,0.07875,0.0,0.0,0.0,0.0,0.0,0.0,0.0,0.0
0.02235,0.08225,0.0,0.0,0.0,0.0,0.0,0.0,0.0,0.0
0.02235,0.08574999999999999,0.0,0.0,0.0,0.0,0.0,0.0,0.0,0.0
0.02235,0.08925,0.0,0.0,0.0,0.0,0.0,0.0,0.0,0.0
0.02235,0.09275,0.0,0.0,0.0,0.0,0.0,0.0,0.0,0.0
0.02235,0.09625,0.0,0.0,0.0,0.0,0.0,0.0,0.0,0.0
0.02235,0.09974999999999999,0.0,0.0,0.0,0.0,0.0,0.0,0.0,0.0
0.02235,0.10325,0.0,0.0,0.0,0.0,0.0,0.0,0.0,0.0
0.02235,0.10675,0.0,0.0,0.0,0.0,0.0,0.0,0.0,0.0
0.02235,0.11025,0.0,0.0,0.0,0.0,0.0,0.0,0.0,0.0
0.02235,0.11374999999999999,0.0,0.0,0.0,0.0,0.0,0.0,0.0,0.0
0.02235,0.11725,0.0,0.0,0.0,0.0,0.0,0.0,0.0,0.0
0.02235,0.12075,0.0,0.0,0.0,0.0,0.0,0.0,0.0,0.0
0.02235,0.12425,1.0,0.021455247678808125,0.0,1.0988006244181165,19.275842301109353,1.2073628122216429,371.55809641723675,21.180307556644102
0.02235,0.12775,0.0,0.0,0.0,0.0,0.0,0.0,0.0,0.0
0.02235,0.13125,2.0,0.029809582695295364,3.735766869701069e-6,0.8049995485587711,22.72365259459485,4.442920822307171,522.8383283669082,13.335924705366555
0.02235,0.13475,0.0,0.0,0.0,0.0,0.0,0.0,0.0,0.0
0.02235,0.13824999999999998,0.0,0.0,0.0,0.0,0.0,0.0,0.0,0.0
0.02235,0.14175,0.0,0.0,0.0,0.0,0.0,0.0,0.0,0.0
0.02235,0.14525,2.0,0.02467027944330383,6.878363145411809e-5,1.5697513771998444,31.369117855871647,2.6478840979633347,1017.4334219151293,46.76382933970279
0.02235,0.14875,2.0,0.028438018954063282,1.694731857143138e-6,-0.9097089228221805,34.47005451942463,2.081893673755354,1193.0375360801254,-33.8249165171965
0.02235,0.15225,1.0,0.037031921521580004,0.0,0.485644662863699,30.576171201323508,0.23585073856799588,934.9022453326451,14.849154354729498
0.02235,0.15575,0.0,0.0,0.0,0.0,0.0,0.0,0.0,0.0
0.02235,0.15925,0.0,0.0,0.0,0.0,0.0,0.0,0.0,0.0
0.02235,0.16275,0.0,0.0,0.0,0.0,0.0,0.0,0.0,0.0
0.02235,0.16625,0.0,0.0,0.0,0.0,0.0,0.0,0.0,0.0
0.02235,0.16974999999999998,0.0,0.0,0.0,0.0,0.0,0.0,0.0,0.0
0.02235,0.17325,0.0,0.0,0.0,0.0,0.0,0.0,0.0,0.0
0.02235,0.17675,0.0,0.0,0.0,0.0,0.0,0.0,0.0,0.0
0.02235,0.18025,0.0,0.0,0.0,0.0,0.0,0.0,0.0,0.0
0.02235,0.18375,0.0,0.0,0.0,0.0,0.0,0.0,0.0,0.0
0.02235,0.18725,0.0,0.0,0.0,0.0,0.0,0.0,0.0,0.0
0.02235,0.19075,0.0,0.0,0.0,0.0,0.0,0.0,0.0,0.0
0.02235,0.19425,0.0,0.0,0.0,0.0,0.0,0.0,0.0,0.0
0.02235,0.19774999999999998,0.0,0.0,0.0,0.0,0.0,0.0,0.0,0.0
0.02235,0.20124999999999998,0.0,0.0,0.0,0.0,0.0,0.0,0.0,0.0
0.02235,0.20475,0.0,0.0,0.0,0.0,0.0,0.0,0.0,0.0
0.02235,0.20825,1.0,0.030768588808962723,0.0,0.48947861437212326,20.920365006605092,0.23958931392765376,437.6616720095869,10.240071275592115
0.02235,0.21175,1.0,0.01459091831885105,0.0,3.4261804165589864,27.970408488954305,11.738712246812309,782.3437510389671,95.83166580801047
0.02235,0.21525,0.0,0.0,0.0,0.0,0.0,0.0,0.0,0.0
0.02235,0.21875,0.0,0.0,0.0,0.0,0.0,0.0,0.0,0.0
0.02235,0.22225,0.0,0.0,0.0,0.0,0.0,0.0,0.0,0.0
0.02235,0.22575,0.0,0.0,0.0,0.0,0.0,0.0,0.0,0.0
0.02235,0.22924999999999998,0.0,0.0,0.0,0.0,0.0,0.0,0.0,0.0
0.02235,0.23274999999999998,0.0,0.0,0.0,0.0,0.0,0.0,0.0,0.0
0.02235,0.23625,0.0,0.0,0.0,0.0,0.0,0.0,0.0,0.0
0.02235,0.23975,0.0,0.0,0.0,0.0,0.0,0.0,0.0,0.0
0.02235,0.24325,0.0,0.0,0.0,0.0,0.0,0.0,0.0,0.0
0.02235,0.24675,0.0,0.0,0.0,0.0,0.0,0.0,0.0,0.0
0.02235,0.25025,0.0,0.0,0.0,0.0,0.0,0.0,0.0,0.0
0.02235,0.25375,0.0,0.0,0.0,0.0,0.0,0.0,0.0,0.0
0.02235,0.25725,0.0,0.0,0.0,0.0,0.0,0.0,0.0,0.0
0.02235,0.26075,0.0,0.0,0.0,0.0,0.0,0.0,0.0,0.0
0.02235,0.26425,0.0,0.0,0.0,0.0,0.0,0.0,0.0,0.0
0.02235,0.26775,0.0,0.0,0.0,0.0,0.0,0.0,0.0,0.0
0.02235,0.27125,0.0,0.0,0.0,0.0,0.0,0.0,0.0,0.0
0.02235,0.27475,0.0,0.0,0.0,0.0,0.0,0.0,0.0,0.0
0.02235,0.27825,0.0,0.0,0.0,0.0,0.0,0.0,0.0,0.0
0.02235,0.28175,0.0,0.0,0.0,0.0,0.0,0.0,0.0,0.0
0.02235,0.28525,0.0,0.0,0.0,0.0,0.0,0.0,0.0,0.0
0.02235,0.28875,0.0,0.0,0.0,0.0,0.0,0.0,0.0,0.0
0.02235,0.29225,0.0,0.0,0.0,0.0,0.0,0.0,0.0,0.0
0.02235,0.29575,0.0,0.0,0.0,0.0,0.0,0.0,0.0,0.0
0.02235,0.29925,1.0,0.02298613559433801,0.0,-2.415244359524698,42.99645983518268,5.8334053162158686,1848.6955583584772,-103.84695709645518
0.02235,0.30275,0.0,0.0,0.0,0.0,0.0,0.0,0.0,0.0
0.02235,0.30624999999999997,0.0,0.0,0.0,0.0,0.0,0.0,0.0,0.0
0.02235,0.30974999999999997,0.0,0.0,0.0,0.0,0.0,0.0,0.0,0.0
0.02235,0.31325,0.0,0.0,0.0,0.0,0.0,0.0,0.0,0.0
0.02235,0.31675,0.0,0.0,0.0,0.0,0.0,0.0,0.0,0.0
0.02235,0.32025,0.0,0.0,0.0,0.0,0.0,0.0,0.0,0.0
0.02235,0.32375,0.0,0.0,0.0,0.0,0.0,0.0,0.0,0.0
0.02235,0.32725,0.0,0.0,0.0,0.0,0.0,0.0,0.0,0.0
0.02235,0.33075,0.0,0.0,0.0,0.0,0.0,0.0,0.0,0.0
0.02235,0.33425,0.0,0.0,0.0,0.0,0.0,0.0,0.0,0.0
0.02235,0.33775,0.0,0.0,0.0,0.0,0.0,0.0,0.0,0.0
0.02235,0.34125,0.0,0.0,0.0,0.0,0.0,0.0,0.0,0.0
0.02235,0.34475,0.0,0.0,0.0,0.0,0.0,0.0,0.0,0.0
0.02235,0.34825,0.0,0.0,0.0,0.0,0.0,0.0,0.0,0.0
0.02265,0.00175,0.0,0.0,0.0,0.0,0.0,0.0,0.0,0.0
0.02265,0.0052499999999999995,0.0,0.0,0.0,0.0,0.0,0.0,0.0,0.0
0.02265,0.008749999999999999,0.0,0.0,0.0,0.0,0.0,0.0,0.0,0.0
0.02265,0.01225,0.0,0.0,0.0,0.0,0.0,0.0,0.0,0.0
0.02265,0.01575,0.0,0.0,0.0,0.0,0.0,0.0,0.0,0.0
0.02265,0.01925,0.0,0.0,0.0,0.0,0.0,0.0,0.0,0.0
0.02265,0.02275,0.0,0.0,0.0,0.0,0.0,0.0,0.0,0.0
0.02265,0.02625,0.0,0.0,0.0,0.0,0.0,0.0,0.0,0.0
0.02265,0.02975,0.0,0.0,0.0,0.0,0.0,0.0,0.0,0.0
0.02265,0.03325,0.0,0.0,0.0,0.0,0.0,0.0,0.0,0.0
0.02265,0.03675,0.0,0.0,0.0,0.0,0.0,0.0,0.0,0.0
0.02265,0.04025,0.0,0.0,0.0,0.0,0.0,0.0,0.0,0.0
0.02265,0.04375,0.0,0.0,0.0,0.0,0.0,0.0,0.0,0.0
0.02265,0.04725,0.0,0.0,0.0,0.0,0.0,0.0,0.0,0.0
0.02265,0.050749999999999997,0.0,0.0,0.0,0.0,0.0,0.0,0.0,0.0
0.02265,0.05425,0.0,0.0,0.0,0.0,0.0,0.0,0.0,0.0
0.02265,0.057749999999999996,0.0,0.0,0.0,0.0,0.0,0.0,0.0,0.0
0.02265,0.06125,0.0,0.0,0.0,0.0,0.0,0.0,0.0,0.0
0.02265,0.06475,0.0,0.0,0.0,0.0,0.0,0.0,0.0,0.0
0.02265,0.06824999999999999,0.0,0.0,0.0,0.0,0.0,0.0,0.0,0.0
0.02265,0.07175,0.0,0.0,0.0,0.0,0.0,0.0,0.0,0.0
0.02265,0.07525,0.0,0.0,0.0,0.0,0.0,0.0,0.0,0.0
0.02265,0.07875,0.0,0.0,0.0,0.0,0.0,0.0,0.0,0.0
0.02265,0.08225,0.0,0.0,0.0,0.0,0.0,0.0,0.0,0.0
0.02265,0.08574999999999999,0.0,0.0,0.0,0.0,0.0,0.0,0.0,0.0
0.02265,0.08925,0.0,0.0,0.0,0.0,0.0,0.0,0.0,0.0
0.02265,0.09275,0.0,0.0,0.0,0.0,0.0,0.0,0.0,0.0
0.02265,0.09625,0.0,0.0,0.0,0.0,0.0,0.0,0.0,0.0
0.02265,0.09974999999999999,0.0,0.0,0.0,0.0,0.0,0.0,0.0,0.0
0.02265,0.10325,0.0,0.0,0.0,0.0,0.0,0.0,0.0,0.0
0.02265,0.10675,0.0,0.0,0.0,0.0,0.0,0.0,0.0,0.0
0.02265,0.11025,0.0,0.0,0.0,0.0,0.0,0.0,0.0,0.0
0.02265,0.11374999999999999,0.0,0.0,0.0,0.0,0.0,0.0,0.0,0.0
0.02265,0.11725,0.0,0.0,0.0,0.0,0.0,0.0,0.0,0.0
0.02265,0.12075,0.0,0.0,0.0,0.0,0.0,0.0,0.0,0.0
0.02265,0.12425,0.0,0.0,0.0,0.0,0.0,0.0,0.0,0.0
0.02265,0.12775,3.0,0.021116151493669005,1.9785096176809254e-6,-1.5970698657399758,22.734436989322834,3.847688906474306,531.3904417458002,-40.62005473160356
0.02265,0.13125,3.0,0.026922980776310182,1.9140779081103006e-5,0.8519066529379555,21.209241699941526,5.78495278633394,451.34427442997844,18.85838735871762
0.02265,0.13475,2.0,0.02349232457248489,1.3607565197476246e-5,-0.9134649084224344,26.16503459540018,0.8400640991329447,685.8323460299152,-23.983947869298653
0.02265,0.13824999999999998,2.0,0.028411940683675085,2.2918121533277508e-5,0.9524853812202108,28.180065767489808,0.956146895379435,796.7463837614929,27.199805570257467
0.02265,0.14175,3.0,0.02394357465177991,1.9121495441280567e-5,0.9457681183660129,30.052579032994124,1.0429024234740063,904.7650389740393,28.62141215267063
0.02265,0.14525,0.0,0.0,0.0,0.0,0.0,0.0,0.0,0.0
0.02265,0.14875,1.0,0.01893985731824472,0.0,-0.1643159464746647,36.17874198167543,0.02699973026586487,1308.9013713766442,-5.9447442309816845
0.02265,0.15225,1.0,0.019817362018550003,0.0,1.7663966891917044,39.66889738578042,3.120157263587415,1573.6214198035766,70.071009006128
0.02265,0.15575,0.0,0.0,0.0,0.0,0.0,0.0,0.0,0.0
0.02265,0.15925,0.0,0.0,0.0,0.0,0.0,0.0,0.0,0.0
0.02265,0.16275,0.0,0.0,0.0,0.0,0.0,0.0,0.0,0.0
0.02265,0.16625,0.0,0.0,0.0,0.0,0.0,0.0,0.0,0.0
0.02265,0.16974999999999998,0.0,0.0,0.0,0.0,0.0,0.0,0.0,0.0
0.02265,0.17325,0.0,0.0,0.0,0.0,0.0,0.0,0.0,0.0
0.02265,0.17675,0.0,0.0,0.0,0.0,0.0,0.0,0.0,0.0
0.02265,0.18025,0.0,0.0,0.0,0.0,0.0,0.0,0.0,0.0
0.02265,0.18375,0.0,0.0,0.0,0.0,0.0,0.0,0.0,0.0
0.02265,0.18725,0.0,0.0,0.0,0.0,0.0,0.0,0.0,0.0
0.02265,0.19075,0.0,0.0,0.0,0.0,0.0,0.0,0.0,0.0
0.02265,0.19425,0.0,0.0,0.0,0.0,0.0,0.0,0.0,0.0
0.02265,0.19774999999999998,0.0,0.0,0.0,0.0,0.0,0.0,0.0,0.0
0.02265,0.20124999999999998,0.0,0.0,0.0,0.0,0.0,0.0,0.0,0.0
0.02265,0.20475,0.0,0.0,0.0,0.0,0.0,0.0,0.0,0.0
0.02265,0.20825,0.0,0.0,0.0,0.0,0.0,0.0,0.0,0.0
0.02265,0.21175,0.0,0.0,0.0,0.0,0.0,0.0,0.0,0.0
0.02265,0.21525,1.0,0.02034960806941253,0.0,1.1088506357447845,36.190943332089645,1.2295497323916127,1309.784379266524,40.13035052199107
0.02265,0.21875,0.0,0.0,0.0,0.0,0.0,0.0,0.0,0.0
0.02265,0.22225,0.0,0.0,0.0,0.0,0.0,0.0,0.0,0.0
0.02265,0.22575,0.0,0.0,0.0,0.0,0.0,0.0,0.0,0.0
0.02265,0.22924999999999998,0.0,0.0,0.0,0.0,0.0,0.0,0.0,0.0
0.02265,0.23274999999999998,0.0,0.0,0.0,0.0,0.0,0.0,0.0,0.0
0.02265,0.23625,0.0,0.0,0.0,0.0,0.0,0.0,0.0,0.0
0.02265,0.23975,0.0,0.0,0.0,0.0,0.0,0.0,0.0,0.0
0.02265,0.24325,1.0,0.03521590069042208,0.0,0.5796044130243987,34.70041420954195,0.33594127559735776,1204.1187463137805,20.112513209625064
0.02265,0.24675,0.0,0.0,0.0,0.0,0.0,0.0,0.0,0.0
0.02265,0.25025,0.0,0.0,0.0,0.0,0.0,0.0,0.0,0.0
0.02265,0.25375,0.0,0.0,0.0,0.0,0.0,0.0,0.0,0.0
0.02265,0.25725,0.0,0.0,0.0,0.0,0.0,0.0,0.0,0.0
0.02265,0.26075,0.0,0.0,0.0,0.0,0.0,0.0,0.0,0.0
0.02265,0.26425,0.0,0.0,0.0,0.0,0.0,0.0,0.0,0.0
0.02265,0.26775,0.0,0.0,0.0,0.0,0.0,0.0,0.0,0.0
0.02265,0.27125,0.0,0.0,0.0,0.0,0.0,0.0,0.0,0.0
0.02265,0.27475,0.0,0.0,0.0,0.0,0.0,0.0,0.0,0.0
0.02265,0.27825,0.0,0.0,0.0,0.0,0.0,0.0,0.0,0.0
0.02265,0.28175,0.0,0.0,0.0,0.0,0.0,0.0,0.0,0.0
0.02265,0.28525,0.0,0.0,0.0,0.0,0.0,0.0,0.0,0.0
0.02265,0.28875,0.0,0.0,0.0,0.0,0.0,0.0,0.0,0.0
0.02265,0.29225,1.0,0.04601724292592543,0.0,0.08031961465248558,38.59186311398708,0.006451240497923776,1489.3318986087168,3.0996835740369146
0.02265,0.29575,0.0,0.0,0.0,0.0,0.0,0.0,0.0,0.0
0.02265,0.29925,0.0,0.0,0.0,0.0,0.0,0.0,0.0,0.0
0.02265,0.30275,0.0,0.0,0.0,0.0,0.0,0.0,0.0,0.0
0.02265,0.30624999999999997,0.0,0.0,0.0,0.0,0.0,0.0,0.0,0.0
0.02265,0.30974999999999997,0.0,0.0,0.0,0.0,0.0,0.0,0.0,0.0
0.02265,0.31325,0.0,0.0,0.0,0.0,0.0,0.0,0.0,0.0
0.02265,0.31675,0.0,0.0,0.0,0.0,0.0,0.0,0.0,0.0
0.02265,0.32025,0.0,0.0,0.0,0.0,0.0,0.0,0.0,0.0
0.02265,0.32375,0.0,0.0,0.0,0.0,0.0,0.0,0.0,0.0
0.02265,0.32725,0.0,0.0,0.0,0.0,0.0,0.0,0.0,0.0
0.02265,0.33075,0.0,0.0,0.0,0.0,0.0,0.0,0.0,0.0
0.02265,0.33425,0.0,0.0,0.0,0.0,0.0,0.0,0.0,0.0
0.02265,0.33775,0.0,0.0,0.0,0.0,0.0,0.0,0.0,0.0
0.02265,0.34125,0.0,0.0,0.0,0.0,0.0,0.0,0.0,0.0
0.02265,0.34475,0.0,0.0,0.0,0.0,0.0,0.0,0.0,0.0
0.02265,0.34825,0.0,0.0,0.0,0.0,0.0,0.0,0.0,0.0
0.022949999999999998,0.00175,0.0,0.0,0.0,0.0,0.0,0.0,0.0,0.0
0.022949999999999998,0.0052499999999999995,0.0,0.0,0.0,0.0,0.0,0.0,0.0,0.0
0.022949999999999998,0.008749999999999999,0.0,0.0,0.0,0.0,0.0,0.0,0.0,0.0
0.022949999999999998,0.01225,0.0,0.0,0.0,0.0,0.0,0.0,0.0,0.0
0.022949999999999998,0.01575,0.0,0.0,0.0,0.0,0.0,0.0,0.0,0.0
0.022949999999999998,0.01925,0.0,0.0,0.0,0.0,0.0,0.0,0.0,0.0
0.022949999999999998,0.02275,0.0,0.0,0.0,0.0,0.0,0.0,0.0,0.0
0.022949999999999998,0.02625,0.0,0.0,0.0,0.0,0.0,0.0,0.0,0.0
0.022949999999999998,0.02975,0.0,0.0,0.0,0.0,0.0,0.0,0.0,0.0
0.022949999999999998,0.03325,0.0,0.0,0.0,0.0,0.0,0.0,0.0,0.0
0.022949999999999998,0.03675,0.0,0.0,0.0,0.0,0.0,0.0,0.0,0.0
0.022949999999999998,0.04025,0.0,0.0,0.0,0.0,0.0,0.0,0.0,0.0
0.022949999999999998,0.04375,0.0,0.0,0.0,0.0,0.0,0.0,0.0,0.0
0.022949999999999998,0.04725,0.0,0.0,0.0,0.0,0.0,0.0,0.0,0.0
0.022949999999999998,0.050749999999999997,0.0,0.0,0.0,0.0,0.0,0.0,0.0,0.0
0.022949999999999998,0.05425,0.0,0.0,0.0,0.0,0.0,0.0,0.0,0.0
0.022949999999999998,0.057749999999999996,0.0,0.0,0.0,0.0,0.0,0.0,0.0,0.0
0.022949999999999998,0.06125,0.0,0.0,0.0,0.0,0.0,0.0,0.0,0.0
0.022949999999999998,0.06475,0.0,0.0,0.0,0.0,0.0,0.0,0.0,0.0
0.022949999999999998,0.06824999999999999,0.0,0.0,0.0,0.0,0.0,0.0,0.0,0.0
0.022949999999999998,0.07175,0.0,0.0,0.0,0.0,0.0,0.0,0.0,0.0
0.022949999999999998,0.07525,0.0,0.0,0.0,0.0,0.0,0.0,0.0,0.0
0.022949999999999998,0.07875,0.0,0.0,0.0,0.0,0.0,0.0,0.0,0.0
0.022949999999999998,0.08225,0.0,0.0,0.0,0.0,0.0,0.0,0.0,0.0
0.022949999999999998,0.08574999999999999,0.0,0.0,0.0,0.0,0.0,0.0,0.0,0.0
0.022949999999999998,0.08925,0.0,0.0,0.0,0.0,0.0,0.0,0.0,0.0
0.022949999999999998,0.09275,0.0,0.0,0.0,0.0,0.0,0.0,0.0,0.0
0.022949999999999998,0.09625,0.0,0.0,0.0,0.0,0.0,0.0,0.0,0.0
0.022949999999999998,0.09974999999999999,0.0,0.0,0.0,0.0,0.0,0.0,0.0,0.0
0.022949999999999998,0.10325,0.0,0.0,0.0,0.0,0.0,0.0,0.0,0.0
0.022949999999999998,0.10675,0.0,0.0,0.0,0.0,0.0,0.0,0.0,0.0
0.022949999999999998,0.11025,0.0,0.0,0.0,0.0,0.0,0.0,0.0,0.0
0.022949999999999998,0.11374999999999999,0.0,0.0,0.0,0.0,0.0,0.0,0.0,0.0
0.022949999999999998,0.11725,0.0,0.0,0.0,0.0,0.0,0.0,0.0,0.0
0.022949999999999998,0.12075,0.0,0.0,0.0,0.0,0.0,0.0,0.0,0.0
0.022949999999999998,0.12425,1.0,0.030952904456034117,0.0,0.0313345050388585,15.324068437405447,0.0009818512060302486,234.82707347428584,0.4801720996676935
0.022949999999999998,0.12775,0.0,0.0,0.0,0.0,0.0,0.0,0.0,0.0
0.022949999999999998,0.13125,0.0,0.0,0.0,0.0,0.0,0.0,0.0,0.0
0.022949999999999998,0.13475,0.0,0.0,0.0,0.0,0.0,0.0,0.0,0.0
0.022949999999999998,0.13824999999999998,1.0,0.036180333378441475,0.0,0.2705554633597891,26.5594128620898,0.07320025875383017,705.4024115789412,7.185794253466648
0.022949999999999998,0.14175,0.0,0.0,0.0,0.0,0.0,0.0,0.0,0.0
0.022949999999999998,0.14525,2.0,0.025634069484224434,5.1054885648127836e-5,-1.217480035530241,29.998892691682663,1.8909350545445578,902.2931662415226,-37.505049208413695
0.022949999999999998,0.14875,1.0,0.02074280480273591,0.0,-2.554503943972791,26.13896383745144,6.525490399772544,683.2454304955941,-66.77208621413186
0.022949999999999998,0.15225,0.0,0.0,0.0,0.0,0.0,0.0,0.0,0.0
0.022949999999999998,0.15575,2.0,0.024279681538322072,8.169553437757461e-6,0.5078442158024457,32.7340945008968,0.3242694755281471,1078.1452348575858,17.286853519883998
0.022949999999999998,0.15925,0.0,0.0,0.0,0.0,0.0,0.0,0.0,0.0
0.022949999999999998,0.16275,1.0,0.03263194185765722,0.0,-0.22928769207597924,38.28942318965398,0.05257284573752907,1466.079928196412,-8.77929347407624
0.022949999999999998,0.16625,1.0,0.021525356645531256,0.0,1.390379648800641,30.88362227256276,1.9331555677989938,953.7981246743346,42.939959889017466
0.022949999999999998,0.16974999999999998,0.0,0.0,0.0,0.0,0.0,0.0,0.0,0.0
0.022949999999999998,0.17325,0.0,0.0,0.0,0.0,0.0,0.0,0.0,0.0
0.022949999999999998,0.17675,1.0,0.03336284710567583,0.0,-6.650302829998106,34.6919290814572,44.226527730680814,1203.5299433928556,-230.7118341485084
0.022949999999999998,0.18025,0.0,0.0,0.0,0.0,0.0,0.0,0.0,0.0
0.022949999999999998,0.18375,1.0,0.030674164376321193,0.0,7.6673749368853965,25.98206724006655,58.78863842277834,675.0678180673393,199.21425116495737
0.022949999999999998,0.18725,0.0,0.0,0.0,0.0,0.0,0.0,0.0,0.0
0.022949999999999998,0.19075,0.0,0.0,0.0,0.0,0.0,0.0,0.0,0.0
0.022949999999999998,0.19425,0.0,0.0,0.0,0.0,0.0,0.0,0.0,0.0
0.022949999999999998,0.19774999999999998,0.0,0.0,0.0,0.0,0.0,0.0,0.0,0.0
0.022949999999999998,0.20124999999999998,0.0,0.0,0.0,0.0,0.0,0.0,0.0,0.0
0.022949999999999998,0.20475,0.0,0.0,0.0,0.0,0.0,0.0,0.0,0.0
0.022949999999999998,0.20825,0.0,0.0,0.0,0.0,0.0,0.0,0.0,0.0
0.022949999999999998,0.21175,0.0,0.0,0.0,0.0,0.0,0.0,0.0,0.0
0.022949999999999998,0.21525,0.0,0.0,0.0,0.0,0.0,0.0,0.0,0.0
0.022949999999999998,0.21875,0.0,0.0,0.0,0.0,0.0,0.0,0.0,0.0
0.022949999999999998,0.22225,0.0,0.0,0.0,0.0,0.0,0.0,0.0,0.0
0.022949999999999998,0.22575,0.0,0.0,0.0,0.0,0.0,0.0,0.0,0.0
0.022949999999999998,0.22924999999999998,0.0,0.0,0.0,0.0,0.0,0.0,0.0,0.0
0.022949999999999998,0.23274999999999998,0.0,0.0,0.0,0.0,0.0,0.0,0.0,0.0
0.022949999999999998,0.23625,0.0,0.0,0.0,0.0,0.0,0.0,0.0,0.0
0.022949999999999998,0.23975,0.0,0.0,0.0,0.0,0.0,0.0,0.0,0.0
0.022949999999999998,0.24325,0.0,0.0,0.0,0.0,0.0,0.0,0.0,0.0
0.022949999999999998,0.24675,0.0,0.0,0.0,0.0,0.0,0.0,0.0,0.0
0.022949999999999998,0.25025,0.0,0.0,0.0,0.0,0.0,0.0,0.0,0.0
0.022949999999999998,0.25375,0.0,0.0,0.0,0.0,0.0,0.0,0.0,0.0
0.022949999999999998,0.25725,0.0,0.0,0.0,0.0,0.0,0.0,0.0,0.0
0.022949999999999998,0.26075,0.0,0.0,0.0,0.0,0.0,0.0,0.0,0.0
0.022949999999999998,0.26425,0.0,0.0,0.0,0.0,0.0,0.0,0.0,0.0
0.022949999999999998,0.26775,0.0,0.0,0.0,0.0,0.0,0.0,0.0,0.0
0.022949999999999998,0.27125,0.0,0.0,0.0,0.0,0.0,0.0,0.0,0.0
0.022949999999999998,0.27475,0.0,0.0,0.0,0.0,0.0,0.0,0.0,0.0
0.022949999999999998,0.27825,0.0,0.0,0.0,0.0,0.0,0.0,0.0,0.0
0.022949999999999998,0.28175,0.0,0.0,0.0,0.0,0.0,0.0,0.0,0.0
0.022949999999999998,0.28525,0.0,0.0,0.0,0.0,0.0,0.0,0.0,0.0
0.022949999999999998,0.28875,0.0,0.0,0.0,0.0,0.0,0.0,0.0,0.0
0.022949999999999998,0.29225,0.0,0.0,0.0,0.0,0.0,0.0,0.0,0.0
0.022949999999999998,0.29575,0.0,0.0,0.0,0.0,0.0,0.0,0.0,0.0
0.022949999999999998,0.29925,0.0,0.0,0.0,0.0,0.0,0.0,0.0,0.0
0.022949999999999998,0.30275,0.0,0.0,0.0,0.0,0.0,0.0,0.0,0.0
0.022949999999999998,0.30624999999999997,1.0,0.03963167000617268,0.0,0.8953314855116581,28.879796014801148,0.8016184689485124,834.0426178565242,25.856990667205576
0.022949999999999998,0.30974999999999997,0.0,0.0,0.0,0.0,0.0,0.0,0.0,0.0
0.022949999999999998,0.31325,0.0,0.0,0.0,0.0,0.0,0.0,0.0,0.0
0.022949999999999998,0.31675,0.0,0.0,0.0,0.0,0.0,0.0,0.0,0.0
0.022949999999999998,0.32025,0.0,0.0,0.0,0.0,0.0,0.0,0.0,0.0
0.022949999999999998,0.32375,0.0,0.0,0.0,0.0,0.0,0.0,0.0,0.0
0.022949999999999998,0.32725,0.0,0.0,0.0,0.0,0.0,0.0,0.0,0.0
0.022949999999999998,0.33075,0.0,0.0,0.0,0.0,0.0,0.0,0.0,0.0
0.022949999999999998,0.33425,0.0,0.0,0.0,0.0,0.0,0.0,0.0,0.0
0.022949999999999998,0.33775,0.0,0.0,0.0,0.0,0.0,0.0,0.0,0.0
0.022949999999999998,0.34125,0.0,0.0,0.0,0.0,0.0,0.0,0.0,0.0
0.022949999999999998,0.34475,0.0,0.0,0.0,0.0,0.0,0.0,0.0,0.0
0.022949999999999998,0.34825,0.0,0.0,0.0,0.0,0.0,0.0,0.0,0.0
0.02325,0.00175,0.0,0.0,0.0,0.0,0.0,0.0,0.0,0.0
0.02325,0.0052499999999999995,0.0,0.0,0.0,0.0,0.0,0.0,0.0,0.0
0.02325,0.008749999999999999,0.0,0.0,0.0,0.0,0.0,0.0,0.0,0.0
0.02325,0.01225,0.0,0.0,0.0,0.0,0.0,0.0,0.0,0.0
0.02325,0.01575,0.0,0.0,0.0,0.0,0.0,0.0,0.0,0.0
0.02325,0.01925,0.0,0.0,0.0,0.0,0.0,0.0,0.0,0.0
0.02325,0.02275,0.0,0.0,0.0,0.0,0.0,0.0,0.0,0.0
0.02325,0.02625,0.0,0.0,0.0,0.0,0.0,0.0,0.0,0.0
0.02325,0.02975,0.0,0.0,0.0,0.0,0.0,0.0,0.0,0.0
0.02325,0.03325,0.0,0.0,0.0,0.0,0.0,0.0,0.0,0.0
0.02325,0.03675,0.0,0.0,0.0,0.0,0.0,0.0,0.0,0.0
0.02325,0.04025,0.0,0.0,0.0,0.0,0.0,0.0,0.0,0.0
0.02325,0.04375,0.0,0.0,0.0,0.0,0.0,0.0,0.0,0.0
0.02325,0.04725,0.0,0.0,0.0,0.0,0.0,0.0,0.0,0.0
0.02325,0.050749999999999997,0.0,0.0,0.0,0.0,0.0,0.0,0.0,0.0
0.02325,0.05425,0.0,0.0,0.0,0.0,0.0,0.0,0.0,0.0
0.02325,0.057749999999999996,0.0,0.0,0.0,0.0,0.0,0.0,0.0,0.0
0.02325,0.06125,0.0,0.0,0.0,0.0,0.0,0.0,0.0,0.0
0.02325,0.06475,0.0,0.0,0.0,0.0,0.0,0.0,0.0,0.0
0.02325,0.06824999999999999,0.0,0.0,0.0,0.0,0.0,0.0,0.0,0.0
0.02325,0.07175,0.0,0.0,0.0,0.0,0.0,0.0,0.0,0.0
0.02325,0.07525,0.0,0.0,0.0,0.0,0.0,0.0,0.0,0.0
0.02325,0.07875,0.0,0.0,0.0,0.0,0.0,0.0,0.0,0.0
0.02325,0.08225,0.0,0.0,0.0,0.0,0.0,0.0,0.0,0.0
0.02325,0.08574999999999999,0.0,0.0,0.0,0.0,0.0,0.0,0.0,0.0
0.02325,0.08925,0.0,0.0,0.0,0.0,0.0,0.0,0.0,0.0
0.02325,0.09275,0.0,0.0,0.0,0.0,0.0,0.0,0.0,0.0
0.02325,0.09625,0.0,0.0,0.0,0.0,0.0,0.0,0.0,0.0
0.02325,0.09974999999999999,0.0,0.0,0.0,0.0,0.0,0.0,0.0,0.0
0.02325,0.10325,0.0,0.0,0.0,0.0,0.0,0.0,0.0,0.0
0.02325,0.10675,0.0,0.0,0.0,0.0,0.0,0.0,0.0,0.0
0.02325,0.11025,0.0,0.0,0.0,0.0,0.0,0.0,0.0,0.0
0.02325,0.11374999999999999,0.0,0.0,0.0,0.0,0.0,0.0,0.0,0.0
0.02325,0.11725,0.0,0.0,0.0,0.0,0.0,0.0,0.0,0.0
0.02325,0.12075,0.0,0.0,0.0,0.0,0.0,0.0,0.0,0.0
0.02325,0.12425,1.0,0.01503556144250452,0.0,0.06288422000842307,15.809491808827266,0.003954425126067757,249.94003125337642,0.9941675611276563
0.02325,0.12775,0.0,0.0,0.0,0.0,0.0,0.0,0.0,0.0
0.02325,0.13125,0.0,0.0,0.0,0.0,0.0,0.0,0.0,0.0
0.02325,0.13475,0.0,0.0,0.0,0.0,0.0,0.0,0.0,0.0
0.02325,0.13824999999999998,0.0,0.0,0.0,0.0,0.0,0.0,0.0,0.0
0.02325,0.14175,0.0,0.0,0.0,0.0,0.0,0.0,0.0,0.0
0.02325,0.14525,0.0,0.0,0.0,0.0,0.0,0.0,0.0,0.0
0.02325,0.14875,0.0,0.0,0.0,0.0,0.0,0.0,0.0,0.0
0.02325,0.15225,0.0,0.0,0.0,0.0,0.0,0.0,0.0,0.0
0.02325,0.15575,0.0,0.0,0.0,0.0,0.0,0.0,0.0,0.0
0.02325,0.15925,0.0,0.0,0.0,0.0,0.0,0.0,0.0,0.0
0.02325,0.16275,0.0,0.0,0.0,0.0,0.0,0.0,0.0,0.0
0.02325,0.16625,0.0,0.0,0.0,0.0,0.0,0.0,0.0,0.0
0.02325,0.16974999999999998,0.0,0.0,0.0,0.0,0.0,0.0,0.0,0.0
0.02325,0.17325,0.0,0.0,0.0,0.0,0.0,0.0,0.0,0.0
0.02325,0.17675,1.0,0.024516825212115095,0.0,-1.6395399066825493,40.54034464625127,2.6880911056046224,1643.519544036834,-66.46751287819319
0.02325,0.18025,0.0,0.0,0.0,0.0,0.0,0.0,0.0,0.0
0.02325,0.18375,0.0,0.0,0.0,0.0,0.0,0.0,0.0,0.0
0.02325,0.18725,0.0,0.0,0.0,0.0,0.0,0.0,0.0,0.0
0.02325,0.19075,0.0,0.0,0.0,0.0,0.0,0.0,0.0,0.0
0.02325,0.19425,0.0,0.0,0.0,0.0,0.0,0.0,0.0,0.0
0.02325,0.19774999999999998,0.0,0.0,0.0,0.0,0.0,0.0,0.0,0.0
0.02325,0.20124999999999998,0.0,0.0,0.0,0.0,0.0,0.0,0.0,0.0
0.02325,0.20475,0.0,0.0,0.0,0.0,0.0,0.0,0.0,0.0
0.02325,0.20825,0.0,0.0,0.0,0.0,0.0,0.0,0.0,0.0
0.02325,0.21175,0.0,0.0,0.0,0.0,0.0,0.0,0.0,0.0
0.02325,0.21525,0.0,0.0,0.0,0.0,0.0,0.0,0.0,0.0
0.02325,0.21875,0.0,0.0,0.0,0.0,0.0,0.0,0.0,0.0
0.02325,0.22225,0.0,0.0,0.0,0.0,0.0,0.0,0.0,0.0
0.02325,0.22575,0.0,0.0,0.0,0.0,0.0,0.0,0.0,0.0
0.02325,0.22924999999999998,0.0,0.0,0.0,0.0,0.0,0.0,0.0,0.0
0.02325,0.23274999999999998,0.0,0.0,0.0,0.0,0.0,0.0,0.0,0.0
0.02325,0.23625,0.0,0.0,0.0,0.0,0.0,0.0,0.0,0.0
0.02325,0.23975,0.0,0.0,0.0,0.0,0.0,0.0,0.0,0.0
0.02325,0.24325,0.0,0.0,0.0,0.0,0.0,0.0,0.0,0.0
0.02325,0.24675,0.0,0.0,0.0,0.0,0.0,0.0,0.0,0.0
0.02325,0.25025,0.0,0.0,0.0,0.0,0.0,0.0,0.0,0.0
0.02325,0.25375,0.0,0.0,0.0,0.0,0.0,0.0,0.0,0.0
0.02325,0.25725,0.0,0.0,0.0,0.0,0.0,0.0,0.0,0.0
0.02325,0.26075,0.0,0.0,0.0,0.0,0.0,0.0,0.0,0.0
0.02325,0.26425,0.0,0.0,0.0,0.0,0.0,0.0,0.0,0.0
0.02325,0.26775,0.0,0.0,0.0,0.0,0.0,0.0,0.0,0.0
0.02325,0.27125,0.0,0.0,0.0,0.0,0.0,0.0,0.0,0.0
0.02325,0.27475,0.0,0.0,0.0,0.0,0.0,0.0,0.0,0.0
0.02325,0.27825,1.0,0.02589491137982248,0.0,-1.7029591052593698,22.932363482458136,2.9000697141857934,525.8932948915794,-39.05287719756955
0.02325,0.28175,0.0,0.0,0.0,0.0,0.0,0.0,0.0,0.0
0.02325,0.28525,0.0,0.0,0.0,0.0,0.0,0.0,0.0,0.0
0.02325,0.28875,1.0,0.036114521212832464,0.0,-4.725960827836042,17.54150155853902,22.33470574624073,307.70427692822693,-82.9004492270803
0.02325,0.29225,0.0,0.0,0.0,0.0,0.0,0.0,0.0,0.0
0.02325,0.29575,0.0,0.0,0.0,0.0,0.0,0.0,0.0,0.0
0.02325,0.29925,0.0,0.0,0.0,0.0,0.0,0.0,0.0,0.0
0.02325,0.30275,0.0,0.0,0.0,0.0,0.0,0.0,0.0,0.0
0.02325,0.30624999999999997,0.0,0.0,0.0,0.0,0.0,0.0,0.0,0.0
0.02325,0.30974999999999997,0.0,0.0,0.0,0.0,0.0,0.0,0.0,0.0
0.02325,0.31325,0.0,0.0,0.0,0.0,0.0,0.0,0.0,0.0
0.02325,0.31675,0.0,0.0,0.0,0.0,0.0,0.0,0.0,0.0
0.02325,0.32025,0.0,0.0,0.0,0.0,0.0,0.0,0.0,0.0
0.02325,0.32375,0.0,0.0,0.0,0.0,0.0,0.0,0.0,0.0
0.02325,0.32725,0.0,0.0,0.0,0.0,0.0,0.0,0.0,0.0
0.02325,0.33075,0.0,0.0,0.0,0.0,0.0,0.0,0.0,0.0
0.02325,0.33425,0.0,0.0,0.0,0.0,0.0,0.0,0.0,0.0
0.02325,0.33775,0.0,0.0,0.0,0.0,0.0,0.0,0.0,0.0
0.02325,0.34125,0.0,0.0,0.0,0.0,0.0,0.0,0.0,0.0
0.02325,0.34475,0.0,0.0,0.0,0.0,0.0,0.0,0.0,0.0
0.02325,0.34825,0.0,0.0,0.0,0.0,0.0,0.0,0.0,0.0
0.023549999999999998,0.00175,0.0,0.0,0.0,0.0,0.0,0.0,0.0,0.0
0.023549999999999998,0.0052499999999999995,0.0,0.0,0.0,0.0,0.0,0.0,0.0,0.0
0.023549999999999998,0.008749999999999999,0.0,0.0,0.0,0.0,0.0,0.0,0.0,0.0
0.023549999999999998,0.01225,0.0,0.0,0.0,0.0,0.0,0.0,0.0,0.0
0.023549999999999998,0.01575,0.0,0.0,0.0,0.0,0.0,0.0,0.0,0.0
0.023549999999999998,0.01925,0.0,0.0,0.0,0.0,0.0,0.0,0.0,0.0
0.023549999999999998,0.02275,0.0,0.0,0.0,0.0,0.0,0.0,0.0,0.0
0.023549999999999998,0.02625,0.0,0.0,0.0,0.0,0.0,0.0,0.0,0.0
0.023549999999999998,0.02975,0.0,0.0,0.0,0.0,0.0,0.0,0.0,0.0
0.023549999999999998,0.03325,0.0,0.0,0.0,0.0,0.0,0.0,0.0,0.0
0.023549999999999998,0.03675,0.0,0.0,0.0,0.0,0.0,0.0,0.0,0.0
0.023549999999999998,0.04025,0.0,0.0,0.0,0.0,0.0,0.0,0.0,0.0
0.023549999999999998,0.04375,0.0,0.0,0.0,0.0,0.0,0.0,0.0,0.0
0.023549999999999998,0.04725,0.0,0.0,0.0,0.0,0.0,0.0,0.0,0.0
0.023549999999999998,0.050749999999999997,0.0,0.0,0.0,0.0,0.0,0.0,0.0,0.0
0.023549999999999998,0.05425,0.0,0.0,0.0,0.0,0.0,0.0,0.0,0.0
0.023549999999999998,0.057749999999999996,0.0,0.0,0.0,0.0,0.0,0.0,0.0,0.0
0.023549999999999998,0.06125,0.0,0.0,0.0,0.0,0.0,0.0,0.0,0.0
0.023549999999999998,0.06475,0.0,0.0,0.0,0.0,0.0,0.0,0.0,0.0
0.023549999999999998,0.06824999999999999,0.0,0.0,0.0,0.0,0.0,0.0,0.0,0.0
0.023549999999999998,0.07175,0.0,0.0,0.0,0.0,0.0,0.0,0.0,0.0
0.023549999999999998,0.07525,0.0,0.0,0.0,0.0,0.0,0.0,0.0,0.0
0.023549999999999998,0.07875,0.0,0.0,0.0,0.0,0.0,0.0,0.0,0.0
0.023549999999999998,0.08225,0.0,0.0,0.0,0.0,0.0,0.0,0.0,0.0
0.023549999999999998,0.08574999999999999,0.0,0.0,0.0,0.0,0.0,0.0,0.0,0.0
0.023549999999999998,0.08925,0.0,0.0,0.0,0.0,0.0,0.0,0.0,0.0
0.023549999999999998,0.09275,0.0,0.0,0.0,0.0,0.0,0.0,0.0,0.0
0.023549999999999998,0.09625,0.0,0.0,0.0,0.0,0.0,0.0,0.0,0.0
0.023549999999999998,0.09974999999999999,0.0,0.0,0.0,0.0,0.0,0.0,0.0,0.0
0.023549999999999998,0.10325,0.0,0.0,0.0,0.0,0.0,0.0,0.0,0.0
0.023549999999999998,0.10675,0.0,0.0,0.0,0.0,0.0,0.0,0.0,0.0
0.023549999999999998,0.11025,0.0,0.0,0.0,0.0,0.0,0.0,0.0,0.0
0.023549999999999998,0.11374999999999999,1.0,0.026463090268630887,0.0,-0.7337479711884631,10.289842033855546,0.5383860852231858,105.88084908170045,-7.550150716191276
0.023549999999999998,0.11725,0.0,0.0,0.0,0.0,0.0,0.0,0.0,0.0
0.023549999999999998,0.12075,0.0,0.0,0.0,0.0,0.0,0.0,0.0,0.0
0.023549999999999998,0.12425,1.0,0.034165182724968275,0.0,-0.4007547206977225,18.925049556182632,0.16060434616150956,358.1575007039684,-7.584302949078528
0.023549999999999998,0.12775,0.0,0.0,0.0,0.0,0.0,0.0,0.0,0.0
0.023549999999999998,0.13125,1.0,0.026264463895141282,0.0,3.3602469546851736,13.513948123689362,11.291259596470983,182.6267938897672,45.410203028400595
0.023549999999999998,0.13475,1.0,0.012946136346744713,0.0,0.043765747607177656,28.734266763555482,0.0019154406636151767,825.6580864391692,1.2575766668510828
0.023549999999999998,0.13824999999999998,0.0,0.0,0.0,0.0,0.0,0.0,0.0,0.0
0.023549999999999998,0.14175,0.0,0.0,0.0,0.0,0.0,0.0,0.0,0.0
0.023549999999999998,0.14525,2.0,0.029350208947071996,0.00015896632139639788,-1.0953166809292092,32.59391058100704,1.2062819587923492,1062.4267322449448,-35.72110511456526
0.023549999999999998,0.14875,0.0,0.0,0.0,0.0,0.0,0.0,0.0,0.0
0.023549999999999998,0.15225,0.0,0.0,0.0,0.0,0.0,0.0,0.0,0.0
0.023549999999999998,0.15575,2.0,0.03998786966617792,3.327004469866528e-5,0.3661849348664359,37.177647770811454,0.13574721495318232,1382.8886334207618,13.579579646882467
0.023549999999999998,0.15925,1.0,0.03150802634883243,0.0,-0.2153652573831102,33.387334537950956,0.0463821940876933,1114.7141075490529,-7.190471896101812
0.023549999999999998,0.16275,0.0,0.0,0.0,0.0,0.0,0.0,0.0,0.0
0.023549999999999998,0.16625,0.0,0.0,0.0,0.0,0.0,0.0,0.0,0.0
0.023549999999999998,0.16974999999999998,0.0,0.0,0.0,0.0,0.0,0.0,0.0,0.0
0.023549999999999998,0.17325,0.0,0.0,0.0,0.0,0.0,0.0,0.0,0.0
0.023549999999999998,0.17675,0.0,0.0,0.0,0.0,0.0,0.0,0.0,0.0
0.023549999999999998,0.18025,0.0,0.0,0.0,0.0,0.0,0.0,0.0,0.0
0.023549999999999998,0.18375,0.0,0.0,0.0,0.0,0.0,0.0,0.0,0.0
0.023549999999999998,0.18725,0.0,0.0,0.0,0.0,0.0,0.0,0.0,0.0
0.023549999999999998,0.19075,1.0,0.03895070058250103,0.0,0.5048109598472904,40.01423298996932,0.25483410518194266,1601.1388417755493,20.199623363219526
0.023549999999999998,0.19425,0.0,0.0,0.0,0.0,0.0,0.0,0.0,0.0
0.023549999999999998,0.19774999999999998,0.0,0.0,0.0,0.0,0.0,0.0,0.0,0.0
0.023549999999999998,0.20124999999999998,0.0,0.0,0.0,0.0,0.0,0.0,0.0,0.0
0.023549999999999998,0.20475,1.0,0.049276941937674006,0.0,-0.7378452278281926,31.659761789953702,0.5444155802288375,1002.3405165966125,-23.360004150894696
0.023549999999999998,0.20825,0.0,0.0,0.0,0.0,0.0,0.0,0.0,0.0
0.023549999999999998,0.21175,0.0,0.0,0.0,0.0,0.0,0.0,0.0,0.0
0.023549999999999998,0.21525,0.0,0.0,0.0,0.0,0.0,0.0,0.0,0.0
0.023549999999999998,0.21875,0.0,0.0,0.0,0.0,0.0,0.0,0.0,0.0
0.023549999999999998,0.22225,0.0,0.0,0.0,0.0,0.0,0.0,0.0,0.0
0.023549999999999998,0.22575,0.0,0.0,0.0,0.0,0.0,0.0,0.0,0.0
0.023549999999999998,0.22924999999999998,0.0,0.0,0.0,0.0,0.0,0.0,0.0,0.0
0.023549999999999998,0.23274999999999998,0.0,0.0,0.0,0.0,0.0,0.0,0.0,0.0
0.023549999999999998,0.23625,0.0,0.0,0.0,0.0,0.0,0.0,0.0,0.0
0.023549999999999998,0.23975,0.0,0.0,0.0,0.0,0.0,0.0,0.0,0.0
0.023549999999999998,0.24325,0.0,0.0,0.0,0.0,0.0,0.0,0.0,0.0
0.023549999999999998,0.24675,0.0,0.0,0.0,0.0,0.0,0.0,0.0,0.0
0.023549999999999998,0.25025,0.0,0.0,0.0,0.0,0.0,0.0,0.0,0.0
0.023549999999999998,0.25375,1.0,0.04447741803495084,0.0,0.8313119390493404,19.00870511821682,0.6910795400059743,361.33087027132234,15.802163510641947
0.023549999999999998,0.25725,0.0,0.0,0.0,0.0,0.0,0.0,0.0,0.0
0.023549999999999998,0.26075,1.0,0.0360993130283227,0.0,0.23733395628871734,13.877394507924452,0.056327406807654794,192.58207832857173,3.293576941545028
0.023549999999999998,0.26425,0.0,0.0,0.0,0.0,0.0,0.0,0.0,0.0
0.023549999999999998,0.26775,0.0,0.0,0.0,0.0,0.0,0.0,0.0,0.0
0.023549999999999998,0.27125,0.0,0.0,0.0,0.0,0.0,0.0,0.0,0.0
0.023549999999999998,0.27475,0.0,0.0,0.0,0.0,0.0,0.0,0.0,0.0
0.023549999999999998,0.27825,0.0,0.0,0.0,0.0,0.0,0.0,0.0,0.0
0.023549999999999998,0.28175,0.0,0.0,0.0,0.0,0.0,0.0,0.0,0.0
0.023549999999999998,0.28525,0.0,0.0,0.0,0.0,0.0,0.0,0.0,0.0
0.023549999999999998,0.28875,0.0,0.0,0.0,0.0,0.0,0.0,0.0,0.0
0.023549999999999998,0.29225,0.0,0.0,0.0,0.0,0.0,0.0,0.0,0.0
0.023549999999999998,0.29575,0.0,0.0,0.0,0.0,0.0,0.0,0.0,0.0
0.023549999999999998,0.29925,0.0,0.0,0.0,0.0,0.0,0.0,0.0,0.0
0.023549999999999998,0.30275,0.0,0.0,0.0,0.0,0.0,0.0,0.0,0.0
0.023549999999999998,0.30624999999999997,0.0,0.0,0.0,0.0,0.0,0.0,0.0,0.0
0.023549999999999998,0.30974999999999997,0.0,0.0,0.0,0.0,0.0,0.0,0.0,0.0
0.023549999999999998,0.31325,0.0,0.0,0.0,0.0,0.0,0.0,0.0,0.0
0.023549999999999998,0.31675,0.0,0.0,0.0,0.0,0.0,0.0,0.0,0.0
0.023549999999999998,0.32025,0.0,0.0,0.0,0.0,0.0,0.0,0.0,0.0
0.023549999999999998,0.32375,0.0,0.0,0.0,0.0,0.0,0.0,0.0,0.0
0.023549999999999998,0.32725,0.0,0.0,0.0,0.0,0.0,0.0,0.0,0.0
0.023549999999999998,0.33075,0.0,0.0,0.0,0.0,0.0,0.0,0.0,0.0
0.023549999999999998,0.33425,0.0,0.0,0.0,0.0,0.0,0.0,0.0,0.0
0.023549999999999998,0.33775,0.0,0.0,0.0,0.0,0.0,0.0,0.0,0.0
0.023549999999999998,0.34125,0.0,0.0,0.0,0.0,0.0,0.0,0.0,0.0
0.023549999999999998,0.34475,0.0,0.0,0.0,0.0,0.0,0.0,0.0,0.0
0.023549999999999998,0.34825,0.0,0.0,0.0,0.0,0.0,0.0,0.0,0.0
0.02385,0.00175,0.0,0.0,0.0,0.0,0.0,0.0,0.0,0.0
0.02385,0.0052499999999999995,0.0,0.0,0.0,0.0,0.0,0.0,0.0,0.0
0.02385,0.008749999999999999,0.0,0.0,0.0,0.0,0.0,0.0,0.0,0.0
0.02385,0.01225,0.0,0.0,0.0,0.0,0.0,0.0,0.0,0.0
0.02385,0.01575,0.0,0.0,0.0,0.0,0.0,0.0,0.0,0.0
0.02385,0.01925,0.0,0.0,0.0,0.0,0.0,0.0,0.0,0.0
0.02385,0.02275,0.0,0.0,0.0,0.0,0.0,0.0,0.0,0.0
0.02385,0.02625,0.0,0.0,0.0,0.0,0.0,0.0,0.0,0.0
0.02385,0.02975,0.0,0.0,0.0,0.0,0.0,0.0,0.0,0.0
0.02385,0.03325,0.0,0.0,0.0,0.0,0.0,0.0,0.0,0.0
0.02385,0.03675,0.0,0.0,0.0,0.0,0.0,0.0,0.0,0.0
0.02385,0.04025,0.0,0.0,0.0,0.0,0.0,0.0,0.0,0.0
0.02385,0.04375,0.0,0.0,0.0,0.0,0.0,0.0,0.0,0.0
0.02385,0.04725,0.0,0.0,0.0,0.0,0.0,0.0,0.0,0.0
0.02385,0.050749999999999997,0.0,0.0,0.0,0.0,0.0,0.0,0.0,0.0
0.02385,0.05425,0.0,0.0,0.0,0.0,0.0,0.0,0.0,0.0
0.02385,0.057749999999999996,0.0,0.0,0.0,0.0,0.0,0.0,0.0,0.0
0.02385,0.06125,0.0,0.0,0.0,0.0,0.0,0.0,0.0,0.0
0.02385,0.06475,0.0,0.0,0.0,0.0,0.0,0.0,0.0,0.0
0.02385,0.06824999999999999,0.0,0.0,0.0,0.0,0.0,0.0,0.0,0.0
0.02385,0.07175,0.0,0.0,0.0,0.0,0.0,0.0,0.0,0.0
0.02385,0.07525,0.0,0.0,0.0,0.0,0.0,0.0,0.0,0.0
0.02385,0.07875,0.0,0.0,0.0,0.0,0.0,0.0,0.0,0.0
0.02385,0.08225,0.0,0.0,0.0,0.0,0.0,0.0,0.0,0.0
0.02385,0.08574999999999999,0.0,0.0,0.0,0.0,0.0,0.0,0.0,0.0
0.02385,0.08925,0.0,0.0,0.0,0.0,0.0,0.0,0.0,0.0
0.02385,0.09275,0.0,0.0,0.0,0.0,0.0,0.0,0.0,0.0
0.02385,0.09625,0.0,0.0,0.0,0.0,0.0,0.0,0.0,0.0
0.02385,0.09974999999999999,0.0,0.0,0.0,0.0,0.0,0.0,0.0,0.0
0.02385,0.10325,0.0,0.0,0.0,0.0,0.0,0.0,0.0,0.0
0.02385,0.10675,0.0,0.0,0.0,0.0,0.0,0.0,0.0,0.0
0.02385,0.11025,0.0,0.0,0.0,0.0,0.0,0.0,0.0,0.0
0.02385,0.11374999999999999,0.0,0.0,0.0,0.0,0.0,0.0,0.0,0.0
0.02385,0.11725,0.0,0.0,0.0,0.0,0.0,0.0,0.0,0.0
0.02385,0.12075,0.0,0.0,0.0,0.0,0.0,0.0,0.0,0.0
0.02385,0.12425,1.0,0.01977489021697338,0.0,-3.19889953491863,18.890415145347514,10.232958234502629,356.84778436357476,-60.42854022287201
0.02385,0.12775,0.0,0.0,0.0,0.0,0.0,0.0,0.0,0.0
0.02385,0.13125,0.0,0.0,0.0,0.0,0.0,0.0,0.0,0.0
0.02385,0.13475,1.0,0.010841989997953522,0.0,-0.4839003126543647,27.590966094980853,0.23415951258699189,761.261410054383,-13.35127711979721
0.02385,0.13824999999999998,2.0,0.028164456919500296,0.00025716171872739764,-0.8573254526098594,26.174473849328933,2.1210583393310403,688.7406633591096,-24.685454795273245
0.02385,0.14175,0.0,0.0,0.0,0.0,0.0,0.0,0.0,0.0
0.02385,0.14525,0.0,0.0,0.0,0.0,0.0,0.0,0.0,0.0
0.02385,0.14875,3.0,0.024669659690453927,2.840605169678287e-6,-1.254091923230328,32.39091164925771,5.242575140851566,1049.7196544498104,-41.571952293306055
0.02385,0.15225,1.0,0.017065162025530704,0.0,-0.37320707707775985,30.182304248080435,0.13928352238092498,910.9714897236943,-11.264249547897753
0.02385,0.15575,1.0,0.02356387125977917,0.0,-0.5027235740759146,30.30005777223349,0.2527309919316616,918.0935010006872,-15.232553337963916
0.02385,0.15925,0.0,0.0,0.0,0.0,0.0,0.0,0.0,0.0
0.02385,0.16275,0.0,0.0,0.0,0.0,0.0,0.0,0.0,0.0
0.02385,0.16625,1.0,0.03199193357659009,0.0,1.4230854359059142,13.765711164699821,2.0251721578875257,189.4948038699413,19.589783073371756
0.02385,0.16974999999999998,1.0,0.015193534312842732,0.0,-3.787114457355002,23.116936420446955,14.342235913107272,534.3927494669869,-87.54648412763106
0.02385,0.17325,0.0,0.0,0.0,0.0,0.0,0.0,0.0,0.0
0.02385,0.17675,0.0,0.0,0.0,0.0,0.0,0.0,0.0,0.0
0.02385,0.18025,1.0,0.017431912443675462,0.0,-0.16771127562635704,23.091131811512724,0.028127071972219902,533.200368336655,-3.872643171765152
0.02385,0.18375,0.0,0.0,0.0,0.0,0.0,0.0,0.0,0.0
0.02385,0.18725,1.0,0.01808308071906262,0.0,3.3778190417341243,27.053903491489056,11.409661478701638,731.9136941268038,91.38319036678904
0.02385,0.19075,0.0,0.0,0.0,0.0,0.0,0.0,0.0,0.0
0.02385,0.19425,0.0,0.0,0.0,0.0,0.0,0.0,0.0,0.0
0.02385,0.19774999999999998,0.0,0.0,0.0,0.0,0.0,0.0,0.0,0.0
0.02385,0.20124999999999998,0.0,0.0,0.0,0.0,0.0,0.0,0.0,0.0
0.02385,0.20475,0.0,0.0,0.0,0.0,0.0,0.0,0.0,0.0
0.02385,0.20825,0.0,0.0,0.0,0.0,0.0,0.0,0.0,0.0
0.02385,0.21175,1.0,0.019832110587550925,0.0,0.05449044323708295,34.6267120993837,0.002969208404173759,1199.0091908136058,1.8868248901382811
0.02385,0.21525,0.0,0.0,0.0,0.0,0.0,0.0,0.0,0.0
0.02385,0.21875,0.0,0.0,0.0,0.0,0.0,0.0,0.0,0.0
0.02385,0.22225,0.0,0.0,0.0,0.0,0.0,0.0,0.0,0.0
0.02385,0.22575,0.0,0.0,0.0,0.0,0.0,0.0,0.0,0.0
0.02385,0.22924999999999998,1.0,0.048241100042702996,0.0,-0.9608632326514479,31.59448522765147,0.9232581518613905,998.211496800287,-30.35797920979961
0.02385,0.23274999999999998,0.0,0.0,0.0,0.0,0.0,0.0,0.0,0.0
0.02385,0.23625,0.0,0.0,0.0,0.0,0.0,0.0,0.0,0.0
0.02385,0.23975,0.0,0.0,0.0,0.0,0.0,0.0,0.0,0.0
0.02385,0.24325,0.0,0.0,0.0,0.0,0.0,0.0,0.0,0.0
0.02385,0.24675,0.0,0.0,0.0,0.0,0.0,0.0,0.0,0.0
0.02385,0.25025,0.0,0.0,0.0,0.0,0.0,0.0,0.0,0.0
0.02385,0.25375,0.0,0.0,0.0,0.0,0.0,0.0,0.0,0.0
0.02385,0.25725,0.0,0.0,0.0,0.0,0.0,0.0,0.0,0.0
0.02385,0.26075,0.0,0.0,0.0,0.0,0.0,0.0,0.0,0.0
0.02385,0.26425,0.0,0.0,0.0,0.0,0.0,0.0,0.0,0.0
0.02385,0.26775,0.0,0.0,0.0,0.0,0.0,0.0,0.0,0.0
0.02385,0.27125,0.0,0.0,0.0,0.0,0.0,0.0,0.0,0.0
0.02385,0.27475,0.0,0.0,0.0,0.0,0.0,0.0,0.0,0.0
0.02385,0.27825,0.0,0.0,0.0,0.0,0.0,0.0,0.0,0.0
0.02385,0.28175,0.0,0.0,0.0,0.0,0.0,0.0,0.0,0.0
0.02385,0.28525,0.0,0.0,0.0,0.0,0.0,0.0,0.0,0.0
0.02385,0.28875,0.0,0.0,0.0,0.0,0.0,0.0,0.0,0.0
0.02385,0.29225,0.0,0.0,0.0,0.0,0.0,0.0,0.0,0.0
0.02385,0.29575,0.0,0.0,0.0,0.0,0.0,0.0,0.0,0.0
0.02385,0.29925,0.0,0.0,0.0,0.0,0.0,0.0,0.0,0.0
0.02385,0.30275,0.0,0.0,0.0,0.0,0.0,0.0,0.0,0.0
0.02385,0.30624999999999997,0.0,0.0,0.0,0.0,0.0,0.0,0.0,0.0
0.02385,0.30974999999999997,0.0,0.0,0.0,0.0,0.0,0.0,0.0,0.0
0.02385,0.31325,0.0,0.0,0.0,0.0,0.0,0.0,0.0,0.0
0.02385,0.31675,0.0,0.0,0.0,0.0,0.0,0.0,0.0,0.0
0.02385,0.32025,0.0,0.0,0.0,0.0,0.0,0.0,0.0,0.0
0.02385,0.32375,0.0,0.0,0.0,0.0,0.0,0.0,0.0,0.0
0.02385,0.32725,1.0,0.03497395066854356,0.0,2.19947375716014,28.412856653819734,4.837684808436143,807.2904232305083,62.49333257602938
0.02385,0.33075,0.0,0.0,0.0,0.0,0.0,0.0,0.0,0.0
0.02385,0.33425,0.0,0.0,0.0,0.0,0.0,0.0,0.0,0.0
0.02385,0.33775,0.0,0.0,0.0,0.0,0.0,0.0,0.0,0.0
0.02385,0.34125,0.0,0.0,0.0,0.0,0.0,0.0,0.0,0.0
0.02385,0.34475,0.0,0.0,0.0,0.0,0.0,0.0,0.0,0.0
0.02385,0.34825,0.0,0.0,0.0,0.0,0.0,0.0,0.0,0.0
0.024149999999999998,0.00175,0.0,0.0,0.0,0.0,0.0,0.0,0.0,0.0
0.024149999999999998,0.0052499999999999995,0.0,0.0,0.0,0.0,0.0,0.0,0.0,0.0
0.024149999999999998,0.008749999999999999,0.0,0.0,0.0,0.0,0.0,0.0,0.0,0.0
0.024149999999999998,0.01225,0.0,0.0,0.0,0.0,0.0,0.0,0.0,0.0
0.024149999999999998,0.01575,0.0,0.0,0.0,0.0,0.0,0.0,0.0,0.0
0.024149999999999998,0.01925,0.0,0.0,0.0,0.0,0.0,0.0,0.0,0.0
0.024149999999999998,0.02275,0.0,0.0,0.0,0.0,0.0,0.0,0.0,0.0
0.024149999999999998,0.02625,0.0,0.0,0.0,0.0,0.0,0.0,0.0,0.0
0.024149999999999998,0.02975,0.0,0.0,0.0,0.0,0.0,0.0,0.0,0.0
0.024149999999999998,0.03325,0.0,0.0,0.0,0.0,0.0,0.0,0.0,0.0
0.024149999999999998,0.03675,0.0,0.0,0.0,0.0,0.0,0.0,0.0,0.0
0.024149999999999998,0.04025,0.0,0.0,0.0,0.0,0.0,0.0,0.0,0.0
0.024149999999999998,0.04375,0.0,0.0,0.0,0.0,0.0,0.0,0.0,0.0
0.024149999999999998,0.04725,0.0,0.0,0.0,0.0,0.0,0.0,0.0,0.0
0.024149999999999998,0.050749999999999997,0.0,0.0,0.0,0.0,0.0,0.0,0.0,0.0
0.024149999999999998,0.05425,0.0,0.0,0.0,0.0,0.0,0.0,0.0,0.0
0.024149999999999998,0.057749999999999996,0.0,0.0,0.0,0.0,0.0,0.0,0.0,0.0
0.024149999999999998,0.06125,0.0,0.0,0.0,0.0,0.0,0.0,0.0,0.0
0.024149999999999998,0.06475,1.0,0.03693615235222122,0.0,1.8409764232269257,1.819743712943514,3.3891941908774044,3.311467180797446,3.3501052718444355
0.024149999999999998,0.06824999999999999,0.0,0.0,0.0,0.0,0.0,0.0,0.0,0.0
0.024149999999999998,0.07175,0.0,0.0,0.0,0.0,0.0,0.0,0.0,0.0
0.024149999999999998,0.07525,0.0,0.0,0.0,0.0,0.0,0.0,0.0,0.0
0.024149999999999998,0.07875,0.0,0.0,0.0,0.0,0.0,0.0,0.0,0.0
0.024149999999999998,0.08225,0.0,0.0,0.0,0.0,0.0,0.0,0.0,0.0
0.024149999999999998,0.08574999999999999,0.0,0.0,0.0,0.0,0.0,0.0,0.0,0.0
0.024149999999999998,0.08925,0.0,0.0,0.0,0.0,0.0,0.0,0.0,0.0
0.024149999999999998,0.09275,0.0,0.0,0.0,0.0,0.0,0.0,0.0,0.0
0.024149999999999998,0.09625,0.0,0.0,0.0,0.0,0.0,0.0,0.0,0.0
0.024149999999999998,0.09974999999999999,0.0,0.0,0.0,0.0,0.0,0.0,0.0,0.0
0.024149999999999998,0.10325,0.0,0.0,0.0,0.0,0.0,0.0,0.0,0.0
0.024149999999999998,0.10675,0.0,0.0,0.0,0.0,0.0,0.0,0.0,0.0
0.024149999999999998,0.11025,0.0,0.0,0.0,0.0,0.0,0.0,0.0,0.0
0.024149999999999998,0.11374999999999999,0.0,0.0,0.0,0.0,0.0,0.0,0.0,0.0
0.024149999999999998,0.11725,0.0,0.0,0.0,0.0,0.0,0.0,0.0,0.0
0.024149999999999998,0.12075,0.0,0.0,0.0,0.0,0.0,0.0,0.0,0.0
0.024149999999999998,0.12425,0.0,0.0,0.0,0.0,0.0,0.0,0.0,0.0
0.024149999999999998,0.12775,0.0,0.0,0.0,0.0,0.0,0.0,0.0,0.0
0.024149999999999998,0.13125,0.0,0.0,0.0,0.0,0.0,0.0,0.0,0.0
0.024149999999999998,0.13475,0.0,0.0,0.0,0.0,0.0,0.0,0.0,0.0
0.024149999999999998,0.13824999999999998,1.0,0.012105102033825244,0.0,3.0140625812097195,31.94190636854546,9.084573243448597,1020.285382456925,96.2749047579373
0.024149999999999998,0.14175,0.0,0.0,0.0,0.0,0.0,0.0,0.0,0.0
0.024149999999999998,0.14525,2.0,0.02501842250772353,2.330073460890299e-6,1.221293291382912,40.335902409595136,3.2362974124094532,1647.2068999991957,43.32210846978767
0.024149999999999998,0.14875,0.0,0.0,0.0,0.0,0.0,0.0,0.0,0.0
0.024149999999999998,0.15225,0.0,0.0,0.0,0.0,0.0,0.0,0.0,0.0
0.024149999999999998,0.15575,0.0,0.0,0.0,0.0,0.0,0.0,0.0,0.0
0.024149999999999998,0.15925,0.0,0.0,0.0,0.0,0.0,0.0,0.0,0.0
0.024149999999999998,0.16275,1.0,0.027644614496932063,0.0,0.42508640810340154,32.38399868965491,0.18069845435425164,1048.723371131571,13.765997683010667
0.024149999999999998,0.16625,1.0,0.029322964953691615,0.0,-2.8893445686202757,37.31759833093104,8.348312036215487,1392.6031451887072,-107.82340005142866
0.024149999999999998,0.16974999999999998,1.0,0.02327794892426302,0.0,-1.1500097812492347,45.166124458777674,1.3225224969689127,2039.9787986257948,-51.94148490871462
0.024149999999999998,0.17325,0.0,0.0,0.0,0.0,0.0,0.0,0.0,0.0
0.024149999999999998,0.17675,0.0,0.0,0.0,0.0,0.0,0.0,0.0,0.0
0.024149999999999998,0.18025,0.0,0.0,0.0,0.0,0.0,0.0,0.0,0.0
0.024149999999999998,0.18375,1.0,0.034892059868710495,0.0,-0.5885332977104327,25.488663878037606,0.3463714425139168,649.6719862875791,-15.00092740637426
0.024149999999999998,0.18725,1.0,0.03031977404955188,0.0,-1.0549839559905034,28.304332210093136,1.1129911473973724,801.1352218593158,-29.860616366673487
0.024149999999999998,0.19075,0.0,0.0,0.0,0.0,0.0,0.0,0.0,0.0
0.024149999999999998,0.19425,1.0,0.022099019826881904,0.0,2.1535750956297157,33.96753926016533,4.637885692516539,1153.793723390873,73.15164661051668
0.024149999999999998,0.19774999999999998,1.0,0.019718323005698736,0.0,1.6817547196573421,22.902950503123208,2.8282989370897456,524.5451417485116,38.51714510270595
0.024149999999999998,0.20124999999999998,0.0,0.0,0.0,0.0,0.0,0.0,0.0,0.0
0.024149999999999998,0.20475,0.0,0.0,0.0,0.0,0.0,0.0,0.0,0.0
0.024149999999999998,0.20825,0.0,0.0,0.0,0.0,0.0,0.0,0.0,0.0
0.024149999999999998,0.21175,0.0,0.0,0.0,0.0,0.0,0.0,0.0,0.0
0.024149999999999998,0.21525,0.0,0.0,0.0,0.0,0.0,0.0,0.0,0.0
0.024149999999999998,0.21875,0.0,0.0,0.0,0.0,0.0,0.0,0.0,0.0
0.024149999999999998,0.22225,0.0,0.0,0.0,0.0,0.0,0.0,0.0,0.0
0.024149999999999998,0.22575,0.0,0.0,0.0,0.0,0.0,0.0,0.0,0.0
0.024149999999999998,0.22924999999999998,0.0,0.0,0.0,0.0,0.0,0.0,0.0,0.0
0.024149999999999998,0.23274999999999998,0.0,0.0,0.0,0.0,0.0,0.0,0.0,0.0
0.024149999999999998,0.23625,0.0,0.0,0.0,0.0,0.0,0.0,0.0,0.0
0.024149999999999998,0.23975,0.0,0.0,0.0,0.0,0.0,0.0,0.0,0.0
0.024149999999999998,0.24325,0.0,0.0,0.0,0.0,0.0,0.0,0.0,0.0
0.024149999999999998,0.24675,0.0,0.0,0.0,0.0,0.0,0.0,0.0,0.0
0.024149999999999998,0.25025,0.0,0.0,0.0,0.0,0.0,0.0,0.0,0.0
0.024149999999999998,0.25375,0.0,0.0,0.0,0.0,0.0,0.0,0.0,0.0
0.024149999999999998,0.25725,0.0,0.0,0.0,0.0,0.0,0.0,0.0,0.0
0.024149999999999998,0.26075,0.0,0.0,0.0,0.0,0.0,0.0,0.0,0.0
0.024149999999999998,0.26425,0.0,0.0,0.0,0.0,0.0,0.0,0.0,0.0
0.024149999999999998,0.26775,0.0,0.0,0.0,0.0,0.0,0.0,0.0,0.0
0.024149999999999998,0.27125,0.0,0.0,0.0,0.0,0.0,0.0,0.0,0.0
0.024149999999999998,0.27475,0.0,0.0,0.0,0.0,0.0,0.0,0.0,0.0
0.024149999999999998,0.27825,0.0,0.0,0.0,0.0,0.0,0.0,0.0,0.0
0.024149999999999998,0.28175,0.0,0.0,0.0,0.0,0.0,0.0,0.0,0.0
0.024149999999999998,0.28525,0.0,0.0,0.0,0.0,0.0,0.0,0.0,0.0
0.024149999999999998,0.28875,0.0,0.0,0.0,0.0,0.0,0.0,0.0,0.0
0.024149999999999998,0.29225,0.0,0.0,0.0,0.0,0.0,0.0,0.0,0.0
0.024149999999999998,0.29575,0.0,0.0,0.0,0.0,0.0,0.0,0.0,0.0
0.024149999999999998,0.29925,0.0,0.0,0.0,0.0,0.0,0.0,0.0,0.0
0.024149999999999998,0.30275,0.0,0.0,0.0,0.0,0.0,0.0,0.0,0.0
0.024149999999999998,0.30624999999999997,0.0,0.0,0.0,0.0,0.0,0.0,0.0,0.0
0.024149999999999998,0.30974999999999997,0.0,0.0,0.0,0.0,0.0,0.0,0.0,0.0
0.024149999999999998,0.31325,0.0,0.0,0.0,0.0,0.0,0.0,0.0,0.0
0.024149999999999998,0.31675,0.0,0.0,0.0,0.0,0.0,0.0,0.0,0.0
0.024149999999999998,0.32025,0.0,0.0,0.0,0.0,0.0,0.0,0.0,0.0
0.024149999999999998,0.32375,0.0,0.0,0.0,0.0,0.0,0.0,0.0,0.0
0.024149999999999998,0.32725,0.0,0.0,0.0,0.0,0.0,0.0,0.0,0.0
0.024149999999999998,0.33075,0.0,0.0,0.0,0.0,0.0,0.0,0.0,0.0
0.024149999999999998,0.33425,0.0,0.0,0.0,0.0,0.0,0.0,0.0,0.0
0.024149999999999998,0.33775,0.0,0.0,0.0,0.0,0.0,0.0,0.0,0.0
0.024149999999999998,0.34125,0.0,0.0,0.0,0.0,0.0,0.0,0.0,0.0
0.024149999999999998,0.34475,0.0,0.0,0.0,0.0,0.0,0.0,0.0,0.0
0.024149999999999998,0.34825,0.0,0.0,0.0,0.0,0.0,0.0,0.0,0.0
0.02445,0.00175,0.0,0.0,0.0,0.0,0.0,0.0,0.0,0.0
0.02445,0.0052499999999999995,0.0,0.0,0.0,0.0,0.0,0.0,0.0,0.0
0.02445,0.008749999999999999,0.0,0.0,0.0,0.0,0.0,0.0,0.0,0.0
0.02445,0.01225,0.0,0.0,0.0,0.0,0.0,0.0,0.0,0.0
0.02445,0.01575,0.0,0.0,0.0,0.0,0.0,0.0,0.0,0.0
0.02445,0.01925,0.0,0.0,0.0,0.0,0.0,0.0,0.0,0.0
0.02445,0.02275,0.0,0.0,0.0,0.0,0.0,0.0,0.0,0.0
0.02445,0.02625,0.0,0.0,0.0,0.0,0.0,0.0,0.0,0.0
0.02445,0.02975,0.0,0.0,0.0,0.0,0.0,0.0,0.0,0.0
0.02445,0.03325,0.0,0.0,0.0,0.0,0.0,0.0,0.0,0.0
0.02445,0.03675,0.0,0.0,0.0,0.0,0.0,0.0,0.0,0.0
0.02445,0.04025,0.0,0.0,0.0,0.0,0.0,0.0,0.0,0.0
0.02445,0.04375,0.0,0.0,0.0,0.0,0.0,0.0,0.0,0.0
0.02445,0.04725,0.0,0.0,0.0,0.0,0.0,0.0,0.0,0.0
0.02445,0.050749999999999997,0.0,0.0,0.0,0.0,0.0,0.0,0.0,0.0
0.02445,0.05425,0.0,0.0,0.0,0.0,0.0,0.0,0.0,0.0
0.02445,0.057749999999999996,0.0,0.0,0.0,0.0,0.0,0.0,0.0,0.0
0.02445,0.06125,0.0,0.0,0.0,0.0,0.0,0.0,0.0,0.0
0.02445,0.06475,0.0,0.0,0.0,0.0,0.0,0.0,0.0,0.0
0.02445,0.06824999999999999,0.0,0.0,0.0,0.0,0.0,0.0,0.0,0.0
0.02445,0.07175,0.0,0.0,0.0,0.0,0.0,0.0,0.0,0.0
0.02445,0.07525,0.0,0.0,0.0,0.0,0.0,0.0,0.0,0.0
0.02445,0.07875,0.0,0.0,0.0,0.0,0.0,0.0,0.0,0.0
0.02445,0.08225,0.0,0.0,0.0,0.0,0.0,0.0,0.0,0.0
0.02445,0.08574999999999999,0.0,0.0,0.0,0.0,0.0,0.0,0.0,0.0
0.02445,0.08925,0.0,0.0,0.0,0.0,0.0,0.0,0.0,0.0
0.02445,0.09275,0.0,0.0,0.0,0.0,0.0,0.0,0.0,0.0
0.02445,0.09625,0.0,0.0,0.0,0.0,0.0,0.0,0.0,0.0
0.02445,0.09974999999999999,0.0,0.0,0.0,0.0,0.0,0.0,0.0,0.0
0.02445,0.10325,0.0,0.0,0.0,0.0,0.0,0.0,0.0,0.0
0.02445,0.10675,0.0,0.0,0.0,0.0,0.0,0.0,0.0,0.0
0.02445,0.11025,0.0,0.0,0.0,0.0,0.0,0.0,0.0,0.0
0.02445,0.11374999999999999,0.0,0.0,0.0,0.0,0.0,0.0,0.0,0.0
0.02445,0.11725,0.0,0.0,0.0,0.0,0.0,0.0,0.0,0.0
0.02445,0.12075,0.0,0.0,0.0,0.0,0.0,0.0,0.0,0.0
0.02445,0.12425,1.0,0.017762696386022757,0.0,-1.2234833967986056,16.091232895319685,1.4969116222418544,258.9277760914183,-19.68735628144319
0.02445,0.12775,2.0,0.021489052204304998,3.897404035762484e-5,-1.1630760040574042,19.635676929060743,2.443376906651195,387.4415006178151,-21.405223312126022
0.02445,0.13125,0.0,0.0,0.0,0.0,0.0,0.0,0.0,0.0
0.02445,0.13475,0.0,0.0,0.0,0.0,0.0,0.0,0.0,0.0
0.02445,0.13824999999999998,1.0,0.01956514401367521,0.0,-2.293638693644732,27.55411441171321,5.260778456984313,759.2292210137817,-63.19918298381937
0.02445,0.14175,0.0,0.0,0.0,0.0,0.0,0.0,0.0,0.0
0.02445,0.14525,0.0,0.0,0.0,0.0,0.0,0.0,0.0,0.0
0.02445,0.14875,0.0,0.0,0.0,0.0,0.0,0.0,0.0,0.0
0.02445,0.15225,0.0,0.0,0.0,0.0,0.0,0.0,0.0,0.0
0.02445,0.15575,1.0,0.03583749997743414,0.0,0.579591809026708,35.772172654170404,0.335926665090852,1279.6483363997768,20.73325826144636
0.02445,0.15925,0.0,0.0,0.0,0.0,0.0,0.0,0.0,0.0
0.02445,0.16275,0.0,0.0,0.0,0.0,0.0,0.0,0.0,0.0
0.02445,0.16625,1.0,0.03322376165078064,0.0,-0.32136386372039893,31.582915565193474,0.10327473290530313,997.4805555981402,-10.149607773585702
0.02445,0.16974999999999998,0.0,0.0,0.0,0.0,0.0,0.0,0.0,0.0
0.02445,0.17325,0.0,0.0,0.0,0.0,0.0,0.0,0.0,0.0
0.02445,0.17675,1.0,0.017807720548871062,0.0,-2.2827998798016202,26.359795714502578,5.2111752912222915,694.8388301103084,-60.17413848866175
0.02445,0.18025,0.0,0.0,0.0,0.0,0.0,0.0,0.0,0.0
0.02445,0.18375,0.0,0.0,0.0,0.0,0.0,0.0,0.0,0.0
0.02445,0.18725,0.0,0.0,0.0,0.0,0.0,0.0,0.0,0.0
0.02445,0.19075,1.0,0.03679582552516489,0.0,2.832943889520103,24.104938767636753,8.025571081169291,581.0480729915173,68.28793898903278
0.02445,0.19425,1.0,0.024951307900553252,0.0,-2.147217267816517,26.44011718412695,4.610541995209427,699.0797967103653,-56.77267618084961
0.02445,0.19774999999999998,0.0,0.0,0.0,0.0,0.0,0.0,0.0,0.0
0.02445,0.20124999999999998,1.0,0.03845959731641739,0.0,1.3706226772167958,23.285692903040594,1.8786065233009368,542.2234939747151,31.91589874761364
0.02445,0.20475,0.0,0.0,0.0,0.0,0.0,0.0,0.0,0.0
0.02445,0.20825,0.0,0.0,0.0,0.0,0.0,0.0,0.0,0.0
0.02445,0.21175,0.0,0.0,0.0,0.0,0.0,0.0,0.0,0.0
0.02445,0.21525,0.0,0.0,0.0,0.0,0.0,0.0,0.0,0.0
0.02445,0.21875,0.0,0.0,0.0,0.0,0.0,0.0,0.0,0.0
0.02445,0.22225,0.0,0.0,0.0,0.0,0.0,0.0,0.0,0.0
0.02445,0.22575,0.0,0.0,0.0,0.0,0.0,0.0,0.0,0.0
0.02445,0.22924999999999998,0.0,0.0,0.0,0.0,0.0,0.0,0.0,0.0
0.02445,0.23274999999999998,0.0,0.0,0.0,0.0,0.0,0.0,0.0,0.0
0.02445,0.23625,1.0,0.02341518972644214,0.0,1.0426557989950465,35.62991601796278,1.0871311151779988,1269.4909154470806,37.149738553835384
0.02445,0.23975,0.0,0.0,0.0,0.0,0.0,0.0,0.0,0.0
0.02445,0.24325,1.0,0.036931788426672066,0.0,2.1858698452365264,37.94792918337372,4.778026980314356,1440.0453293063465,82.94923409110777
0.02445,0.24675,0.0,0.0,0.0,0.0,0.0,0.0,0.0,0.0
0.02445,0.25025,0.0,0.0,0.0,0.0,0.0,0.0,0.0,0.0
0.02445,0.25375,0.0,0.0,0.0,0.0,0.0,0.0,0.0,0.0
0.02445,0.25725,0.0,0.0,0.0,0.0,0.0,0.0,0.0,0.0
0.02445,0.26075,0.0,0.0,0.0,0.0,0.0,0.0,0.0,0.0
0.02445,0.26425,0.0,0.0,0.0,0.0,0.0,0.0,0.0,0.0
0.02445,0.26775,0.0,0.0,0.0,0.0,0.0,0.0,0.0,0.0
0.02445,0.27125,1.0,0.025132906097094957,0.0,1.586232703877273,39.90034834357051,2.5161341908498045,1592.0377979382702,63.291237438666926
0.02445,0.27475,0.0,0.0,0.0,0.0,0.0,0.0,0.0,0.0
0.02445,0.27825,0.0,0.0,0.0,0.0,0.0,0.0,0.0,0.0
0.02445,0.28175,1.0,0.027155958210015027,0.0,2.2111131405786737,31.74165170205921,4.889021320439686,1007.5324527748385,70.18438318209455
0.02445,0.28525,0.0,0.0,0.0,0.0,0.0,0.0,0.0,0.0
0.02445,0.28875,0.0,0.0,0.0,0.0,0.0,0.0,0.0,0.0
0.02445,0.29225,0.0,0.0,0.0,0.0,0.0,0.0,0.0,0.0
0.02445,0.29575,0.0,0.0,0.0,0.0,0.0,0.0,0.0,0.0
0.02445,0.29925,0.0,0.0,0.0,0.0,0.0,0.0,0.0,0.0
0.02445,0.30275,0.0,0.0,0.0,0.0,0.0,0.0,0.0,0.0
0.02445,0.30624999999999997,0.0,0.0,0.0,0.0,0.0,0.0,0.0,0.0
0.02445,0.30974999999999997,0.0,0.0,0.0,0.0,0.0,0.0,0.0,0.0
0.02445,0.31325,0.0,0.0,0.0,0.0,0.0,0.0,0.0,0.0
0.02445,0.31675,0.0,0.0,0.0,0.0,0.0,0.0,0.0,0.0
0.02445,0.32025,0.0,0.0,0.0,0.0,0.0,0.0,0.0,0.0
0.02445,0.32375,0.0,0.0,0.0,0.0,0.0,0.0,0.0,0.0
0.02445,0.32725,0.0,0.0,0.0,0.0,0.0,0.0,0.0,0.0
0.02445,0.33075,0.0,0.0,0.0,0.0,0.0,0.0,0.0,0.0
0.02445,0.33425,0.0,0.0,0.0,0.0,0.0,0.0,0.0,0.0
0.02445,0.33775,0.0,0.0,0.0,0.0,0.0,0.0,0.0,0.0
0.02445,0.34125,0.0,0.0,0.0,0.0,0.0,0.0,0.0,0.0
0.02445,0.34475,0.0,0.0,0.0,0.0,0.0,0.0,0.0,0.0
0.02445,0.34825,0.0,0.0,0.0,0.0,0.0,0.0,0.0,0.0
0.024749999999999998,0.00175,0.0,0.0,0.0,0.0,0.0,0.0,0.0,0.0
0.024749999999999998,0.0052499999999999995,0.0,0.0,0.0,0.0,0.0,0.0,0.0,0.0
0.024749999999999998,0.008749999999999999,0.0,0.0,0.0,0.0,0.0,0.0,0.0,0.0
0.024749999999999998,0.01225,0.0,0.0,0.0,0.0,0.0,0.0,0.0,0.0
0.024749999999999998,0.01575,0.0,0.0,0.0,0.0,0.0,0.0,0.0,0.0
0.024749999999999998,0.01925,0.0,0.0,0.0,0.0,0.0,0.0,0.0,0.0
0.024749999999999998,0.02275,0.0,0.0,0.0,0.0,0.0,0.0,0.0,0.0
0.024749999999999998,0.02625,0.0,0.0,0.0,0.0,0.0,0.0,0.0,0.0
0.024749999999999998,0.02975,0.0,0.0,0.0,0.0,0.0,0.0,0.0,0.0
0.024749999999999998,0.03325,0.0,0.0,0.0,0.0,0.0,0.0,0.0,0.0
0.024749999999999998,0.03675,0.0,0.0,0.0,0.0,0.0,0.0,0.0,0.0
0.024749999999999998,0.04025,0.0,0.0,0.0,0.0,0.0,0.0,0.0,0.0
0.024749999999999998,0.04375,0.0,0.0,0.0,0.0,0.0,0.0,0.0,0.0
0.024749999999999998,0.04725,0.0,0.0,0.0,0.0,0.0,0.0,0.0,0.0
0.024749999999999998,0.050749999999999997,0.0,0.0,0.0,0.0,0.0,0.0,0.0,0.0
0.024749999999999998,0.05425,0.0,0.0,0.0,0.0,0.0,0.0,0.0,0.0
0.024749999999999998,0.057749999999999996,0.0,0.0,0.0,0.0,0.0,0.0,0.0,0.0
0.024749999999999998,0.06125,0.0,0.0,0.0,0.0,0.0,0.0,0.0,0.0
0.024749999999999998,0.06475,0.0,0.0,0.0,0.0,0.0,0.0,0.0,0.0
0.024749999999999998,0.06824999999999999,0.0,0.0,0.0,0.0,0.0,0.0,0.0,0.0
0.024749999999999998,0.07175,0.0,0.0,0.0,0.0,0.0,0.0,0.0,0.0
0.024749999999999998,0.07525,0.0,0.0,0.0,0.0,0.0,0.0,0.0,0.0
0.024749999999999998,0.07875,0.0,0.0,0.0,0.0,0.0,0.0,0.0,0.0
0.024749999999999998,0.08225,0.0,0.0,0.0,0.0,0.0,0.0,0.0,0.0
0.024749999999999998,0.08574999999999999,0.0,0.0,0.0,0.0,0.0,0.0,0.0,0.0
0.024749999999999998,0.08925,0.0,0.0,0.0,0.0,0.0,0.0,0.0,0.0
0.024749999999999998,0.09275,0.0,0.0,0.0,0.0,0.0,0.0,0.0,0.0
0.024749999999999998,0.09625,0.0,0.0,0.0,0.0,0.0,0.0,0.0,0.0
0.024749999999999998,0.09974999999999999,0.0,0.0,0.0,0.0,0.0,0.0,0.0,0.0
0.024749999999999998,0.10325,0.0,0.0,0.0,0.0,0.0,0.0,0.0,0.0
0.024749999999999998,0.10675,0.0,0.0,0.0,0.0,0.0,0.0,0.0,0.0
0.024749999999999998,0.11025,0.0,0.0,0.0,0.0,0.0,0.0,0.0,0.0
0.024749999999999998,0.11374999999999999,0.0,0.0,0.0,0.0,0.0,0.0,0.0,0.0
0.024749999999999998,0.11725,0.0,0.0,0.0,0.0,0.0,0.0,0.0,0.0
0.024749999999999998,0.12075,0.0,0.0,0.0,0.0,0.0,0.0,0.0,0.0
0.024749999999999998,0.12425,0.0,0.0,0.0,0.0,0.0,0.0,0.0,0.0
0.024749999999999998,0.12775,2.0,0.01473741840972246,2.349012727818311e-6,-0.4636939181935522,23.249682890417436,0.2972394617777597,544.6504409920958,-11.361557778379957
0.024749999999999998,0.13125,2.0,0.025146115973217614,3.1705696411294995e-6,0.07187461024223167,11.550842983474974,0.7864752187903352,459.97786379675256,13.903773695662363
0.024749999999999998,0.13475,0.0,0.0,0.0,0.0,0.0,0.0,0.0,0.0
0.024749999999999998,0.13824999999999998,2.0,0.01858278044350576,1.0466162160374857e-6,-0.9400093272599986,27.58851866586126,1.4007169915303368,765.1325937669224,-27.372777268404654
0.024749999999999998,0.14175,2.0,0.020712206120334066,3.664573606561826e-5,1.240904187036443,30.586767299905446,2.491801619942515,935.8245944412581,37.44428315898822
0.024749999999999998,0.14525,0.0,0.0,0.0,0.0,0.0,0.0,0.0,0.0
0.024749999999999998,0.14875,0.0,0.0,0.0,0.0,0.0,0.0,0.0,0.0
0.024749999999999998,0.15225,0.0,0.0,0.0,0.0,0.0,0.0,0.0,0.0
0.024749999999999998,0.15575,0.0,0.0,0.0,0.0,0.0,0.0,0.0,0.0
0.024749999999999998,0.15925,0.0,0.0,0.0,0.0,0.0,0.0,0.0,0.0
0.024749999999999998,0.16275,0.0,0.0,0.0,0.0,0.0,0.0,0.0,0.0
0.024749999999999998,0.16625,0.0,0.0,0.0,0.0,0.0,0.0,0.0,0.0
0.024749999999999998,0.16974999999999998,1.0,0.017470244665374897,0.0,-0.22525209821349051,26.33736350059906,0.05073850774957998,693.6567161626876,-5.93254638992134
0.024749999999999998,0.17325,0.0,0.0,0.0,0.0,0.0,0.0,0.0,0.0
0.024749999999999998,0.17675,1.0,0.02170818725252303,0.0,-0.4681511166200362,34.39009341185761,0.21916546799258677,1182.6785248762924,-16.09976063142849
0.024749999999999998,0.18025,0.0,0.0,0.0,0.0,0.0,0.0,0.0,0.0
0.024749999999999998,0.18375,0.0,0.0,0.0,0.0,0.0,0.0,0.0,0.0
0.024749999999999998,0.18725,0.0,0.0,0.0,0.0,0.0,0.0,0.0,0.0
0.024749999999999998,0.19075,0.0,0.0,0.0,0.0,0.0,0.0,0.0,0.0
0.024749999999999998,0.19425,0.0,0.0,0.0,0.0,0.0,0.0,0.0,0.0
0.024749999999999998,0.19774999999999998,0.0,0.0,0.0,0.0,0.0,0.0,0.0,0.0
0.024749999999999998,0.20124999999999998,1.0,0.03205865438575393,0.0,2.7054115845784263,17.663077558213004,7.319251841971152,311.9843088274479,47.785894645296686
0.024749999999999998,0.20475,0.0,0.0,0.0,0.0,0.0,0.0,0.0,0.0
0.024749999999999998,0.20825,0.0,0.0,0.0,0.0,0.0,0.0,0.0,0.0
0.024749999999999998,0.21175,0.0,0.0,0.0,0.0,0.0,0.0,0.0,0.0
0.024749999999999998,0.21525,0.0,0.0,0.0,0.0,0.0,0.0,0.0,0.0
0.024749999999999998,0.21875,0.0,0.0,0.0,0.0,0.0,0.0,0.0,0.0
0.024749999999999998,0.22225,0.0,0.0,0.0,0.0,0.0,0.0,0.0,0.0
0.024749999999999998,0.22575,0.0,0.0,0.0,0.0,0.0,0.0,0.0,0.0
0.024749999999999998,0.22924999999999998,0.0,0.0,0.0,0.0,0.0,0.0,0.0,0.0
0.024749999999999998,0.23274999999999998,0.0,0.0,0.0,0.0,0.0,0.0,0.0,0.0
0.024749999999999998,0.23625,0.0,0.0,0.0,0.0,0.0,0.0,0.0,0.0
0.024749999999999998,0.23975,0.0,0.0,0.0,0.0,0.0,0.0,0.0,0.0
0.024749999999999998,0.24325,0.0,0.0,0.0,0.0,0.0,0.0,0.0,0.0
0.024749999999999998,0.24675,0.0,0.0,0.0,0.0,0.0,0.0,0.0,0.0
0.024749999999999998,0.25025,0.0,0.0,0.0,0.0,0.0,0.0,0.0,0.0
0.024749999999999998,0.25375,0.0,0.0,0.0,0.0,0.0,0.0,0.0,0.0
0.024749999999999998,0.25725,0.0,0.0,0.0,0.0,0.0,0.0,0.0,0.0
0.024749999999999998,0.26075,0.0,0.0,0.0,0.0,0.0,0.0,0.0,0.0
0.024749999999999998,0.26425,0.0,0.0,0.0,0.0,0.0,0.0,0.0,0.0
0.024749999999999998,0.26775,0.0,0.0,0.0,0.0,0.0,0.0,0.0,0.0
0.024749999999999998,0.27125,0.0,0.0,0.0,0.0,0.0,0.0,0.0,0.0
0.024749999999999998,0.27475,0.0,0.0,0.0,0.0,0.0,0.0,0.0,0.0
0.024749999999999998,0.27825,0.0,0.0,0.0,0.0,0.0,0.0,0.0,0.0
0.024749999999999998,0.28175,0.0,0.0,0.0,0.0,0.0,0.0,0.0,0.0
0.024749999999999998,0.28525,0.0,0.0,0.0,0.0,0.0,0.0,0.0,0.0
0.024749999999999998,0.28875,0.0,0.0,0.0,0.0,0.0,0.0,0.0,0.0
0.024749999999999998,0.29225,0.0,0.0,0.0,0.0,0.0,0.0,0.0,0.0
0.024749999999999998,0.29575,0.0,0.0,0.0,0.0,0.0,0.0,0.0,0.0
0.024749999999999998,0.29925,0.0,0.0,0.0,0.0,0.0,0.0,0.0,0.0
0.024749999999999998,0.30275,0.0,0.0,0.0,0.0,0.0,0.0,0.0,0.0
0.024749999999999998,0.30624999999999997,0.0,0.0,0.0,0.0,0.0,0.0,0.0,0.0
0.024749999999999998,0.30974999999999997,0.0,0.0,0.0,0.0,0.0,0.0,0.0,0.0
0.024749999999999998,0.31325,0.0,0.0,0.0,0.0,0.0,0.0,0.0,0.0
0.024749999999999998,0.31675,0.0,0.0,0.0,0.0,0.0,0.0,0.0,0.0
0.024749999999999998,0.32025,0.0,0.0,0.0,0.0,0.0,0.0,0.0,0.0
0.024749999999999998,0.32375,0.0,0.0,0.0,0.0,0.0,0.0,0.0,0.0
0.024749999999999998,0.32725,0.0,0.0,0.0,0.0,0.0,0.0,0.0,0.0
0.024749999999999998,0.33075,0.0,0.0,0.0,0.0,0.0,0.0,0.0,0.0
0.024749999999999998,0.33425,0.0,0.0,0.0,0.0,0.0,0.0,0.0,0.0
0.024749999999999998,0.33775,0.0,0.0,0.0,0.0,0.0,0.0,0.0,0.0
0.024749999999999998,0.34125,0.0,0.0,0.0,0.0,0.0,0.0,0.0,0.0
0.024749999999999998,0.34475,0.0,0.0,0.0,0.0,0.0,0.0,0.0,0.0
0.024749999999999998,0.34825,0.0,0.0,0.0,0.0,0.0,0.0,0.0,0.0
0.02505,0.00175,0.0,0.0,0.0,0.0,0.0,0.0,0.0,0.0
0.02505,0.0052499999999999995,0.0,0.0,0.0,0.0,0.0,0.0,0.0,0.0
0.02505,0.008749999999999999,0.0,0.0,0.0,0.0,0.0,0.0,0.0,0.0
0.02505,0.01225,0.0,0.0,0.0,0.0,0.0,0.0,0.0,0.0
0.02505,0.01575,0.0,0.0,0.0,0.0,0.0,0.0,0.0,0.0
0.02505,0.01925,0.0,0.0,0.0,0.0,0.0,0.0,0.0,0.0
0.02505,0.02275,0.0,0.0,0.0,0.0,0.0,0.0,0.0,0.0
0.02505,0.02625,0.0,0.0,0.0,0.0,0.0,0.0,0.0,0.0
0.02505,0.02975,0.0,0.0,0.0,0.0,0.0,0.0,0.0,0.0
0.02505,0.03325,0.0,0.0,0.0,0.0,0.0,0.0,0.0,0.0
0.02505,0.03675,0.0,0.0,0.0,0.0,0.0,0.0,0.0,0.0
0.02505,0.04025,0.0,0.0,0.0,0.0,0.0,0.0,0.0,0.0
0.02505,0.04375,0.0,0.0,0.0,0.0,0.0,0.0,0.0,0.0
0.02505,0.04725,0.0,0.0,0.0,0.0,0.0,0.0,0.0,0.0
0.02505,0.050749999999999997,0.0,0.0,0.0,0.0,0.0,0.0,0.0,0.0
0.02505,0.05425,0.0,0.0,0.0,0.0,0.0,0.0,0.0,0.0
0.02505,0.057749999999999996,0.0,0.0,0.0,0.0,0.0,0.0,0.0,0.0
0.02505,0.06125,0.0,0.0,0.0,0.0,0.0,0.0,0.0,0.0
0.02505,0.06475,2.0,0.010071182082455304,2.5920386268478656e-6,-6.881547209228305,3.5474088730999367,49.2373328119535,17.1680822596894,-27.34856303481501
0.02505,0.06824999999999999,0.0,0.0,0.0,0.0,0.0,0.0,0.0,0.0
0.02505,0.07175,0.0,0.0,0.0,0.0,0.0,0.0,0.0,0.0
0.02505,0.07525,0.0,0.0,0.0,0.0,0.0,0.0,0.0,0.0
0.02505,0.07875,0.0,0.0,0.0,0.0,0.0,0.0,0.0,0.0
0.02505,0.08225,0.0,0.0,0.0,0.0,0.0,0.0,0.0,0.0
0.02505,0.08574999999999999,0.0,0.0,0.0,0.0,0.0,0.0,0.0,0.0
0.02505,0.08925,0.0,0.0,0.0,0.0,0.0,0.0,0.0,0.0
0.02505,0.09275,0.0,0.0,0.0,0.0,0.0,0.0,0.0,0.0
0.02505,0.09625,0.0,0.0,0.0,0.0,0.0,0.0,0.0,0.0
0.02505,0.09974999999999999,0.0,0.0,0.0,0.0,0.0,0.0,0.0,0.0
0.02505,0.10325,0.0,0.0,0.0,0.0,0.0,0.0,0.0,0.0
0.02505,0.10675,0.0,0.0,0.0,0.0,0.0,0.0,0.0,0.0
0.02505,0.11025,0.0,0.0,0.0,0.0,0.0,0.0,0.0,0.0
0.02505,0.11374999999999999,0.0,0.0,0.0,0.0,0.0,0.0,0.0,0.0
0.02505,0.11725,0.0,0.0,0.0,0.0,0.0,0.0,0.0,0.0
0.02505,0.12075,1.0,0.018230479571104116,0.0,3.815535356169221,19.850980574779502,14.558310054177383,394.06142978027316,75.74211823769959
0.02505,0.12425,0.0,0.0,0.0,0.0,0.0,0.0,0.0,0.0
0.02505,0.12775,0.0,0.0,0.0,0.0,0.0,0.0,0.0,0.0
0.02505,0.13125,0.0,0.0,0.0,0.0,0.0,0.0,0.0,0.0
0.02505,0.13475,1.0,0.024778838055429717,0.0,-1.0122941556660745,30.516584230410647,1.0247394575956907,931.2619130917478,-30.89175986733619
0.02505,0.13824999999999998,0.0,0.0,0.0,0.0,0.0,0.0,0.0,0.0
0.02505,0.14175,1.0,0.029776560230018748,0.0,-3.22902555180655,24.876727466031557,10.426606014219594,618.8515694192089,-80.3275886331437
0.02505,0.14525,1.0,0.03519673909294019,0.0,0.08957090559394132,33.9654530931687,0.008022947128918748,1153.6520038242431,3.0423163924636554
0.02505,0.14875,0.0,0.0,0.0,0.0,0.0,0.0,0.0,0.0
0.02505,0.15225,2.0,0.027270349751655452,2.1337223563819845e-6,0.5395057847111817,34.412581749021385,1.5356867794076492,1188.6193072227115,20.904220122105777
0.02505,0.15575,0.0,0.0,0.0,0.0,0.0,0.0,0.0,0.0
0.02505,0.15925,0.0,0.0,0.0,0.0,0.0,0.0,0.0,0.0
0.02505,0.16275,0.0,0.0,0.0,0.0,0.0,0.0,0.0,0.0
0.02505,0.16625,0.0,0.0,0.0,0.0,0.0,0.0,0.0,0.0
0.02505,0.16974999999999998,0.0,0.0,0.0,0.0,0.0,0.0,0.0,0.0
0.02505,0.17325,0.0,0.0,0.0,0.0,0.0,0.0,0.0,0.0
0.02505,0.17675,0.0,0.0,0.0,0.0,0.0,0.0,0.0,0.0
0.02505,0.18025,0.0,0.0,0.0,0.0,0.0,0.0,0.0,0.0
0.02505,0.18375,0.0,0.0,0.0,0.0,0.0,0.0,0.0,0.0
0.02505,0.18725,0.0,0.0,0.0,0.0,0.0,0.0,0.0,0.0
0.02505,0.19075,0.0,0.0,0.0,0.0,0.0,0.0,0.0,0.0
0.02505,0.19425,0.0,0.0,0.0,0.0,0.0,0.0,0.0,0.0
0.02505,0.19774999999999998,0.0,0.0,0.0,0.0,0.0,0.0,0.0,0.0
0.02505,0.20124999999999998,0.0,0.0,0.0,0.0,0.0,0.0,0.0,0.0
0.02505,0.20475,0.0,0.0,0.0,0.0,0.0,0.0,0.0,0.0
0.02505,0.20825,0.0,0.0,0.0,0.0,0.0,0.0,0.0,0.0
0.02505,0.21175,0.0,0.0,0.0,0.0,0.0,0.0,0.0,0.0
0.02505,0.21525,0.0,0.0,0.0,0.0,0.0,0.0,0.0,0.0
0.02505,0.21875,0.0,0.0,0.0,0.0,0.0,0.0,0.0,0.0
0.02505,0.22225,0.0,0.0,0.0,0.0,0.0,0.0,0.0,0.0
0.02505,0.22575,1.0,0.025143863509825448,0.0,-1.1786715828703724,29.23501161765323,1.3892667002661492,854.6859042843195,-34.458477418613064
0.02505,0.22924999999999998,0.0,0.0,0.0,0.0,0.0,0.0,0.0,0.0
0.02505,0.23274999999999998,0.0,0.0,0.0,0.0,0.0,0.0,0.0,0.0
0.02505,0.23625,1.0,0.033018068258910634,0.0,2.0695392292663377,39.66596397694038,4.2829926214723075,1573.3886982199322,82.09026851694351
0.02505,0.23975,0.0,0.0,0.0,0.0,0.0,0.0,0.0,0.0
0.02505,0.24325,0.0,0.0,0.0,0.0,0.0,0.0,0.0,0.0
0.02505,0.24675,0.0,0.0,0.0,0.0,0.0,0.0,0.0,0.0
0.02505,0.25025,0.0,0.0,0.0,0.0,0.0,0.0,0.0,0.0
0.02505,0.25375,0.0,0.0,0.0,0.0,0.0,0.0,0.0,0.0
0.02505,0.25725,1.0,0.032647367906429144,0.0,2.4006121762438286,35.5130507712623,5.762938820730131,1261.176775082254,85.25306209705757
0.02505,0.26075,0.0,0.0,0.0,0.0,0.0,0.0,0.0,0.0
0.02505,0.26425,0.0,0.0,0.0,0.0,0.0,0.0,0.0,0.0
0.02505,0.26775,0.0,0.0,0.0,0.0,0.0,0.0,0.0,0.0
0.02505,0.27125,0.0,0.0,0.0,0.0,0.0,0.0,0.0,0.0
0.02505,0.27475,0.0,0.0,0.0,0.0,0.0,0.0,0.0,0.0
0.02505,0.27825,0.0,0.0,0.0,0.0,0.0,0.0,0.0,0.0
0.02505,0.28175,0.0,0.0,0.0,0.0,0.0,0.0,0.0,0.0
0.02505,0.28525,0.0,0.0,0.0,0.0,0.0,0.0,0.0,0.0
0.02505,0.28875,0.0,0.0,0.0,0.0,0.0,0.0,0.0,0.0
0.02505,0.29225,0.0,0.0,0.0,0.0,0.0,0.0,0.0,0.0
0.02505,0.29575,0.0,0.0,0.0,0.0,0.0,0.0,0.0,0.0
0.02505,0.29925,0.0,0.0,0.0,0.0,0.0,0.0,0.0,0.0
0.02505,0.30275,0.0,0.0,0.0,0.0,0.0,0.0,0.0,0.0
0.02505,0.30624999999999997,0.0,0.0,0.0,0.0,0.0,0.0,0.0,0.0
0.02505,0.30974999999999997,0.0,0.0,0.0,0.0,0.0,0.0,0.0,0.0
0.02505,0.31325,0.0,0.0,0.0,0.0,0.0,0.0,0.0,0.0
0.02505,0.31675,0.0,0.0,0.0,0.0,0.0,0.0,0.0,0.0
0.02505,0.32025,0.0,0.0,0.0,0.0,0.0,0.0,0.0,0.0
0.02505,0.32375,0.0,0.0,0.0,0.0,0.0,0.0,0.0,0.0
0.02505,0.32725,0.0,0.0,0.0,0.0,0.0,0.0,0.0,0.0
0.02505,0.33075,0.0,0.0,0.0,0.0,0.0,0.0,0.0,0.0
0.02505,0.33425,0.0,0.0,0.0,0.0,0.0,0.0,0.0,0.0
0.02505,0.33775,0.0,0.0,0.0,0.0,0.0,0.0,0.0,0.0
0.02505,0.34125,0.0,0.0,0.0,0.0,0.0,0.0,0.0,0.0
0.02505,0.34475,0.0,0.0,0.0,0.0,0.0,0.0,0.0,0.0
0.02505,0.34825,0.0,0.0,0.0,0.0,0.0,0.0,0.0,0.0
0.025349999999999998,0.00175,0.0,0.0,0.0,0.0,0.0,0.0,0.0,0.0
0.025349999999999998,0.0052499999999999995,0.0,0.0,0.0,0.0,0.0,0.0,0.0,0.0
0.025349999999999998,0.008749999999999999,0.0,0.0,0.0,0.0,0.0,0.0,0.0,0.0
0.025349999999999998,0.01225,0.0,0.0,0.0,0.0,0.0,0.0,0.0,0.0
0.025349999999999998,0.01575,0.0,0.0,0.0,0.0,0.0,0.0,0.0,0.0
0.025349999999999998,0.01925,0.0,0.0,0.0,0.0,0.0,0.0,0.0,0.0
0.025349999999999998,0.02275,0.0,0.0,0.0,0.0,0.0,0.0,0.0,0.0
0.025349999999999998,0.02625,0.0,0.0,0.0,0.0,0.0,0.0,0.0,0.0
0.025349999999999998,0.02975,0.0,0.0,0.0,0.0,0.0,0.0,0.0,0.0
0.025349999999999998,0.03325,0.0,0.0,0.0,0.0,0.0,0.0,0.0,0.0
0.025349999999999998,0.03675,0.0,0.0,0.0,0.0,0.0,0.0,0.0,0.0
0.025349999999999998,0.04025,0.0,0.0,0.0,0.0,0.0,0.0,0.0,0.0
0.025349999999999998,0.04375,0.0,0.0,0.0,0.0,0.0,0.0,0.0,0.0
0.025349999999999998,0.04725,0.0,0.0,0.0,0.0,0.0,0.0,0.0,0.0
0.025349999999999998,0.050749999999999997,0.0,0.0,0.0,0.0,0.0,0.0,0.0,0.0
0.025349999999999998,0.05425,0.0,0.0,0.0,0.0,0.0,0.0,0.0,0.0
0.025349999999999998,0.057749999999999996,0.0,0.0,0.0,0.0,0.0,0.0,0.0,0.0
0.025349999999999998,0.06125,0.0,0.0,0.0,0.0,0.0,0.0,0.0,0.0
0.025349999999999998,0.06475,0.0,0.0,0.0,0.0,0.0,0.0,0.0,0.0
0.025349999999999998,0.06824999999999999,0.0,0.0,0.0,0.0,0.0,0.0,0.0,0.0
0.025349999999999998,0.07175,0.0,0.0,0.0,0.0,0.0,0.0,0.0,0.0
0.025349999999999998,0.07525,0.0,0.0,0.0,0.0,0.0,0.0,0.0,0.0
0.025349999999999998,0.07875,0.0,0.0,0.0,0.0,0.0,0.0,0.0,0.0
0.025349999999999998,0.08225,0.0,0.0,0.0,0.0,0.0,0.0,0.0,0.0
0.025349999999999998,0.08574999999999999,0.0,0.0,0.0,0.0,0.0,0.0,0.0,0.0
0.025349999999999998,0.08925,0.0,0.0,0.0,0.0,0.0,0.0,0.0,0.0
0.025349999999999998,0.09275,0.0,0.0,0.0,0.0,0.0,0.0,0.0,0.0
0.025349999999999998,0.09625,0.0,0.0,0.0,0.0,0.0,0.0,0.0,0.0
0.025349999999999998,0.09974999999999999,0.0,0.0,0.0,0.0,0.0,0.0,0.0,0.0
0.025349999999999998,0.10325,0.0,0.0,0.0,0.0,0.0,0.0,0.0,0.0
0.025349999999999998,0.10675,0.0,0.0,0.0,0.0,0.0,0.0,0.0,0.0
0.025349999999999998,0.11025,0.0,0.0,0.0,0.0,0.0,0.0,0.0,0.0
0.025349999999999998,0.11374999999999999,0.0,0.0,0.0,0.0,0.0,0.0,0.0,0.0
0.025349999999999998,0.11725,0.0,0.0,0.0,0.0,0.0,0.0,0.0,0.0
0.025349999999999998,0.12075,0.0,0.0,0.0,0.0,0.0,0.0,0.0,0.0
0.025349999999999998,0.12425,0.0,0.0,0.0,0.0,0.0,0.0,0.0,0.0
0.025349999999999998,0.12775,0.0,0.0,0.0,0.0,0.0,0.0,0.0,0.0
0.025349999999999998,0.13125,1.0,0.037181900860941565,0.0,0.013138380296130797,29.003585774880953,0.00017261703680575798,841.2079878008768,0.3810601398618354
0.025349999999999998,0.13475,0.0,0.0,0.0,0.0,0.0,0.0,0.0,0.0
0.025349999999999998,0.13824999999999998,3.0,0.02505691639792658,9.571941826252678e-5,1.6814565563984516,22.22980927910832,3.496692866901072,494.85298582188835,38.00463474101046
0.025349999999999998,0.14175,3.0,0.028769814159477197,7.08484220830332e-5,-0.7686361651969597,27.804927690058978,0.6103295715384021,799.0307055532365,-21.26572549745845
0.025349999999999998,0.14525,0.0,0.0,0.0,0.0,0.0,0.0,0.0,0.0
0.025349999999999998,0.14875,0.0,0.0,0.0,0.0,0.0,0.0,0.0,0.0
0.025349999999999998,0.15225,1.0,0.014784199889251757,0.0,1.4730847803956824,28.587650642797122,2.1699787702333957,817.2537692746187,42.112033069173286
0.025349999999999998,0.15575,1.0,0.030213806140520303,0.0,-0.12960558359528468,33.97104174926417,0.016797607299074323,1154.031677530249,-4.402836691253163
0.025349999999999998,0.15925,0.0,0.0,0.0,0.0,0.0,0.0,0.0,0.0
0.025349999999999998,0.16275,0.0,0.0,0.0,0.0,0.0,0.0,0.0,0.0
0.025349999999999998,0.16625,0.0,0.0,0.0,0.0,0.0,0.0,0.0,0.0
0.025349999999999998,0.16974999999999998,0.0,0.0,0.0,0.0,0.0,0.0,0.0,0.0
0.025349999999999998,0.17325,1.0,0.015490664504249416,0.0,-0.07585666072853331,35.83326751564131,0.005754232976883808,1284.0230608475147,-2.7181920167287767
0.025349999999999998,0.17675,0.0,0.0,0.0,0.0,0.0,0.0,0.0,0.0
0.025349999999999998,0.18025,0.0,0.0,0.0,0.0,0.0,0.0,0.0,0.0
0.025349999999999998,0.18375,0.0,0.0,0.0,0.0,0.0,0.0,0.0,0.0
0.025349999999999998,0.18725,0.0,0.0,0.0,0.0,0.0,0.0,0.0,0.0
0.025349999999999998,0.19075,0.0,0.0,0.0,0.0,0.0,0.0,0.0,0.0
0.025349999999999998,0.19425,0.0,0.0,0.0,0.0,0.0,0.0,0.0,0.0
0.025349999999999998,0.19774999999999998,0.0,0.0,0.0,0.0,0.0,0.0,0.0,0.0
0.025349999999999998,0.20124999999999998,0.0,0.0,0.0,0.0,0.0,0.0,0.0,0.0
0.025349999999999998,0.20475,1.0,0.016550422577928034,0.0,-2.257820733598406,29.317732571429516,5.097754465066845,859.5294431298591,-66.19418446186688
0.025349999999999998,0.20825,0.0,0.0,0.0,0.0,0.0,0.0,0.0,0.0
0.025349999999999998,0.21175,0.0,0.0,0.0,0.0,0.0,0.0,0.0,0.0
0.025349999999999998,0.21525,0.0,0.0,0.0,0.0,0.0,0.0,0.0,0.0
0.025349999999999998,0.21875,0.0,0.0,0.0,0.0,0.0,0.0,0.0,0.0
0.025349999999999998,0.22225,0.0,0.0,0.0,0.0,0.0,0.0,0.0,0.0
0.025349999999999998,0.22575,0.0,0.0,0.0,0.0,0.0,0.0,0.0,0.0
0.025349999999999998,0.22924999999999998,0.0,0.0,0.0,0.0,0.0,0.0,0.0,0.0
0.025349999999999998,0.23274999999999998,0.0,0.0,0.0,0.0,0.0,0.0,0.0,0.0
0.025349999999999998,0.23625,0.0,0.0,0.0,0.0,0.0,0.0,0.0,0.0
0.025349999999999998,0.23975,0.0,0.0,0.0,0.0,0.0,0.0,0.0,0.0
0.025349999999999998,0.24325,0.0,0.0,0.0,0.0,0.0,0.0,0.0,0.0
0.025349999999999998,0.24675,0.0,0.0,0.0,0.0,0.0,0.0,0.0,0.0
0.025349999999999998,0.25025,0.0,0.0,0.0,0.0,0.0,0.0,0.0,0.0
0.025349999999999998,0.25375,0.0,0.0,0.0,0.0,0.0,0.0,0.0,0.0
0.025349999999999998,0.25725,0.0,0.0,0.0,0.0,0.0,0.0,0.0,0.0
0.025349999999999998,0.26075,0.0,0.0,0.0,0.0,0.0,0.0,0.0,0.0
0.025349999999999998,0.26425,0.0,0.0,0.0,0.0,0.0,0.0,0.0,0.0
0.025349999999999998,0.26775,0.0,0.0,0.0,0.0,0.0,0.0,0.0,0.0
0.025349999999999998,0.27125,0.0,0.0,0.0,0.0,0.0,0.0,0.0,0.0
0.025349999999999998,0.27475,0.0,0.0,0.0,0.0,0.0,0.0,0.0,0.0
0.025349999999999998,0.27825,0.0,0.0,0.0,0.0,0.0,0.0,0.0,0.0
0.025349999999999998,0.28175,0.0,0.0,0.0,0.0,0.0,0.0,0.0,0.0
0.025349999999999998,0.28525,0.0,0.0,0.0,0.0,0.0,0.0,0.0,0.0
0.025349999999999998,0.28875,0.0,0.0,0.0,0.0,0.0,0.0,0.0,0.0
0.025349999999999998,0.29225,0.0,0.0,0.0,0.0,0.0,0.0,0.0,0.0
0.025349999999999998,0.29575,0.0,0.0,0.0,0.0,0.0,0.0,0.0,0.0
0.025349999999999998,0.29925,0.0,0.0,0.0,0.0,0.0,0.0,0.0,0.0
0.025349999999999998,0.30275,0.0,0.0,0.0,0.0,0.0,0.0,0.0,0.0
0.025349999999999998,0.30624999999999997,0.0,0.0,0.0,0.0,0.0,0.0,0.0,0.0
0.025349999999999998,0.30974999999999997,0.0,0.0,0.0,0.0,0.0,0.0,0.0,0.0
0.025349999999999998,0.31325,0.0,0.0,0.0,0.0,0.0,0.0,0.0,0.0
0.025349999999999998,0.31675,0.0,0.0,0.0,0.0,0.0,0.0,0.0,0.0
0.025349999999999998,0.32025,0.0,0.0,0.0,0.0,0.0,0.0,0.0,0.0
0.025349999999999998,0.32375,0.0,0.0,0.0,0.0,0.0,0.0,0.0,0.0
0.025349999999999998,0.32725,0.0,0.0,0.0,0.0,0.0,0.0,0.0,0.0
0.025349999999999998,0.33075,0.0,0.0,0.0,0.0,0.0,0.0,0.0,0.0
0.025349999999999998,0.33425,0.0,0.0,0.0,0.0,0.0,0.0,0.0,0.0
0.025349999999999998,0.33775,0.0,0.0,0.0,0.0,0.0,0.0,0.0,0.0
0.025349999999999998,0.34125,0.0,0.0,0.0,0.0,0.0,0.0,0.0,0.0
0.025349999999999998,0.34475,0.0,0.0,0.0,0.0,0.0,0.0,0.0,0.0
0.025349999999999998,0.34825,0.0,0.0,0.0,0.0,0.0,0.0,0.0,0.0
0.02565,0.00175,0.0,0.0,0.0,0.0,0.0,0.0,0.0,0.0
0.02565,0.0052499999999999995,0.0,0.0,0.0,0.0,0.0,0.0,0.0,0.0
0.02565,0.008749999999999999,0.0,0.0,0.0,0.0,0.0,0.0,0.0,0.0
0.02565,0.01225,0.0,0.0,0.0,0.0,0.0,0.0,0.0,0.0
0.02565,0.01575,0.0,0.0,0.0,0.0,0.0,0.0,0.0,0.0
0.02565,0.01925,0.0,0.0,0.0,0.0,0.0,0.0,0.0,0.0
0.02565,0.02275,0.0,0.0,0.0,0.0,0.0,0.0,0.0,0.0
0.02565,0.02625,0.0,0.0,0.0,0.0,0.0,0.0,0.0,0.0
0.02565,0.02975,0.0,0.0,0.0,0.0,0.0,0.0,0.0,0.0
0.02565,0.03325,0.0,0.0,0.0,0.0,0.0,0.0,0.0,0.0
0.02565,0.03675,0.0,0.0,0.0,0.0,0.0,0.0,0.0,0.0
0.02565,0.04025,0.0,0.0,0.0,0.0,0.0,0.0,0.0,0.0
0.02565,0.04375,0.0,0.0,0.0,0.0,0.0,0.0,0.0,0.0
0.02565,0.04725,0.0,0.0,0.0,0.0,0.0,0.0,0.0,0.0
0.02565,0.050749999999999997,0.0,0.0,0.0,0.0,0.0,0.0,0.0,0.0
0.02565,0.05425,0.0,0.0,0.0,0.0,0.0,0.0,0.0,0.0
0.02565,0.057749999999999996,0.0,0.0,0.0,0.0,0.0,0.0,0.0,0.0
0.02565,0.06125,0.0,0.0,0.0,0.0,0.0,0.0,0.0,0.0
0.02565,0.06475,0.0,0.0,0.0,0.0,0.0,0.0,0.0,0.0
0.02565,0.06824999999999999,0.0,0.0,0.0,0.0,0.0,0.0,0.0,0.0
0.02565,0.07175,0.0,0.0,0.0,0.0,0.0,0.0,0.0,0.0
0.02565,0.07525,0.0,0.0,0.0,0.0,0.0,0.0,0.0,0.0
0.02565,0.07875,0.0,0.0,0.0,0.0,0.0,0.0,0.0,0.0
0.02565,0.08225,0.0,0.0,0.0,0.0,0.0,0.0,0.0,0.0
0.02565,0.08574999999999999,0.0,0.0,0.0,0.0,0.0,0.0,0.0,0.0
0.02565,0.08925,0.0,0.0,0.0,0.0,0.0,0.0,0.0,0.0
0.02565,0.09275,0.0,0.0,0.0,0.0,0.0,0.0,0.0,0.0
0.02565,0.09625,0.0,0.0,0.0,0.0,0.0,0.0,0.0,0.0
0.02565,0.09974999999999999,0.0,0.0,0.0,0.0,0.0,0.0,0.0,0.0
0.02565,0.10325,0.0,0.0,0.0,0.0,0.0,0.0,0.0,0.0
0.02565,0.10675,0.0,0.0,0.0,0.0,0.0,0.0,0.0,0.0
0.02565,0.11025,0.0,0.0,0.0,0.0,0.0,0.0,0.0,0.0
0.02565,0.11374999999999999,0.0,0.0,0.0,0.0,0.0,0.0,0.0,0.0
0.02565,0.11725,0.0,0.0,0.0,0.0,0.0,0.0,0.0,0.0
0.02565,0.12075,0.0,0.0,0.0,0.0,0.0,0.0,0.0,0.0
0.02565,0.12425,0.0,0.0,0.0,0.0,0.0,0.0,0.0,0.0
0.02565,0.12775,0.0,0.0,0.0,0.0,0.0,0.0,0.0,0.0
0.02565,0.13125,0.0,0.0,0.0,0.0,0.0,0.0,0.0,0.0
0.02565,0.13475,1.0,0.020219368998414068,0.0,0.831230434905047,29.077425217412564,0.6909440359124336,845.4966572742201,24.170040809388826
0.02565,0.13824999999999998,0.0,0.0,0.0,0.0,0.0,0.0,0.0,0.0
0.02565,0.14175,1.0,0.023238215897935174,0.0,1.3111165807540892,23.46548465188548,1.719026688328294,550.628969947873,30.76598600251765
0.02565,0.14525,0.0,0.0,0.0,0.0,0.0,0.0,0.0,0.0
0.02565,0.14875,1.0,0.019139352666679793,0.0,-3.2544217401432896,27.585096164465433,10.591260862717277,760.9375304028056,-89.77353666157958
0.02565,0.15225,0.0,0.0,0.0,0.0,0.0,0.0,0.0,0.0
0.02565,0.15575,0.0,0.0,0.0,0.0,0.0,0.0,0.0,0.0
0.02565,0.15925,0.0,0.0,0.0,0.0,0.0,0.0,0.0,0.0
0.02565,0.16275,0.0,0.0,0.0,0.0,0.0,0.0,0.0,0.0
0.02565,0.16625,0.0,0.0,0.0,0.0,0.0,0.0,0.0,0.0
0.02565,0.16974999999999998,0.0,0.0,0.0,0.0,0.0,0.0,0.0,0.0
0.02565,0.17325,0.0,0.0,0.0,0.0,0.0,0.0,0.0,0.0
0.02565,0.17675,0.0,0.0,0.0,0.0,0.0,0.0,0.0,0.0
0.02565,0.18025,1.0,0.03604753951503342,0.0,2.2266138075345436,17.58097017083183,4.957809047903478,309.09051214767857,39.1460309322271
0.02565,0.18375,0.0,0.0,0.0,0.0,0.0,0.0,0.0,0.0
0.02565,0.18725,0.0,0.0,0.0,0.0,0.0,0.0,0.0,0.0
0.02565,0.19075,0.0,0.0,0.0,0.0,0.0,0.0,0.0,0.0
0.02565,0.19425,0.0,0.0,0.0,0.0,0.0,0.0,0.0,0.0
0.02565,0.19774999999999998,0.0,0.0,0.0,0.0,0.0,0.0,0.0,0.0
0.02565,0.20124999999999998,1.0,0.019839016071541732,0.0,-3.120072038573182,29.091156311632073,9.734849525886212,846.2953755478106,-90.76650337768497
0.02565,0.20475,0.0,0.0,0.0,0.0,0.0,0.0,0.0,0.0
0.02565,0.20825,0.0,0.0,0.0,0.0,0.0,0.0,0.0,0.0
0.02565,0.21175,0.0,0.0,0.0,0.0,0.0,0.0,0.0,0.0
0.02565,0.21525,0.0,0.0,0.0,0.0,0.0,0.0,0.0,0.0
0.02565,0.21875,0.0,0.0,0.0,0.0,0.0,0.0,0.0,0.0
0.02565,0.22225,0.0,0.0,0.0,0.0,0.0,0.0,0.0,0.0
0.02565,0.22575,0.0,0.0,0.0,0.0,0.0,0.0,0.0,0.0
0.02565,0.22924999999999998,1.0,0.0308417679861859,0.0,-2.1539489276685244,36.07926708221307,4.6394959830043865,1301.7135131896637,-77.71289864279913
0.02565,0.23274999999999998,0.0,0.0,0.0,0.0,0.0,0.0,0.0,0.0
0.02565,0.23625,0.0,0.0,0.0,0.0,0.0,0.0,0.0,0.0
0.02565,0.23975,0.0,0.0,0.0,0.0,0.0,0.0,0.0,0.0
0.02565,0.24325,0.0,0.0,0.0,0.0,0.0,0.0,0.0,0.0
0.02565,0.24675,0.0,0.0,0.0,0.0,0.0,0.0,0.0,0.0
0.02565,0.25025,0.0,0.0,0.0,0.0,0.0,0.0,0.0,0.0
0.02565,0.25375,0.0,0.0,0.0,0.0,0.0,0.0,0.0,0.0
0.02565,0.25725,0.0,0.0,0.0,0.0,0.0,0.0,0.0,0.0
0.02565,0.26075,0.0,0.0,0.0,0.0,0.0,0.0,0.0,0.0
0.02565,0.26425,0.0,0.0,0.0,0.0,0.0,0.0,0.0,0.0
0.02565,0.26775,0.0,0.0,0.0,0.0,0.0,0.0,0.0,0.0
0.02565,0.27125,0.0,0.0,0.0,0.0,0.0,0.0,0.0,0.0
0.02565,0.27475,0.0,0.0,0.0,0.0,0.0,0.0,0.0,0.0
0.02565,0.27825,0.0,0.0,0.0,0.0,0.0,0.0,0.0,0.0
0.02565,0.28175,0.0,0.0,0.0,0.0,0.0,0.0,0.0,0.0
0.02565,0.28525,0.0,0.0,0.0,0.0,0.0,0.0,0.0,0.0
0.02565,0.28875,0.0,0.0,0.0,0.0,0.0,0.0,0.0,0.0
0.02565,0.29225,0.0,0.0,0.0,0.0,0.0,0.0,0.0,0.0
0.02565,0.29575,0.0,0.0,0.0,0.0,0.0,0.0,0.0,0.0
0.02565,0.29925,0.0,0.0,0.0,0.0,0.0,0.0,0.0,0.0
0.02565,0.30275,0.0,0.0,0.0,0.0,0.0,0.0,0.0,0.0
0.02565,0.30624999999999997,0.0,0.0,0.0,0.0,0.0,0.0,0.0,0.0
0.02565,0.30974999999999997,0.0,0.0,0.0,0.0,0.0,0.0,0.0,0.0
0.02565,0.31325,0.0,0.0,0.0,0.0,0.0,0.0,0.0,0.0
0.02565,0.31675,0.0,0.0,0.0,0.0,0.0,0.0,0.0,0.0
0.02565,0.32025,0.0,0.0,0.0,0.0,0.0,0.0,0.0,0.0
0.02565,0.32375,0.0,0.0,0.0,0.0,0.0,0.0,0.0,0.0
0.02565,0.32725,0.0,0.0,0.0,0.0,0.0,0.0,0.0,0.0
0.02565,0.33075,0.0,0.0,0.0,0.0,0.0,0.0,0.0,0.0
0.02565,0.33425,0.0,0.0,0.0,0.0,0.0,0.0,0.0,0.0
0.02565,0.33775,0.0,0.0,0.0,0.0,0.0,0.0,0.0,0.0
0.02565,0.34125,0.0,0.0,0.0,0.0,0.0,0.0,0.0,0.0
0.02565,0.34475,0.0,0.0,0.0,0.0,0.0,0.0,0.0,0.0
0.02565,0.34825,0.0,0.0,0.0,0.0,0.0,0.0,0.0,0.0
0.025949999999999997,0.00175,0.0,0.0,0.0,0.0,0.0,0.0,0.0,0.0
0.025949999999999997,0.0052499999999999995,0.0,0.0,0.0,0.0,0.0,0.0,0.0,0.0
0.025949999999999997,0.008749999999999999,0.0,0.0,0.0,0.0,0.0,0.0,0.0,0.0
0.025949999999999997,0.01225,0.0,0.0,0.0,0.0,0.0,0.0,0.0,0.0
0.025949999999999997,0.01575,0.0,0.0,0.0,0.0,0.0,0.0,0.0,0.0
0.025949999999999997,0.01925,0.0,0.0,0.0,0.0,0.0,0.0,0.0,0.0
0.025949999999999997,0.02275,0.0,0.0,0.0,0.0,0.0,0.0,0.0,0.0
0.025949999999999997,0.02625,0.0,0.0,0.0,0.0,0.0,0.0,0.0,0.0
0.025949999999999997,0.02975,0.0,0.0,0.0,0.0,0.0,0.0,0.0,0.0
0.025949999999999997,0.03325,0.0,0.0,0.0,0.0,0.0,0.0,0.0,0.0
0.025949999999999997,0.03675,0.0,0.0,0.0,0.0,0.0,0.0,0.0,0.0
0.025949999999999997,0.04025,0.0,0.0,0.0,0.0,0.0,0.0,0.0,0.0
0.025949999999999997,0.04375,0.0,0.0,0.0,0.0,0.0,0.0,0.0,0.0
0.025949999999999997,0.04725,0.0,0.0,0.0,0.0,0.0,0.0,0.0,0.0
0.025949999999999997,0.050749999999999997,0.0,0.0,0.0,0.0,0.0,0.0,0.0,0.0
0.025949999999999997,0.05425,0.0,0.0,0.0,0.0,0.0,0.0,0.0,0.0
0.025949999999999997,0.057749999999999996,0.0,0.0,0.0,0.0,0.0,0.0,0.0,0.0
0.025949999999999997,0.06125,0.0,0.0,0.0,0.0,0.0,0.0,0.0,0.0
0.025949999999999997,0.06475,0.0,0.0,0.0,0.0,0.0,0.0,0.0,0.0
0.025949999999999997,0.06824999999999999,0.0,0.0,0.0,0.0,0.0,0.0,0.0,0.0
0.025949999999999997,0.07175,0.0,0.0,0.0,0.0,0.0,0.0,0.0,0.0
0.025949999999999997,0.07525,0.0,0.0,0.0,0.0,0.0,0.0,0.0,0.0
0.025949999999999997,0.07875,0.0,0.0,0.0,0.0,0.0,0.0,0.0,0.0
0.025949999999999997,0.08225,0.0,0.0,0.0,0.0,0.0,0.0,0.0,0.0
0.025949999999999997,0.08574999999999999,0.0,0.0,0.0,0.0,0.0,0.0,0.0,0.0
0.025949999999999997,0.08925,0.0,0.0,0.0,0.0,0.0,0.0,0.0,0.0
0.025949999999999997,0.09275,0.0,0.0,0.0,0.0,0.0,0.0,0.0,0.0
0.025949999999999997,0.09625,0.0,0.0,0.0,0.0,0.0,0.0,0.0,0.0
0.025949999999999997,0.09974999999999999,0.0,0.0,0.0,0.0,0.0,0.0,0.0,0.0
0.025949999999999997,0.10325,0.0,0.0,0.0,0.0,0.0,0.0,0.0,0.0
0.025949999999999997,0.10675,0.0,0.0,0.0,0.0,0.0,0.0,0.0,0.0
0.025949999999999997,0.11025,0.0,0.0,0.0,0.0,0.0,0.0,0.0,0.0
0.025949999999999997,0.11374999999999999,0.0,0.0,0.0,0.0,0.0,0.0,0.0,0.0
0.025949999999999997,0.11725,0.0,0.0,0.0,0.0,0.0,0.0,0.0,0.0
0.025949999999999997,0.12075,0.0,0.0,0.0,0.0,0.0,0.0,0.0,0.0
0.025949999999999997,0.12425,0.0,0.0,0.0,0.0,0.0,0.0,0.0,0.0
0.025949999999999997,0.12775,0.0,0.0,0.0,0.0,0.0,0.0,0.0,0.0
0.025949999999999997,0.13125,0.0,0.0,0.0,0.0,0.0,0.0,0.0,0.0
0.025949999999999997,0.13475,0.0,0.0,0.0,0.0,0.0,0.0,0.0,0.0
0.025949999999999997,0.13824999999999998,1.0,0.01556919502592819,0.0,-0.510078037067581,27.992042908554566,0.2601796038987166,783.55446619436,-14.278126300307015
0.025949999999999997,0.14175,3.0,0.03590379842387797,6.896876961999121e-5,-1.3834279349973944,31.91848776114892,2.773092540172863,1041.5511497608454,-47.02869723415416
0.025949999999999997,0.14525,0.0,0.0,0.0,0.0,0.0,0.0,0.0,0.0
0.025949999999999997,0.14875,0.0,0.0,0.0,0.0,0.0,0.0,0.0,0.0
0.025949999999999997,0.15225,0.0,0.0,0.0,0.0,0.0,0.0,0.0,0.0
0.025949999999999997,0.15575,0.0,0.0,0.0,0.0,0.0,0.0,0.0,0.0
0.025949999999999997,0.15925,0.0,0.0,0.0,0.0,0.0,0.0,0.0,0.0
0.025949999999999997,0.16275,0.0,0.0,0.0,0.0,0.0,0.0,0.0,0.0
0.025949999999999997,0.16625,0.0,0.0,0.0,0.0,0.0,0.0,0.0,0.0
0.025949999999999997,0.16974999999999998,1.0,0.01951804689458082,0.0,-4.6186904195617196,14.811966388185873,21.332301191751213,219.39434828474805,-68.4118872519843
0.025949999999999997,0.17325,0.0,0.0,0.0,0.0,0.0,0.0,0.0,0.0
0.025949999999999997,0.17675,1.0,0.026866337875754532,0.0,0.596095710423941,33.34309064261268,0.355330095985823,1111.7616936014851,19.875673304338065
0.025949999999999997,0.18025,1.0,0.03194226574364484,0.0,0.5516317550894471,32.96429536853822,0.3042975932230637,1086.6447691442302,18.18415210943367
0.025949999999999997,0.18375,0.0,0.0,0.0,0.0,0.0,0.0,0.0,0.0
0.025949999999999997,0.18725,0.0,0.0,0.0,0.0,0.0,0.0,0.0,0.0
0.025949999999999997,0.19075,0.0,0.0,0.0,0.0,0.0,0.0,0.0,0.0
0.025949999999999997,0.19425,0.0,0.0,0.0,0.0,0.0,0.0,0.0,0.0
0.025949999999999997,0.19774999999999998,0.0,0.0,0.0,0.0,0.0,0.0,0.0,0.0
0.025949999999999997,0.20124999999999998,0.0,0.0,0.0,0.0,0.0,0.0,0.0,0.0
0.025949999999999997,0.20475,0.0,0.0,0.0,0.0,0.0,0.0,0.0,0.0
0.025949999999999997,0.20825,0.0,0.0,0.0,0.0,0.0,0.0,0.0,0.0
0.025949999999999997,0.21175,0.0,0.0,0.0,0.0,0.0,0.0,0.0,0.0
0.025949999999999997,0.21525,0.0,0.0,0.0,0.0,0.0,0.0,0.0,0.0
0.025949999999999997,0.21875,0.0,0.0,0.0,0.0,0.0,0.0,0.0,0.0
0.025949999999999997,0.22225,0.0,0.0,0.0,0.0,0.0,0.0,0.0,0.0
0.025949999999999997,0.22575,0.0,0.0,0.0,0.0,0.0,0.0,0.0,0.0
0.025949999999999997,0.22924999999999998,0.0,0.0,0.0,0.0,0.0,0.0,0.0,0.0
0.025949999999999997,0.23274999999999998,0.0,0.0,0.0,0.0,0.0,0.0,0.0,0.0
0.025949999999999997,0.23625,0.0,0.0,0.0,0.0,0.0,0.0,0.0,0.0
0.025949999999999997,0.23975,0.0,0.0,0.0,0.0,0.0,0.0,0.0,0.0
0.025949999999999997,0.24325,0.0,0.0,0.0,0.0,0.0,0.0,0.0,0.0
0.025949999999999997,0.24675,0.0,0.0,0.0,0.0,0.0,0.0,0.0,0.0
0.025949999999999997,0.25025,0.0,0.0,0.0,0.0,0.0,0.0,0.0,0.0
0.025949999999999997,0.25375,0.0,0.0,0.0,0.0,0.0,0.0,0.0,0.0
0.025949999999999997,0.25725,0.0,0.0,0.0,0.0,0.0,0.0,0.0,0.0
0.025949999999999997,0.26075,0.0,0.0,0.0,0.0,0.0,0.0,0.0,0.0
0.025949999999999997,0.26425,0.0,0.0,0.0,0.0,0.0,0.0,0.0,0.0
0.025949999999999997,0.26775,0.0,0.0,0.0,0.0,0.0,0.0,0.0,0.0
0.025949999999999997,0.27125,0.0,0.0,0.0,0.0,0.0,0.0,0.0,0.0
0.025949999999999997,0.27475,0.0,0.0,0.0,0.0,0.0,0.0,0.0,0.0
0.025949999999999997,0.27825,0.0,0.0,0.0,0.0,0.0,0.0,0.0,0.0
0.025949999999999997,0.28175,0.0,0.0,0.0,0.0,0.0,0.0,0.0,0.0
0.025949999999999997,0.28525,0.0,0.0,0.0,0.0,0.0,0.0,0.0,0.0
0.025949999999999997,0.28875,0.0,0.0,0.0,0.0,0.0,0.0,0.0,0.0
0.025949999999999997,0.29225,0.0,0.0,0.0,0.0,0.0,0.0,0.0,0.0
0.025949999999999997,0.29575,0.0,0.0,0.0,0.0,0.0,0.0,0.0,0.0
0.025949999999999997,0.29925,0.0,0.0,0.0,0.0,0.0,0.0,0.0,0.0
0.025949999999999997,0.30275,0.0,0.0,0.0,0.0,0.0,0.0,0.0,0.0
0.025949999999999997,0.30624999999999997,0.0,0.0,0.0,0.0,0.0,0.0,0.0,0.0
0.025949999999999997,0.30974999999999997,0.0,0.0,0.0,0.0,0.0,0.0,0.0,0.0
0.025949999999999997,0.31325,0.0,0.0,0.0,0.0,0.0,0.0,0.0,0.0
0.025949999999999997,0.31675,0.0,0.0,0.0,0.0,0.0,0.0,0.0,0.0
0.025949999999999997,0.32025,0.0,0.0,0.0,0.0,0.0,0.0,0.0,0.0
0.025949999999999997,0.32375,0.0,0.0,0.0,0.0,0.0,0.0,0.0,0.0
0.025949999999999997,0.32725,0.0,0.0,0.0,0.0,0.0,0.0,0.0,0.0
0.025949999999999997,0.33075,0.0,0.0,0.0,0.0,0.0,0.0,0.0,0.0
0.025949999999999997,0.33425,0.0,0.0,0.0,0.0,0.0,0.0,0.0,0.0
0.025949999999999997,0.33775,0.0,0.0,0.0,0.0,0.0,0.0,0.0,0.0
0.025949999999999997,0.34125,0.0,0.0,0.0,0.0,0.0,0.0,0.0,0.0
0.025949999999999997,0.34475,1.0,0.04985151234279686,0.0,4.230341249551897,23.55619974742174,17.895787087660302,554.8945465404321,99.65076347420215
0.025949999999999997,0.34825,0.0,0.0,0.0,0.0,0.0,0.0,0.0,0.0
0.02625,0.00175,0.0,0.0,0.0,0.0,0.0,0.0,0.0,0.0
0.02625,0.0052499999999999995,0.0,0.0,0.0,0.0,0.0,0.0,0.0,0.0
0.02625,0.008749999999999999,0.0,0.0,0.0,0.0,0.0,0.0,0.0,0.0
0.02625,0.01225,0.0,0.0,0.0,0.0,0.0,0.0,0.0,0.0
0.02625,0.01575,0.0,0.0,0.0,0.0,0.0,0.0,0.0,0.0
0.02625,0.01925,0.0,0.0,0.0,0.0,0.0,0.0,0.0,0.0
0.02625,0.02275,0.0,0.0,0.0,0.0,0.0,0.0,0.0,0.0
0.02625,0.02625,0.0,0.0,0.0,0.0,0.0,0.0,0.0,0.0
0.02625,0.02975,0.0,0.0,0.0,0.0,0.0,0.0,0.0,0.0
0.02625,0.03325,0.0,0.0,0.0,0.0,0.0,0.0,0.0,0.0
0.02625,0.03675,0.0,0.0,0.0,0.0,0.0,0.0,0.0,0.0
0.02625,0.04025,0.0,0.0,0.0,0.0,0.0,0.0,0.0,0.0
0.02625,0.04375,0.0,0.0,0.0,0.0,0.0,0.0,0.0,0.0
0.02625,0.04725,0.0,0.0,0.0,0.0,0.0,0.0,0.0,0.0
0.02625,0.050749999999999997,0.0,0.0,0.0,0.0,0.0,0.0,0.0,0.0
0.02625,0.05425,0.0,0.0,0.0,0.0,0.0,0.0,0.0,0.0
0.02625,0.057749999999999996,0.0,0.0,0.0,0.0,0.0,0.0,0.0,0.0
0.02625,0.06125,0.0,0.0,0.0,0.0,0.0,0.0,0.0,0.0
0.02625,0.06475,0.0,0.0,0.0,0.0,0.0,0.0,0.0,0.0
0.02625,0.06824999999999999,0.0,0.0,0.0,0.0,0.0,0.0,0.0,0.0
0.02625,0.07175,0.0,0.0,0.0,0.0,0.0,0.0,0.0,0.0
0.02625,0.07525,0.0,0.0,0.0,0.0,0.0,0.0,0.0,0.0
0.02625,0.07875,0.0,0.0,0.0,0.0,0.0,0.0,0.0,0.0
0.02625,0.08225,0.0,0.0,0.0,0.0,0.0,0.0,0.0,0.0
0.02625,0.08574999999999999,0.0,0.0,0.0,0.0,0.0,0.0,0.0,0.0
0.02625,0.08925,0.0,0.0,0.0,0.0,0.0,0.0,0.0,0.0
0.02625,0.09275,0.0,0.0,0.0,0.0,0.0,0.0,0.0,0.0
0.02625,0.09625,0.0,0.0,0.0,0.0,0.0,0.0,0.0,0.0
0.02625,0.09974999999999999,0.0,0.0,0.0,0.0,0.0,0.0,0.0,0.0
0.02625,0.10325,0.0,0.0,0.0,0.0,0.0,0.0,0.0,0.0
0.02625,0.10675,0.0,0.0,0.0,0.0,0.0,0.0,0.0,0.0
0.02625,0.11025,0.0,0.0,0.0,0.0,0.0,0.0,0.0,0.0
0.02625,0.11374999999999999,0.0,0.0,0.0,0.0,0.0,0.0,0.0,0.0
0.02625,0.11725,0.0,0.0,0.0,0.0,0.0,0.0,0.0,0.0
0.02625,0.12075,0.0,0.0,0.0,0.0,0.0,0.0,0.0,0.0
0.02625,0.12425,1.0,0.01155988532820584,0.0,-0.9594126839684025,20.921958392845614,0.9204726981594538,437.728342991963,-20.072792255555257
0.02625,0.12775,0.0,0.0,0.0,0.0,0.0,0.0,0.0,0.0
0.02625,0.13125,1.0,0.01416048369931009,0.0,-1.2216406662169637,23.8088255638419,1.4924059173550268,566.8601747294516,-29.085829523655296
0.02625,0.13475,1.0,0.019918346025734786,0.0,-1.8367568412806978,27.408106272358,3.3736756939914465,751.20428943687,-50.342026702301965
0.02625,0.13824999999999998,0.0,0.0,0.0,0.0,0.0,0.0,0.0,0.0
0.02625,0.14175,0.0,0.0,0.0,0.0,0.0,0.0,0.0,0.0
0.02625,0.14525,2.0,0.028355017325934425,0.00016064672365690406,0.422106301628157,29.213549124138705,8.154565783113902,856.3031138031981,7.545254418502779
0.02625,0.14875,2.0,0.026451862727709587,1.2104129148198535e-6,-0.32157893806865934,22.687448775342425,5.611186864910588,608.7052074671403,-30.047672419046478
0.02625,0.15225,0.0,0.0,0.0,0.0,0.0,0.0,0.0,0.0
0.02625,0.15575,0.0,0.0,0.0,0.0,0.0,0.0,0.0,0.0
0.02625,0.15925,2.0,0.030885382227005258,3.2487881081582975e-8,-1.6473736353279227,32.54288237970246,3.252026768720326,1059.2287682430115,-53.92970247297836
0.02625,0.16275,0.0,0.0,0.0,0.0,0.0,0.0,0.0,0.0
0.02625,0.16625,0.0,0.0,0.0,0.0,0.0,0.0,0.0,0.0
0.02625,0.16974999999999998,0.0,0.0,0.0,0.0,0.0,0.0,0.0,0.0
0.02625,0.17325,1.0,0.01856055950417508,0.0,0.8415421614755981,36.47140514057825,0.7081932095410217,1330.1633929281975,30.69222511405446
0.02625,0.17675,0.0,0.0,0.0,0.0,0.0,0.0,0.0,0.0
0.02625,0.18025,0.0,0.0,0.0,0.0,0.0,0.0,0.0,0.0
0.02625,0.18375,0.0,0.0,0.0,0.0,0.0,0.0,0.0,0.0
0.02625,0.18725,0.0,0.0,0.0,0.0,0.0,0.0,0.0,0.0
0.02625,0.19075,0.0,0.0,0.0,0.0,0.0,0.0,0.0,0.0
0.02625,0.19425,0.0,0.0,0.0,0.0,0.0,0.0,0.0,0.0
0.02625,0.19774999999999998,1.0,0.03136829395697101,0.0,2.7611813753175096,30.379935974436894,7.624122587400294,922.9405098108849,83.88451339595355
0.02625,0.20124999999999998,0.0,0.0,0.0,0.0,0.0,0.0,0.0,0.0
0.02625,0.20475,0.0,0.0,0.0,0.0,0.0,0.0,0.0,0.0
0.02625,0.20825,0.0,0.0,0.0,0.0,0.0,0.0,0.0,0.0
0.02625,0.21175,0.0,0.0,0.0,0.0,0.0,0.0,0.0,0.0
0.02625,0.21525,0.0,0.0,0.0,0.0,0.0,0.0,0.0,0.0
0.02625,0.21875,0.0,0.0,0.0,0.0,0.0,0.0,0.0,0.0
0.02625,0.22225,0.0,0.0,0.0,0.0,0.0,0.0,0.0,0.0
0.02625,0.22575,0.0,0.0,0.0,0.0,0.0,0.0,0.0,0.0
0.02625,0.22924999999999998,0.0,0.0,0.0,0.0,0.0,0.0,0.0,0.0
0.02625,0.23274999999999998,0.0,0.0,0.0,0.0,0.0,0.0,0.0,0.0
0.02625,0.23625,0.0,0.0,0.0,0.0,0.0,0.0,0.0,0.0
0.02625,0.23975,0.0,0.0,0.0,0.0,0.0,0.0,0.0,0.0
0.02625,0.24325,0.0,0.0,0.0,0.0,0.0,0.0,0.0,0.0
0.02625,0.24675,0.0,0.0,0.0,0.0,0.0,0.0,0.0,0.0
0.02625,0.25025,0.0,0.0,0.0,0.0,0.0,0.0,0.0,0.0
0.02625,0.25375,0.0,0.0,0.0,0.0,0.0,0.0,0.0,0.0
0.02625,0.25725,0.0,0.0,0.0,0.0,0.0,0.0,0.0,0.0
0.02625,0.26075,0.0,0.0,0.0,0.0,0.0,0.0,0.0,0.0
0.02625,0.26425,0.0,0.0,0.0,0.0,0.0,0.0,0.0,0.0
0.02625,0.26775,0.0,0.0,0.0,0.0,0.0,0.0,0.0,0.0
0.02625,0.27125,0.0,0.0,0.0,0.0,0.0,0.0,0.0,0.0
0.02625,0.27475,0.0,0.0,0.0,0.0,0.0,0.0,0.0,0.0
0.02625,0.27825,0.0,0.0,0.0,0.0,0.0,0.0,0.0,0.0
0.02625,0.28175,0.0,0.0,0.0,0.0,0.0,0.0,0.0,0.0
0.02625,0.28525,0.0,0.0,0.0,0.0,0.0,0.0,0.0,0.0
0.02625,0.28875,0.0,0.0,0.0,0.0,0.0,0.0,0.0,0.0
0.02625,0.29225,0.0,0.0,0.0,0.0,0.0,0.0,0.0,0.0
0.02625,0.29575,0.0,0.0,0.0,0.0,0.0,0.0,0.0,0.0
0.02625,0.29925,1.0,0.028166523497830585,0.0,-1.310457999499156,28.22163678244147,1.7173001684513303,796.4607826800532,-36.98326968051005
0.02625,0.30275,0.0,0.0,0.0,0.0,0.0,0.0,0.0,0.0
0.02625,0.30624999999999997,0.0,0.0,0.0,0.0,0.0,0.0,0.0,0.0
0.02625,0.30974999999999997,0.0,0.0,0.0,0.0,0.0,0.0,0.0,0.0
0.02625,0.31325,0.0,0.0,0.0,0.0,0.0,0.0,0.0,0.0
0.02625,0.31675,0.0,0.0,0.0,0.0,0.0,0.0,0.0,0.0
0.02625,0.32025,1.0,0.04880289147816709,0.0,-0.739242761861991,30.162820178732062,0.5464798609653443,909.795721134526,-22.29764649447248
0.02625,0.32375,0.0,0.0,0.0,0.0,0.0,0.0,0.0,0.0
0.02625,0.32725,0.0,0.0,0.0,0.0,0.0,0.0,0.0,0.0
0.02625,0.33075,0.0,0.0,0.0,0.0,0.0,0.0,0.0,0.0
0.02625,0.33425,0.0,0.0,0.0,0.0,0.0,0.0,0.0,0.0
0.02625,0.33775,0.0,0.0,0.0,0.0,0.0,0.0,0.0,0.0
0.02625,0.34125,0.0,0.0,0.0,0.0,0.0,0.0,0.0,0.0
0.02625,0.34475,0.0,0.0,0.0,0.0,0.0,0.0,0.0,0.0
0.02625,0.34825,0.0,0.0,0.0,0.0,0.0,0.0,0.0,0.0
0.026549999999999997,0.00175,0.0,0.0,0.0,0.0,0.0,0.0,0.0,0.0
0.026549999999999997,0.0052499999999999995,0.0,0.0,0.0,0.0,0.0,0.0,0.0,0.0
0.026549999999999997,0.008749999999999999,0.0,0.0,0.0,0.0,0.0,0.0,0.0,0.0
0.026549999999999997,0.01225,0.0,0.0,0.0,0.0,0.0,0.0,0.0,0.0
0.026549999999999997,0.01575,0.0,0.0,0.0,0.0,0.0,0.0,0.0,0.0
0.026549999999999997,0.01925,0.0,0.0,0.0,0.0,0.0,0.0,0.0,0.0
0.026549999999999997,0.02275,0.0,0.0,0.0,0.0,0.0,0.0,0.0,0.0
0.026549999999999997,0.02625,0.0,0.0,0.0,0.0,0.0,0.0,0.0,0.0
0.026549999999999997,0.02975,0.0,0.0,0.0,0.0,0.0,0.0,0.0,0.0
0.026549999999999997,0.03325,0.0,0.0,0.0,0.0,0.0,0.0,0.0,0.0
0.026549999999999997,0.03675,0.0,0.0,0.0,0.0,0.0,0.0,0.0,0.0
0.026549999999999997,0.04025,0.0,0.0,0.0,0.0,0.0,0.0,0.0,0.0
0.026549999999999997,0.04375,0.0,0.0,0.0,0.0,0.0,0.0,0.0,0.0
0.026549999999999997,0.04725,0.0,0.0,0.0,0.0,0.0,0.0,0.0,0.0
0.026549999999999997,0.050749999999999997,0.0,0.0,0.0,0.0,0.0,0.0,0.0,0.0
0.026549999999999997,0.05425,0.0,0.0,0.0,0.0,0.0,0.0,0.0,0.0
0.026549999999999997,0.057749999999999996,0.0,0.0,0.0,0.0,0.0,0.0,0.0,0.0
0.026549999999999997,0.06125,0.0,0.0,0.0,0.0,0.0,0.0,0.0,0.0
0.026549999999999997,0.06475,0.0,0.0,0.0,0.0,0.0,0.0,0.0,0.0
0.026549999999999997,0.06824999999999999,0.0,0.0,0.0,0.0,0.0,0.0,0.0,0.0
0.026549999999999997,0.07175,0.0,0.0,0.0,0.0,0.0,0.0,0.0,0.0
0.026549999999999997,0.07525,0.0,0.0,0.0,0.0,0.0,0.0,0.0,0.0
0.026549999999999997,0.07875,0.0,0.0,0.0,0.0,0.0,0.0,0.0,0.0
0.026549999999999997,0.08225,0.0,0.0,0.0,0.0,0.0,0.0,0.0,0.0
0.026549999999999997,0.08574999999999999,0.0,0.0,0.0,0.0,0.0,0.0,0.0,0.0
0.026549999999999997,0.08925,0.0,0.0,0.0,0.0,0.0,0.0,0.0,0.0
0.026549999999999997,0.09275,0.0,0.0,0.0,0.0,0.0,0.0,0.0,0.0
0.026549999999999997,0.09625,0.0,0.0,0.0,0.0,0.0,0.0,0.0,0.0
0.026549999999999997,0.09974999999999999,0.0,0.0,0.0,0.0,0.0,0.0,0.0,0.0
0.026549999999999997,0.10325,0.0,0.0,0.0,0.0,0.0,0.0,0.0,0.0
0.026549999999999997,0.10675,0.0,0.0,0.0,0.0,0.0,0.0,0.0,0.0
0.026549999999999997,0.11025,0.0,0.0,0.0,0.0,0.0,0.0,0.0,0.0
0.026549999999999997,0.11374999999999999,0.0,0.0,0.0,0.0,0.0,0.0,0.0,0.0
0.026549999999999997,0.11725,0.0,0.0,0.0,0.0,0.0,0.0,0.0,0.0
0.026549999999999997,0.12075,0.0,0.0,0.0,0.0,0.0,0.0,0.0,0.0
0.026549999999999997,0.12425,0.0,0.0,0.0,0.0,0.0,0.0,0.0,0.0
0.026549999999999997,0.12775,1.0,0.020019281135334088,0.0,-1.8748477702919693,19.985675793180228,3.5150541617687687,399.42723691011014,-37.470099698622136
0.026549999999999997,0.13125,0.0,0.0,0.0,0.0,0.0,0.0,0.0,0.0
0.026549999999999997,0.13475,0.0,0.0,0.0,0.0,0.0,0.0,0.0,0.0
0.026549999999999997,0.13824999999999998,0.0,0.0,0.0,0.0,0.0,0.0,0.0,0.0
0.026549999999999997,0.14175,0.0,0.0,0.0,0.0,0.0,0.0,0.0,0.0
0.026549999999999997,0.14525,2.0,0.0190107707359877,1.0811142600921235e-6,0.49874473683513376,33.53285206800277,1.9444444290751037,1131.1801883162625,13.346657993372492
0.026549999999999997,0.14875,0.0,0.0,0.0,0.0,0.0,0.0,0.0,0.0
0.026549999999999997,0.15225,2.0,0.01810020547205949,2.375815163211867e-6,-0.26649802748061463,32.37296915185735,0.07322412920749452,1049.4118332072394,-8.571744168539961
0.026549999999999997,0.15575,0.0,0.0,0.0,0.0,0.0,0.0,0.0,0.0
0.026549999999999997,0.15925,0.0,0.0,0.0,0.0,0.0,0.0,0.0,0.0
0.026549999999999997,0.16275,2.0,0.018932735915863298,5.514409754069886e-9,0.2151471181920357,33.69211201719157,0.17037563536152975,1143.7373225399838,6.216998102274804
0.026549999999999997,0.16625,0.0,0.0,0.0,0.0,0.0,0.0,0.0,0.0
0.026549999999999997,0.16974999999999998,1.0,0.03142180270078116,0.0,-0.04640550813736922,29.781251587679005,0.0021534711854874406,886.9229461286333,-1.382014112893078
0.026549999999999997,0.17325,0.0,0.0,0.0,0.0,0.0,0.0,0.0,0.0
0.026549999999999997,0.17675,0.0,0.0,0.0,0.0,0.0,0.0,0.0,0.0
0.026549999999999997,0.18025,0.0,0.0,0.0,0.0,0.0,0.0,0.0,0.0
0.026549999999999997,0.18375,0.0,0.0,0.0,0.0,0.0,0.0,0.0,0.0
0.026549999999999997,0.18725,0.0,0.0,0.0,0.0,0.0,0.0,0.0,0.0
0.026549999999999997,0.19075,0.0,0.0,0.0,0.0,0.0,0.0,0.0,0.0
0.026549999999999997,0.19425,0.0,0.0,0.0,0.0,0.0,0.0,0.0,0.0
0.026549999999999997,0.19774999999999998,0.0,0.0,0.0,0.0,0.0,0.0,0.0,0.0
0.026549999999999997,0.20124999999999998,1.0,0.03512377673637679,0.0,-3.619840319934694,30.702112520202018,13.103243941824907,942.6197132031455,-111.13674480779905
0.026549999999999997,0.20475,1.0,0.02437178193253552,0.0,-0.4499081539655656,29.501077564333105,0.2024173470047031,870.313577456798,-13.272775346964071
0.026549999999999997,0.20825,0.0,0.0,0.0,0.0,0.0,0.0,0.0,0.0
0.026549999999999997,0.21175,0.0,0.0,0.0,0.0,0.0,0.0,0.0,0.0
0.026549999999999997,0.21525,0.0,0.0,0.0,0.0,0.0,0.0,0.0,0.0
0.026549999999999997,0.21875,0.0,0.0,0.0,0.0,0.0,0.0,0.0,0.0
0.026549999999999997,0.22225,0.0,0.0,0.0,0.0,0.0,0.0,0.0,0.0
0.026549999999999997,0.22575,0.0,0.0,0.0,0.0,0.0,0.0,0.0,0.0
0.026549999999999997,0.22924999999999998,0.0,0.0,0.0,0.0,0.0,0.0,0.0,0.0
0.026549999999999997,0.23274999999999998,0.0,0.0,0.0,0.0,0.0,0.0,0.0,0.0
0.026549999999999997,0.23625,0.0,0.0,0.0,0.0,0.0,0.0,0.0,0.0
0.026549999999999997,0.23975,0.0,0.0,0.0,0.0,0.0,0.0,0.0,0.0
0.026549999999999997,0.24325,1.0,0.027789067293517523,0.0,0.887231760696096,34.99977641501153,0.7871801971878946,1224.9843491007975,31.052913252660375
0.026549999999999997,0.24675,0.0,0.0,0.0,0.0,0.0,0.0,0.0,0.0
0.026549999999999997,0.25025,0.0,0.0,0.0,0.0,0.0,0.0,0.0,0.0
0.026549999999999997,0.25375,0.0,0.0,0.0,0.0,0.0,0.0,0.0,0.0
0.026549999999999997,0.25725,1.0,0.03534923188261993,0.0,3.6144499341480585,38.44022676778704,13.064248326462904,1477.651033958891,138.9402751094643
0.026549999999999997,0.26075,0.0,0.0,0.0,0.0,0.0,0.0,0.0,0.0
0.026549999999999997,0.26425,0.0,0.0,0.0,0.0,0.0,0.0,0.0,0.0
0.026549999999999997,0.26775,0.0,0.0,0.0,0.0,0.0,0.0,0.0,0.0
0.026549999999999997,0.27125,0.0,0.0,0.0,0.0,0.0,0.0,0.0,0.0
0.026549999999999997,0.27475,0.0,0.0,0.0,0.0,0.0,0.0,0.0,0.0
0.026549999999999997,0.27825,0.0,0.0,0.0,0.0,0.0,0.0,0.0,0.0
0.026549999999999997,0.28175,0.0,0.0,0.0,0.0,0.0,0.0,0.0,0.0
0.026549999999999997,0.28525,0.0,0.0,0.0,0.0,0.0,0.0,0.0,0.0
0.026549999999999997,0.28875,0.0,0.0,0.0,0.0,0.0,0.0,0.0,0.0
0.026549999999999997,0.29225,0.0,0.0,0.0,0.0,0.0,0.0,0.0,0.0
0.026549999999999997,0.29575,0.0,0.0,0.0,0.0,0.0,0.0,0.0,0.0
0.026549999999999997,0.29925,0.0,0.0,0.0,0.0,0.0,0.0,0.0,0.0
0.026549999999999997,0.30275,0.0,0.0,0.0,0.0,0.0,0.0,0.0,0.0
0.026549999999999997,0.30624999999999997,0.0,0.0,0.0,0.0,0.0,0.0,0.0,0.0
0.026549999999999997,0.30974999999999997,0.0,0.0,0.0,0.0,0.0,0.0,0.0,0.0
0.026549999999999997,0.31325,0.0,0.0,0.0,0.0,0.0,0.0,0.0,0.0
0.026549999999999997,0.31675,0.0,0.0,0.0,0.0,0.0,0.0,0.0,0.0
0.026549999999999997,0.32025,0.0,0.0,0.0,0.0,0.0,0.0,0.0,0.0
0.026549999999999997,0.32375,0.0,0.0,0.0,0.0,0.0,0.0,0.0,0.0
0.026549999999999997,0.32725,0.0,0.0,0.0,0.0,0.0,0.0,0.0,0.0
0.026549999999999997,0.33075,0.0,0.0,0.0,0.0,0.0,0.0,0.0,0.0
0.026549999999999997,0.33425,0.0,0.0,0.0,0.0,0.0,0.0,0.0,0.0
0.026549999999999997,0.33775,0.0,0.0,0.0,0.0,0.0,0.0,0.0,0.0
0.026549999999999997,0.34125,0.0,0.0,0.0,0.0,0.0,0.0,0.0,0.0
0.026549999999999997,0.34475,0.0,0.0,0.0,0.0,0.0,0.0,0.0,0.0
0.026549999999999997,0.34825,0.0,0.0,0.0,0.0,0.0,0.0,0.0,0.0
0.02685,0.00175,0.0,0.0,0.0,0.0,0.0,0.0,0.0,0.0
0.02685,0.0052499999999999995,0.0,0.0,0.0,0.0,0.0,0.0,0.0,0.0
0.02685,0.008749999999999999,0.0,0.0,0.0,0.0,0.0,0.0,0.0,0.0
0.02685,0.01225,0.0,0.0,0.0,0.0,0.0,0.0,0.0,0.0
0.02685,0.01575,0.0,0.0,0.0,0.0,0.0,0.0,0.0,0.0
0.02685,0.01925,0.0,0.0,0.0,0.0,0.0,0.0,0.0,0.0
0.02685,0.02275,0.0,0.0,0.0,0.0,0.0,0.0,0.0,0.0
0.02685,0.02625,0.0,0.0,0.0,0.0,0.0,0.0,0.0,0.0
0.02685,0.02975,0.0,0.0,0.0,0.0,0.0,0.0,0.0,0.0
0.02685,0.03325,0.0,0.0,0.0,0.0,0.0,0.0,0.0,0.0
0.02685,0.03675,0.0,0.0,0.0,0.0,0.0,0.0,0.0,0.0
0.02685,0.04025,0.0,0.0,0.0,0.0,0.0,0.0,0.0,0.0
0.02685,0.04375,0.0,0.0,0.0,0.0,0.0,0.0,0.0,0.0
0.02685,0.04725,0.0,0.0,0.0,0.0,0.0,0.0,0.0,0.0
0.02685,0.050749999999999997,0.0,0.0,0.0,0.0,0.0,0.0,0.0,0.0
0.02685,0.05425,0.0,0.0,0.0,0.0,0.0,0.0,0.0,0.0
0.02685,0.057749999999999996,0.0,0.0,0.0,0.0,0.0,0.0,0.0,0.0
0.02685,0.06125,0.0,0.0,0.0,0.0,0.0,0.0,0.0,0.0
0.02685,0.06475,0.0,0.0,0.0,0.0,0.0,0.0,0.0,0.0
0.02685,0.06824999999999999,0.0,0.0,0.0,0.0,0.0,0.0,0.0,0.0
0.02685,0.07175,0.0,0.0,0.0,0.0,0.0,0.0,0.0,0.0
0.02685,0.07525,0.0,0.0,0.0,0.0,0.0,0.0,0.0,0.0
0.02685,0.07875,0.0,0.0,0.0,0.0,0.0,0.0,0.0,0.0
0.02685,0.08225,0.0,0.0,0.0,0.0,0.0,0.0,0.0,0.0
0.02685,0.08574999999999999,0.0,0.0,0.0,0.0,0.0,0.0,0.0,0.0
0.02685,0.08925,0.0,0.0,0.0,0.0,0.0,0.0,0.0,0.0
0.02685,0.09275,0.0,0.0,0.0,0.0,0.0,0.0,0.0,0.0
0.02685,0.09625,0.0,0.0,0.0,0.0,0.0,0.0,0.0,0.0
0.02685,0.09974999999999999,0.0,0.0,0.0,0.0,0.0,0.0,0.0,0.0
0.02685,0.10325,0.0,0.0,0.0,0.0,0.0,0.0,0.0,0.0
0.02685,0.10675,0.0,0.0,0.0,0.0,0.0,0.0,0.0,0.0
0.02685,0.11025,1.0,0.02654705422210282,0.0,0.8703853177161417,-0.1215372627488717,0.7575706012958289,0.014771306236488275,-0.10578424905202688
0.02685,0.11374999999999999,0.0,0.0,0.0,0.0,0.0,0.0,0.0,0.0
0.02685,0.11725,0.0,0.0,0.0,0.0,0.0,0.0,0.0,0.0
0.02685,0.12075,0.0,0.0,0.0,0.0,0.0,0.0,0.0,0.0
0.02685,0.12425,0.0,0.0,0.0,0.0,0.0,0.0,0.0,0.0
0.02685,0.12775,0.0,0.0,0.0,0.0,0.0,0.0,0.0,0.0
0.02685,0.13125,0.0,0.0,0.0,0.0,0.0,0.0,0.0,0.0
0.02685,0.13475,0.0,0.0,0.0,0.0,0.0,0.0,0.0,0.0
0.02685,0.13824999999999998,1.0,0.02046967292697325,0.0,1.1756568968905616,22.72295704544455,1.3821691392063447,516.332776889118,26.714401168224864
0.02685,0.14175,0.0,0.0,0.0,0.0,0.0,0.0,0.0,0.0
0.02685,0.14525,2.0,0.026223233663571686,4.887042427928674e-5,-0.2528124987928662,27.030296934110094,0.3962294841652855,732.8354921963158,-7.68835329970752
0.02685,0.14875,1.0,0.022942113147400536,0.0,-0.40947671630970756,28.734795486334686,0.16767118119978072,825.6884716414803,-11.766229699575334
0.02685,0.15225,0.0,0.0,0.0,0.0,0.0,0.0,0.0,0.0
0.02685,0.15575,2.0,0.043356104246981456,2.607119399236367e-7,0.9724890826909455,34.19058722121304,1.2202559726478392,1172.056645565317,32.33338048701465
0.02685,0.15925,0.0,0.0,0.0,0.0,0.0,0.0,0.0,0.0
0.02685,0.16275,1.0,0.03571210476294803,0.0,-3.2226460605724445,15.319624701452213,10.385447631723096,234.6909009933448,-49.369728193583285
0.02685,0.16625,0.0,0.0,0.0,0.0,0.0,0.0,0.0,0.0
0.02685,0.16974999999999998,0.0,0.0,0.0,0.0,0.0,0.0,0.0,0.0
0.02685,0.17325,0.0,0.0,0.0,0.0,0.0,0.0,0.0,0.0
0.02685,0.17675,0.0,0.0,0.0,0.0,0.0,0.0,0.0,0.0
0.02685,0.18025,1.0,0.022160605615619305,0.0,-2.0468755900271165,29.54848040032647,4.1896996810488565,873.1126939684774,-60.48206325382293
0.02685,0.18375,1.0,0.03509448301688584,0.0,1.2356808425898418,30.73255252653634,1.5269071447435414,944.4897847963152,37.975626400927
0.02685,0.18725,0.0,0.0,0.0,0.0,0.0,0.0,0.0,0.0
0.02685,0.19075,0.0,0.0,0.0,0.0,0.0,0.0,0.0,0.0
0.02685,0.19425,0.0,0.0,0.0,0.0,0.0,0.0,0.0,0.0
0.02685,0.19774999999999998,0.0,0.0,0.0,0.0,0.0,0.0,0.0,0.0
0.02685,0.20124999999999998,2.0,0.02677258727780982,4.684659682475829e-5,2.156301701240263,30.98744717951115,4.86541070159163,1021.8309233495987,63.17224487542411
0.02685,0.20475,0.0,0.0,0.0,0.0,0.0,0.0,0.0,0.0
0.02685,0.20825,0.0,0.0,0.0,0.0,0.0,0.0,0.0,0.0
0.02685,0.21175,0.0,0.0,0.0,0.0,0.0,0.0,0.0,0.0
0.02685,0.21525,0.0,0.0,0.0,0.0,0.0,0.0,0.0,0.0
0.02685,0.21875,1.0,0.029868180830032058,0.0,-0.6969428672363751,36.1998222481326,0.4857293601916596,1310.4271307963959,-25.229207911060655
0.02685,0.22225,0.0,0.0,0.0,0.0,0.0,0.0,0.0,0.0
0.02685,0.22575,0.0,0.0,0.0,0.0,0.0,0.0,0.0,0.0
0.02685,0.22924999999999998,0.0,0.0,0.0,0.0,0.0,0.0,0.0,0.0
0.02685,0.23274999999999998,0.0,0.0,0.0,0.0,0.0,0.0,0.0,0.0
0.02685,0.23625,0.0,0.0,0.0,0.0,0.0,0.0,0.0,0.0
0.02685,0.23975,0.0,0.0,0.0,0.0,0.0,0.0,0.0,0.0
0.02685,0.24325,0.0,0.0,0.0,0.0,0.0,0.0,0.0,0.0
0.02685,0.24675,0.0,0.0,0.0,0.0,0.0,0.0,0.0,0.0
0.02685,0.25025,0.0,0.0,0.0,0.0,0.0,0.0,0.0,0.0
0.02685,0.25375,0.0,0.0,0.0,0.0,0.0,0.0,0.0,0.0
0.02685,0.25725,0.0,0.0,0.0,0.0,0.0,0.0,0.0,0.0
0.02685,0.26075,0.0,0.0,0.0,0.0,0.0,0.0,0.0,0.0
0.02685,0.26425,0.0,0.0,0.0,0.0,0.0,0.0,0.0,0.0
0.02685,0.26775,0.0,0.0,0.0,0.0,0.0,0.0,0.0,0.0
0.02685,0.27125,0.0,0.0,0.0,0.0,0.0,0.0,0.0,0.0
0.02685,0.27475,0.0,0.0,0.0,0.0,0.0,0.0,0.0,0.0
0.02685,0.27825,0.0,0.0,0.0,0.0,0.0,0.0,0.0,0.0
0.02685,0.28175,0.0,0.0,0.0,0.0,0.0,0.0,0.0,0.0
0.02685,0.28525,0.0,0.0,0.0,0.0,0.0,0.0,0.0,0.0
0.02685,0.28875,0.0,0.0,0.0,0.0,0.0,0.0,0.0,0.0
0.02685,0.29225,0.0,0.0,0.0,0.0,0.0,0.0,0.0,0.0
0.02685,0.29575,0.0,0.0,0.0,0.0,0.0,0.0,0.0,0.0
0.02685,0.29925,0.0,0.0,0.0,0.0,0.0,0.0,0.0,0.0
0.02685,0.30275,0.0,0.0,0.0,0.0,0.0,0.0,0.0,0.0
0.02685,0.30624999999999997,0.0,0.0,0.0,0.0,0.0,0.0,0.0,0.0
0.02685,0.30974999999999997,0.0,0.0,0.0,0.0,0.0,0.0,0.0,0.0
0.02685,0.31325,0.0,0.0,0.0,0.0,0.0,0.0,0.0,0.0
0.02685,0.31675,0.0,0.0,0.0,0.0,0.0,0.0,0.0,0.0
0.02685,0.32025,0.0,0.0,0.0,0.0,0.0,0.0,0.0,0.0
0.02685,0.32375,0.0,0.0,0.0,0.0,0.0,0.0,0.0,0.0
0.02685,0.32725,0.0,0.0,0.0,0.0,0.0,0.0,0.0,0.0
0.02685,0.33075,0.0,0.0,0.0,0.0,0.0,0.0,0.0,0.0
0.02685,0.33425,0.0,0.0,0.0,0.0,0.0,0.0,0.0,0.0
0.02685,0.33775,0.0,0.0,0.0,0.0,0.0,0.0,0.0,0.0
0.02685,0.34125,0.0,0.0,0.0,0.0,0.0,0.0,0.0,0.0
0.02685,0.34475,0.0,0.0,0.0,0.0,0.0,0.0,0.0,0.0
0.02685,0.34825,0.0,0.0,0.0,0.0,0.0,0.0,0.0,0.0
0.027149999999999997,0.00175,0.0,0.0,0.0,0.0,0.0,0.0,0.0,0.0
0.027149999999999997,0.0052499999999999995,0.0,0.0,0.0,0.0,0.0,0.0,0.0,0.0
0.027149999999999997,0.008749999999999999,0.0,0.0,0.0,0.0,0.0,0.0,0.0,0.0
0.027149999999999997,0.01225,0.0,0.0,0.0,0.0,0.0,0.0,0.0,0.0
0.027149999999999997,0.01575,0.0,0.0,0.0,0.0,0.0,0.0,0.0,0.0
0.027149999999999997,0.01925,0.0,0.0,0.0,0.0,0.0,0.0,0.0,0.0
0.027149999999999997,0.02275,0.0,0.0,0.0,0.0,0.0,0.0,0.0,0.0
0.027149999999999997,0.02625,0.0,0.0,0.0,0.0,0.0,0.0,0.0,0.0
0.027149999999999997,0.02975,0.0,0.0,0.0,0.0,0.0,0.0,0.0,0.0
0.027149999999999997,0.03325,0.0,0.0,0.0,0.0,0.0,0.0,0.0,0.0
0.027149999999999997,0.03675,0.0,0.0,0.0,0.0,0.0,0.0,0.0,0.0
0.027149999999999997,0.04025,0.0,0.0,0.0,0.0,0.0,0.0,0.0,0.0
0.027149999999999997,0.04375,0.0,0.0,0.0,0.0,0.0,0.0,0.0,0.0
0.027149999999999997,0.04725,0.0,0.0,0.0,0.0,0.0,0.0,0.0,0.0
0.027149999999999997,0.050749999999999997,0.0,0.0,0.0,0.0,0.0,0.0,0.0,0.0
0.027149999999999997,0.05425,0.0,0.0,0.0,0.0,0.0,0.0,0.0,0.0
0.027149999999999997,0.057749999999999996,0.0,0.0,0.0,0.0,0.0,0.0,0.0,0.0
0.027149999999999997,0.06125,0.0,0.0,0.0,0.0,0.0,0.0,0.0,0.0
0.027149999999999997,0.06475,0.0,0.0,0.0,0.0,0.0,0.0,0.0,0.0
0.027149999999999997,0.06824999999999999,0.0,0.0,0.0,0.0,0.0,0.0,0.0,0.0
0.027149999999999997,0.07175,0.0,0.0,0.0,0.0,0.0,0.0,0.0,0.0
0.027149999999999997,0.07525,0.0,0.0,0.0,0.0,0.0,0.0,0.0,0.0
0.027149999999999997,0.07875,0.0,0.0,0.0,0.0,0.0,0.0,0.0,0.0
0.027149999999999997,0.08225,0.0,0.0,0.0,0.0,0.0,0.0,0.0,0.0
0.027149999999999997,0.08574999999999999,0.0,0.0,0.0,0.0,0.0,0.0,0.0,0.0
0.027149999999999997,0.08925,0.0,0.0,0.0,0.0,0.0,0.0,0.0,0.0
0.027149999999999997,0.09275,0.0,0.0,0.0,0.0,0.0,0.0,0.0,0.0
0.027149999999999997,0.09625,0.0,0.0,0.0,0.0,0.0,0.0,0.0,0.0
0.027149999999999997,0.09974999999999999,0.0,0.0,0.0,0.0,0.0,0.0,0.0,0.0
0.027149999999999997,0.10325,0.0,0.0,0.0,0.0,0.0,0.0,0.0,0.0
0.027149999999999997,0.10675,0.0,0.0,0.0,0.0,0.0,0.0,0.0,0.0
0.027149999999999997,0.11025,0.0,0.0,0.0,0.0,0.0,0.0,0.0,0.0
0.027149999999999997,0.11374999999999999,1.0,0.027117702696722014,0.0,2.9528667460256215,7.528536565936959,8.719422019783941,56.67886282464987,22.230765271793175
0.027149999999999997,0.11725,0.0,0.0,0.0,0.0,0.0,0.0,0.0,0.0
0.027149999999999997,0.12075,0.0,0.0,0.0,0.0,0.0,0.0,0.0,0.0
0.027149999999999997,0.12425,0.0,0.0,0.0,0.0,0.0,0.0,0.0,0.0
0.027149999999999997,0.12775,1.0,0.02361443642525096,0.0,-1.3911728520011255,20.891971326254602,1.9353619041449455,436.47446589704447,-29.06434333387135
0.027149999999999997,0.13125,0.0,0.0,0.0,0.0,0.0,0.0,0.0,0.0
0.027149999999999997,0.13475,3.0,0.027110128059080398,5.554063235036302e-5,1.031951417651081,27.428097043749055,1.3597363963365707,754.6920164295128,27.67374229877269
0.027149999999999997,0.13824999999999998,0.0,0.0,0.0,0.0,0.0,0.0,0.0,0.0
0.027149999999999997,0.14175,0.0,0.0,0.0,0.0,0.0,0.0,0.0,0.0
0.027149999999999997,0.14525,1.0,0.01766753048168631,0.0,0.3061857061206345,27.75248546625939,0.09374968663259156,770.2004495549387,8.497414359089278
0.027149999999999997,0.14875,1.0,0.026487183717385523,0.0,-1.4658722203228534,27.53074097009691,2.148781366314252,757.9416983625727,-40.3565483929693
0.027149999999999997,0.15225,0.0,0.0,0.0,0.0,0.0,0.0,0.0,0.0
0.027149999999999997,0.15575,0.0,0.0,0.0,0.0,0.0,0.0,0.0,0.0
0.027149999999999997,0.15925,1.0,0.030749361907703086,0.0,-0.7611183117544694,34.26457628569969,0.5793010844879737,1174.0611880385336,-26.079396455553976
0.027149999999999997,0.16275,1.0,0.017966964961732484,0.0,2.2585268697849292,21.494989762953608,5.100943621540511,462.03458490948043,48.547011945382714
0.027149999999999997,0.16625,2.0,0.021674128732097838,2.8125854733481803e-5,-0.009642961775339076,29.519419369730706,1.0665536934631659,892.9739674024611,-5.081729415215495
0.027149999999999997,0.16974999999999998,0.0,0.0,0.0,0.0,0.0,0.0,0.0,0.0
0.027149999999999997,0.17325,0.0,0.0,0.0,0.0,0.0,0.0,0.0,0.0
0.027149999999999997,0.17675,1.0,0.02016335429357285,0.0,2.0025082170679305,33.21215205238797,4.010039159424582,1103.0470439509386,66.50760739141644
0.027149999999999997,0.18025,1.0,0.02886539506673836,0.0,1.0649297840432583,33.05442943690648,1.1340754449424209,1092.5953053994297,35.20064640191794
0.027149999999999997,0.18375,2.0,0.024797569323213392,4.3901075412089e-6,-1.9649811762806917,23.33275642318287,4.570151919343501,546.202118853357,-46.97327406439368
0.027149999999999997,0.18725,0.0,0.0,0.0,0.0,0.0,0.0,0.0,0.0
0.027149999999999997,0.19075,0.0,0.0,0.0,0.0,0.0,0.0,0.0,0.0
0.027149999999999997,0.19425,0.0,0.0,0.0,0.0,0.0,0.0,0.0,0.0
0.027149999999999997,0.19774999999999998,1.0,0.022473518283887658,0.0,-2.1812301326316996,29.676563008495418,4.757764891500502,880.6983919971985,-64.73141346707345
0.027149999999999997,0.20124999999999998,0.0,0.0,0.0,0.0,0.0,0.0,0.0,0.0
0.027149999999999997,0.20475,1.0,0.023579357727691114,0.0,3.859065015591322,38.120376671553885,14.892382794560852,1453.1631175811497,147.10901199435716
0.027149999999999997,0.20825,0.0,0.0,0.0,0.0,0.0,0.0,0.0,0.0
0.027149999999999997,0.21175,0.0,0.0,0.0,0.0,0.0,0.0,0.0,0.0
0.027149999999999997,0.21525,0.0,0.0,0.0,0.0,0.0,0.0,0.0,0.0
0.027149999999999997,0.21875,0.0,0.0,0.0,0.0,0.0,0.0,0.0,0.0
0.027149999999999997,0.22225,0.0,0.0,0.0,0.0,0.0,0.0,0.0,0.0
0.027149999999999997,0.22575,0.0,0.0,0.0,0.0,0.0,0.0,0.0,0.0
0.027149999999999997,0.22924999999999998,0.0,0.0,0.0,0.0,0.0,0.0,0.0,0.0
0.027149999999999997,0.23274999999999998,0.0,0.0,0.0,0.0,0.0,0.0,0.0,0.0
0.027149999999999997,0.23625,0.0,0.0,0.0,0.0,0.0,0.0,0.0,0.0
0.027149999999999997,0.23975,0.0,0.0,0.0,0.0,0.0,0.0,0.0,0.0
0.027149999999999997,0.24325,1.0,0.04262412063258991,0.0,-2.986750933905954,29.832075502867482,8.920681141188089,889.9527288087861,-89.10097936854238
0.027149999999999997,0.24675,0.0,0.0,0.0,0.0,0.0,0.0,0.0,0.0
0.027149999999999997,0.25025,0.0,0.0,0.0,0.0,0.0,0.0,0.0,0.0
0.027149999999999997,0.25375,0.0,0.0,0.0,0.0,0.0,0.0,0.0,0.0
0.027149999999999997,0.25725,0.0,0.0,0.0,0.0,0.0,0.0,0.0,0.0
0.027149999999999997,0.26075,0.0,0.0,0.0,0.0,0.0,0.0,0.0,0.0
0.027149999999999997,0.26425,0.0,0.0,0.0,0.0,0.0,0.0,0.0,0.0
0.027149999999999997,0.26775,0.0,0.0,0.0,0.0,0.0,0.0,0.0,0.0
0.027149999999999997,0.27125,0.0,0.0,0.0,0.0,0.0,0.0,0.0,0.0
0.027149999999999997,0.27475,0.0,0.0,0.0,0.0,0.0,0.0,0.0,0.0
0.027149999999999997,0.27825,0.0,0.0,0.0,0.0,0.0,0.0,0.0,0.0
0.027149999999999997,0.28175,0.0,0.0,0.0,0.0,0.0,0.0,0.0,0.0
0.027149999999999997,0.28525,0.0,0.0,0.0,0.0,0.0,0.0,0.0,0.0
0.027149999999999997,0.28875,0.0,0.0,0.0,0.0,0.0,0.0,0.0,0.0
0.027149999999999997,0.29225,0.0,0.0,0.0,0.0,0.0,0.0,0.0,0.0
0.027149999999999997,0.29575,0.0,0.0,0.0,0.0,0.0,0.0,0.0,0.0
0.027149999999999997,0.29925,0.0,0.0,0.0,0.0,0.0,0.0,0.0,0.0
0.027149999999999997,0.30275,0.0,0.0,0.0,0.0,0.0,0.0,0.0,0.0
0.027149999999999997,0.30624999999999997,0.0,0.0,0.0,0.0,0.0,0.0,0.0,0.0
0.027149999999999997,0.30974999999999997,0.0,0.0,0.0,0.0,0.0,0.0,0.0,0.0
0.027149999999999997,0.31325,0.0,0.0,0.0,0.0,0.0,0.0,0.0,0.0
0.027149999999999997,0.31675,0.0,0.0,0.0,0.0,0.0,0.0,0.0,0.0
0.027149999999999997,0.32025,0.0,0.0,0.0,0.0,0.0,0.0,0.0,0.0
0.027149999999999997,0.32375,0.0,0.0,0.0,0.0,0.0,0.0,0.0,0.0
0.027149999999999997,0.32725,0.0,0.0,0.0,0.0,0.0,0.0,0.0,0.0
0.027149999999999997,0.33075,0.0,0.0,0.0,0.0,0.0,0.0,0.0,0.0
0.027149999999999997,0.33425,0.0,0.0,0.0,0.0,0.0,0.0,0.0,0.0
0.027149999999999997,0.33775,0.0,0.0,0.0,0.0,0.0,0.0,0.0,0.0
0.027149999999999997,0.34125,0.0,0.0,0.0,0.0,0.0,0.0,0.0,0.0
0.027149999999999997,0.34475,0.0,0.0,0.0,0.0,0.0,0.0,0.0,0.0
0.027149999999999997,0.34825,0.0,0.0,0.0,0.0,0.0,0.0,0.0,0.0
0.02745,0.00175,0.0,0.0,0.0,0.0,0.0,0.0,0.0,0.0
0.02745,0.0052499999999999995,0.0,0.0,0.0,0.0,0.0,0.0,0.0,0.0
0.02745,0.008749999999999999,0.0,0.0,0.0,0.0,0.0,0.0,0.0,0.0
0.02745,0.01225,0.0,0.0,0.0,0.0,0.0,0.0,0.0,0.0
0.02745,0.01575,0.0,0.0,0.0,0.0,0.0,0.0,0.0,0.0
0.02745,0.01925,0.0,0.0,0.0,0.0,0.0,0.0,0.0,0.0
0.02745,0.02275,0.0,0.0,0.0,0.0,0.0,0.0,0.0,0.0
0.02745,0.02625,0.0,0.0,0.0,0.0,0.0,0.0,0.0,0.0
0.02745,0.02975,0.0,0.0,0.0,0.0,0.0,0.0,0.0,0.0
0.02745,0.03325,0.0,0.0,0.0,0.0,0.0,0.0,0.0,0.0
0.02745,0.03675,0.0,0.0,0.0,0.0,0.0,0.0,0.0,0.0
0.02745,0.04025,0.0,0.0,0.0,0.0,0.0,0.0,0.0,0.0
0.02745,0.04375,0.0,0.0,0.0,0.0,0.0,0.0,0.0,0.0
0.02745,0.04725,0.0,0.0,0.0,0.0,0.0,0.0,0.0,0.0
0.02745,0.050749999999999997,0.0,0.0,0.0,0.0,0.0,0.0,0.0,0.0
0.02745,0.05425,0.0,0.0,0.0,0.0,0.0,0.0,0.0,0.0
0.02745,0.057749999999999996,0.0,0.0,0.0,0.0,0.0,0.0,0.0,0.0
0.02745,0.06125,0.0,0.0,0.0,0.0,0.0,0.0,0.0,0.0
0.02745,0.06475,0.0,0.0,0.0,0.0,0.0,0.0,0.0,0.0
0.02745,0.06824999999999999,0.0,0.0,0.0,0.0,0.0,0.0,0.0,0.0
0.02745,0.07175,0.0,0.0,0.0,0.0,0.0,0.0,0.0,0.0
0.02745,0.07525,0.0,0.0,0.0,0.0,0.0,0.0,0.0,0.0
0.02745,0.07875,0.0,0.0,0.0,0.0,0.0,0.0,0.0,0.0
0.02745,0.08225,0.0,0.0,0.0,0.0,0.0,0.0,0.0,0.0
0.02745,0.08574999999999999,0.0,0.0,0.0,0.0,0.0,0.0,0.0,0.0
0.02745,0.08925,0.0,0.0,0.0,0.0,0.0,0.0,0.0,0.0
0.02745,0.09275,0.0,0.0,0.0,0.0,0.0,0.0,0.0,0.0
0.02745,0.09625,0.0,0.0,0.0,0.0,0.0,0.0,0.0,0.0
0.02745,0.09974999999999999,0.0,0.0,0.0,0.0,0.0,0.0,0.0,0.0
0.02745,0.10325,0.0,0.0,0.0,0.0,0.0,0.0,0.0,0.0
0.02745,0.10675,0.0,0.0,0.0,0.0,0.0,0.0,0.0,0.0
0.02745,0.11025,0.0,0.0,0.0,0.0,0.0,0.0,0.0,0.0
0.02745,0.11374999999999999,0.0,0.0,0.0,0.0,0.0,0.0,0.0,0.0
0.02745,0.11725,1.0,0.020034833993657,0.0,0.24416841460717734,12.067813176939516,0.059618214691782453,145.63211487351504,2.946578811188926
0.02745,0.12075,0.0,0.0,0.0,0.0,0.0,0.0,0.0,0.0
0.02745,0.12425,1.0,0.027418757022346384,0.0,-0.44249658107434087,19.443572489215033,0.19580322426248073,378.05251114335965,-8.603714350348763
0.02745,0.12775,1.0,0.03473281380508085,0.0,0.14091967146464693,23.108282592065066,0.019858353805704027,533.9927243547373,3.256411590986029
0.02745,0.13125,0.0,0.0,0.0,0.0,0.0,0.0,0.0,0.0
0.02745,0.13475,0.0,0.0,0.0,0.0,0.0,0.0,0.0,0.0
0.02745,0.13824999999999998,1.0,0.03579881115554983,0.0,-0.891941405900214,28.636494310239485,0.7955594715592502,820.0488063803783,-25.542074995128484
0.02745,0.14175,1.0,0.028547042054395566,0.0,2.3722802431585746,25.879048305819648,5.627713552080506,669.7251412149468,61.39235500764233
0.02745,0.14525,2.0,0.025893877928512,6.82624220408999e-7,-1.7113222383691695,24.82826805750478,4.166838425167368,619.254753398835,-44.35509451936758
0.02745,0.14875,1.0,0.015748917454687674,0.0,4.709435875636228,28.72685584155862,22.17878626672956,825.2322465416906,135.2872854944663
0.02745,0.15225,2.0,0.032821163557034516,0.00016645657896251586,-0.7368017358942004,37.97305639115003,0.5955234490393387,1446.4381357007885,-27.49268510720263
0.02745,0.15575,0.0,0.0,0.0,0.0,0.0,0.0,0.0,0.0
0.02745,0.15925,0.0,0.0,0.0,0.0,0.0,0.0,0.0,0.0
0.02745,0.16275,0.0,0.0,0.0,0.0,0.0,0.0,0.0,0.0
0.02745,0.16625,0.0,0.0,0.0,0.0,0.0,0.0,0.0,0.0
0.02745,0.16974999999999998,0.0,0.0,0.0,0.0,0.0,0.0,0.0,0.0
0.02745,0.17325,0.0,0.0,0.0,0.0,0.0,0.0,0.0,0.0
0.02745,0.17675,0.0,0.0,0.0,0.0,0.0,0.0,0.0,0.0
0.02745,0.18025,0.0,0.0,0.0,0.0,0.0,0.0,0.0,0.0
0.02745,0.18375,1.0,0.036272393125308,0.0,2.0855635790456724,17.775311269531368,4.349575442241794,315.96169072872885,37.07154178993471
0.02745,0.18725,0.0,0.0,0.0,0.0,0.0,0.0,0.0,0.0
0.02745,0.19075,0.0,0.0,0.0,0.0,0.0,0.0,0.0,0.0
0.02745,0.19425,0.0,0.0,0.0,0.0,0.0,0.0,0.0,0.0
0.02745,0.19774999999999998,0.0,0.0,0.0,0.0,0.0,0.0,0.0,0.0
0.02745,0.20124999999999998,0.0,0.0,0.0,0.0,0.0,0.0,0.0,0.0
0.02745,0.20475,0.0,0.0,0.0,0.0,0.0,0.0,0.0,0.0
0.02745,0.20825,0.0,0.0,0.0,0.0,0.0,0.0,0.0,0.0
0.02745,0.21175,0.0,0.0,0.0,0.0,0.0,0.0,0.0,0.0
0.02745,0.21525,0.0,0.0,0.0,0.0,0.0,0.0,0.0,0.0
0.02745,0.21875,0.0,0.0,0.0,0.0,0.0,0.0,0.0,0.0
0.02745,0.22225,0.0,0.0,0.0,0.0,0.0,0.0,0.0,0.0
0.02745,0.22575,0.0,0.0,0.0,0.0,0.0,0.0,0.0,0.0
0.02745,0.22924999999999998,0.0,0.0,0.0,0.0,0.0,0.0,0.0,0.0
0.02745,0.23274999999999998,0.0,0.0,0.0,0.0,0.0,0.0,0.0,0.0
0.02745,0.23625,0.0,0.0,0.0,0.0,0.0,0.0,0.0,0.0
0.02745,0.23975,0.0,0.0,0.0,0.0,0.0,0.0,0.0,0.0
0.02745,0.24325,0.0,0.0,0.0,0.0,0.0,0.0,0.0,0.0
0.02745,0.24675,0.0,0.0,0.0,0.0,0.0,0.0,0.0,0.0
0.02745,0.25025,0.0,0.0,0.0,0.0,0.0,0.0,0.0,0.0
0.02745,0.25375,0.0,0.0,0.0,0.0,0.0,0.0,0.0,0.0
0.02745,0.25725,0.0,0.0,0.0,0.0,0.0,0.0,0.0,0.0
0.02745,0.26075,0.0,0.0,0.0,0.0,0.0,0.0,0.0,0.0
0.02745,0.26425,0.0,0.0,0.0,0.0,0.0,0.0,0.0,0.0
0.02745,0.26775,0.0,0.0,0.0,0.0,0.0,0.0,0.0,0.0
0.02745,0.27125,0.0,0.0,0.0,0.0,0.0,0.0,0.0,0.0
0.02745,0.27475,0.0,0.0,0.0,0.0,0.0,0.0,0.0,0.0
0.02745,0.27825,0.0,0.0,0.0,0.0,0.0,0.0,0.0,0.0
0.02745,0.28175,0.0,0.0,0.0,0.0,0.0,0.0,0.0,0.0
0.02745,0.28525,0.0,0.0,0.0,0.0,0.0,0.0,0.0,0.0
0.02745,0.28875,0.0,0.0,0.0,0.0,0.0,0.0,0.0,0.0
0.02745,0.29225,0.0,0.0,0.0,0.0,0.0,0.0,0.0,0.0
0.02745,0.29575,0.0,0.0,0.0,0.0,0.0,0.0,0.0,0.0
0.02745,0.29925,0.0,0.0,0.0,0.0,0.0,0.0,0.0,0.0
0.02745,0.30275,0.0,0.0,0.0,0.0,0.0,0.0,0.0,0.0
0.02745,0.30624999999999997,0.0,0.0,0.0,0.0,0.0,0.0,0.0,0.0
0.02745,0.30974999999999997,0.0,0.0,0.0,0.0,0.0,0.0,0.0,0.0
0.02745,0.31325,0.0,0.0,0.0,0.0,0.0,0.0,0.0,0.0
0.02745,0.31675,0.0,0.0,0.0,0.0,0.0,0.0,0.0,0.0
0.02745,0.32025,0.0,0.0,0.0,0.0,0.0,0.0,0.0,0.0
0.02745,0.32375,0.0,0.0,0.0,0.0,0.0,0.0,0.0,0.0
0.02745,0.32725,0.0,0.0,0.0,0.0,0.0,0.0,0.0,0.0
0.02745,0.33075,0.0,0.0,0.0,0.0,0.0,0.0,0.0,0.0
0.02745,0.33425,0.0,0.0,0.0,0.0,0.0,0.0,0.0,0.0
0.02745,0.33775,0.0,0.0,0.0,0.0,0.0,0.0,0.0,0.0
0.02745,0.34125,0.0,0.0,0.0,0.0,0.0,0.0,0.0,0.0
0.02745,0.34475,0.0,0.0,0.0,0.0,0.0,0.0,0.0,0.0
0.02745,0.34825,0.0,0.0,0.0,0.0,0.0,0.0,0.0,0.0
0.02775,0.00175,0.0,0.0,0.0,0.0,0.0,0.0,0.0,0.0
0.02775,0.0052499999999999995,0.0,0.0,0.0,0.0,0.0,0.0,0.0,0.0
0.02775,0.008749999999999999,0.0,0.0,0.0,0.0,0.0,0.0,0.0,0.0
0.02775,0.01225,0.0,0.0,0.0,0.0,0.0,0.0,0.0,0.0
0.02775,0.01575,0.0,0.0,0.0,0.0,0.0,0.0,0.0,0.0
0.02775,0.01925,0.0,0.0,0.0,0.0,0.0,0.0,0.0,0.0
0.02775,0.02275,0.0,0.0,0.0,0.0,0.0,0.0,0.0,0.0
0.02775,0.02625,0.0,0.0,0.0,0.0,0.0,0.0,0.0,0.0
0.02775,0.02975,0.0,0.0,0.0,0.0,0.0,0.0,0.0,0.0
0.02775,0.03325,0.0,0.0,0.0,0.0,0.0,0.0,0.0,0.0
0.02775,0.03675,0.0,0.0,0.0,0.0,0.0,0.0,0.0,0.0
0.02775,0.04025,0.0,0.0,0.0,0.0,0.0,0.0,0.0,0.0
0.02775,0.04375,0.0,0.0,0.0,0.0,0.0,0.0,0.0,0.0
0.02775,0.04725,0.0,0.0,0.0,0.0,0.0,0.0,0.0,0.0
0.02775,0.050749999999999997,0.0,0.0,0.0,0.0,0.0,0.0,0.0,0.0
0.02775,0.05425,0.0,0.0,0.0,0.0,0.0,0.0,0.0,0.0
0.02775,0.057749999999999996,0.0,0.0,0.0,0.0,0.0,0.0,0.0,0.0
0.02775,0.06125,0.0,0.0,0.0,0.0,0.0,0.0,0.0,0.0
0.02775,0.06475,0.0,0.0,0.0,0.0,0.0,0.0,0.0,0.0
0.02775,0.06824999999999999,0.0,0.0,0.0,0.0,0.0,0.0,0.0,0.0
0.02775,0.07175,0.0,0.0,0.0,0.0,0.0,0.0,0.0,0.0
0.02775,0.07525,0.0,0.0,0.0,0.0,0.0,0.0,0.0,0.0
0.02775,0.07875,0.0,0.0,0.0,0.0,0.0,0.0,0.0,0.0
0.02775,0.08225,0.0,0.0,0.0,0.0,0.0,0.0,0.0,0.0
0.02775,0.08574999999999999,0.0,0.0,0.0,0.0,0.0,0.0,0.0,0.0
0.02775,0.08925,0.0,0.0,0.0,0.0,0.0,0.0,0.0,0.0
0.02775,0.09275,0.0,0.0,0.0,0.0,0.0,0.0,0.0,0.0
0.02775,0.09625,0.0,0.0,0.0,0.0,0.0,0.0,0.0,0.0
0.02775,0.09974999999999999,0.0,0.0,0.0,0.0,0.0,0.0,0.0,0.0
0.02775,0.10325,0.0,0.0,0.0,0.0,0.0,0.0,0.0,0.0
0.02775,0.10675,0.0,0.0,0.0,0.0,0.0,0.0,0.0,0.0
0.02775,0.11025,0.0,0.0,0.0,0.0,0.0,0.0,0.0,0.0
0.02775,0.11374999999999999,0.0,0.0,0.0,0.0,0.0,0.0,0.0,0.0
0.02775,0.11725,0.0,0.0,0.0,0.0,0.0,0.0,0.0,0.0
0.02775,0.12075,0.0,0.0,0.0,0.0,0.0,0.0,0.0,0.0
0.02775,0.12425,0.0,0.0,0.0,0.0,0.0,0.0,0.0,0.0
0.02775,0.12775,0.0,0.0,0.0,0.0,0.0,0.0,0.0,0.0
0.02775,0.13125,1.0,0.021183680197382496,0.0,-0.6935901384477261,23.970031357815746,0.48106728015193584,574.5624032946702,-16.62537736806376
0.02775,0.13475,1.0,0.024739099138501496,0.0,-1.2333469287212384,29.343515540187386,1.5211446465861116,861.0419042572187,-36.190734769374046
0.02775,0.13824999999999998,0.0,0.0,0.0,0.0,0.0,0.0,0.0,0.0
0.02775,0.14175,1.0,0.018841870872428158,0.0,-1.478921778512186,29.959515903166373,2.1872096269576473,897.5725931520789,-44.30778054287493
0.02775,0.14525,0.0,0.0,0.0,0.0,0.0,0.0,0.0,0.0
0.02775,0.14875,1.0,0.01978864830931509,0.0,1.7305632680986007,34.30615986686574,2.9948492248921093,1176.9126048109497,59.36898013511623
0.02775,0.15225,0.0,0.0,0.0,0.0,0.0,0.0,0.0,0.0
0.02775,0.15575,0.0,0.0,0.0,0.0,0.0,0.0,0.0,0.0
0.02775,0.15925,0.0,0.0,0.0,0.0,0.0,0.0,0.0,0.0
0.02775,0.16275,0.0,0.0,0.0,0.0,0.0,0.0,0.0,0.0
0.02775,0.16625,1.0,0.02613770223444093,0.0,-1.7995387952221142,38.96884862018792,3.2383398755094586,1518.571162783122,-70.12595489716591
0.02775,0.16974999999999998,0.0,0.0,0.0,0.0,0.0,0.0,0.0,0.0
0.02775,0.17325,0.0,0.0,0.0,0.0,0.0,0.0,0.0,0.0
0.02775,0.17675,0.0,0.0,0.0,0.0,0.0,0.0,0.0,0.0
0.02775,0.18025,0.0,0.0,0.0,0.0,0.0,0.0,0.0,0.0
0.02775,0.18375,0.0,0.0,0.0,0.0,0.0,0.0,0.0,0.0
0.02775,0.18725,0.0,0.0,0.0,0.0,0.0,0.0,0.0,0.0
0.02775,0.19075,0.0,0.0,0.0,0.0,0.0,0.0,0.0,0.0
0.02775,0.19425,0.0,0.0,0.0,0.0,0.0,0.0,0.0,0.0
0.02775,0.19774999999999998,0.0,0.0,0.0,0.0,0.0,0.0,0.0,0.0
0.02775,0.20124999999999998,0.0,0.0,0.0,0.0,0.0,0.0,0.0,0.0
0.02775,0.20475,0.0,0.0,0.0,0.0,0.0,0.0,0.0,0.0
0.02775,0.20825,0.0,0.0,0.0,0.0,0.0,0.0,0.0,0.0
0.02775,0.21175,0.0,0.0,0.0,0.0,0.0,0.0,0.0,0.0
0.02775,0.21525,0.0,0.0,0.0,0.0,0.0,0.0,0.0,0.0
0.02775,0.21875,0.0,0.0,0.0,0.0,0.0,0.0,0.0,0.0
0.02775,0.22225,0.0,0.0,0.0,0.0,0.0,0.0,0.0,0.0
0.02775,0.22575,0.0,0.0,0.0,0.0,0.0,0.0,0.0,0.0
0.02775,0.22924999999999998,0.0,0.0,0.0,0.0,0.0,0.0,0.0,0.0
0.02775,0.23274999999999998,0.0,0.0,0.0,0.0,0.0,0.0,0.0,0.0
0.02775,0.23625,0.0,0.0,0.0,0.0,0.0,0.0,0.0,0.0
0.02775,0.23975,0.0,0.0,0.0,0.0,0.0,0.0,0.0,0.0
0.02775,0.24325,0.0,0.0,0.0,0.0,0.0,0.0,0.0,0.0
0.02775,0.24675,0.0,0.0,0.0,0.0,0.0,0.0,0.0,0.0
0.02775,0.25025,1.0,0.03453473956251144,0.0,-3.009192217078673,39.249250837331175,9.055237799326859,1540.503691291742,-118.10854014586556
0.02775,0.25375,0.0,0.0,0.0,0.0,0.0,0.0,0.0,0.0
0.02775,0.25725,0.0,0.0,0.0,0.0,0.0,0.0,0.0,0.0
0.02775,0.26075,0.0,0.0,0.0,0.0,0.0,0.0,0.0,0.0
0.02775,0.26425,0.0,0.0,0.0,0.0,0.0,0.0,0.0,0.0
0.02775,0.26775,0.0,0.0,0.0,0.0,0.0,0.0,0.0,0.0
0.02775,0.27125,0.0,0.0,0.0,0.0,0.0,0.0,0.0,0.0
0.02775,0.27475,0.0,0.0,0.0,0.0,0.0,0.0,0.0,0.0
0.02775,0.27825,0.0,0.0,0.0,0.0,0.0,0.0,0.0,0.0
0.02775,0.28175,1.0,0.03413480092588977,0.0,3.747336937156892,35.1110952116927,14.042534120580395,1232.78900696455,131.57310399080853
0.02775,0.28525,0.0,0.0,0.0,0.0,0.0,0.0,0.0,0.0
0.02775,0.28875,0.0,0.0,0.0,0.0,0.0,0.0,0.0,0.0
0.02775,0.29225,0.0,0.0,0.0,0.0,0.0,0.0,0.0,0.0
0.02775,0.29575,0.0,0.0,0.0,0.0,0.0,0.0,0.0,0.0
0.02775,0.29925,0.0,0.0,0.0,0.0,0.0,0.0,0.0,0.0
0.02775,0.30275,0.0,0.0,0.0,0.0,0.0,0.0,0.0,0.0
0.02775,0.30624999999999997,0.0,0.0,0.0,0.0,0.0,0.0,0.0,0.0
0.02775,0.30974999999999997,0.0,0.0,0.0,0.0,0.0,0.0,0.0,0.0
0.02775,0.31325,0.0,0.0,0.0,0.0,0.0,0.0,0.0,0.0
0.02775,0.31675,0.0,0.0,0.0,0.0,0.0,0.0,0.0,0.0
0.02775,0.32025,0.0,0.0,0.0,0.0,0.0,0.0,0.0,0.0
0.02775,0.32375,0.0,0.0,0.0,0.0,0.0,0.0,0.0,0.0
0.02775,0.32725,0.0,0.0,0.0,0.0,0.0,0.0,0.0,0.0
0.02775,0.33075,0.0,0.0,0.0,0.0,0.0,0.0,0.0,0.0
0.02775,0.33425,0.0,0.0,0.0,0.0,0.0,0.0,0.0,0.0
0.02775,0.33775,0.0,0.0,0.0,0.0,0.0,0.0,0.0,0.0
0.02775,0.34125,0.0,0.0,0.0,0.0,0.0,0.0,0.0,0.0
0.02775,0.34475,0.0,0.0,0.0,0.0,0.0,0.0,0.0,0.0
0.02775,0.34825,0.0,0.0,0.0,0.0,0.0,0.0,0.0,0.0
0.02805,0.00175,0.0,0.0,0.0,0.0,0.0,0.0,0.0,0.0
0.02805,0.0052499999999999995,0.0,0.0,0.0,0.0,0.0,0.0,0.0,0.0
0.02805,0.008749999999999999,0.0,0.0,0.0,0.0,0.0,0.0,0.0,0.0
0.02805,0.01225,0.0,0.0,0.0,0.0,0.0,0.0,0.0,0.0
0.02805,0.01575,0.0,0.0,0.0,0.0,0.0,0.0,0.0,0.0
0.02805,0.01925,0.0,0.0,0.0,0.0,0.0,0.0,0.0,0.0
0.02805,0.02275,0.0,0.0,0.0,0.0,0.0,0.0,0.0,0.0
0.02805,0.02625,0.0,0.0,0.0,0.0,0.0,0.0,0.0,0.0
0.02805,0.02975,0.0,0.0,0.0,0.0,0.0,0.0,0.0,0.0
0.02805,0.03325,0.0,0.0,0.0,0.0,0.0,0.0,0.0,0.0
0.02805,0.03675,0.0,0.0,0.0,0.0,0.0,0.0,0.0,0.0
0.02805,0.04025,0.0,0.0,0.0,0.0,0.0,0.0,0.0,0.0
0.02805,0.04375,0.0,0.0,0.0,0.0,0.0,0.0,0.0,0.0
0.02805,0.04725,0.0,0.0,0.0,0.0,0.0,0.0,0.0,0.0
0.02805,0.050749999999999997,0.0,0.0,0.0,0.0,0.0,0.0,0.0,0.0
0.02805,0.05425,0.0,0.0,0.0,0.0,0.0,0.0,0.0,0.0
0.02805,0.057749999999999996,0.0,0.0,0.0,0.0,0.0,0.0,0.0,0.0
0.02805,0.06125,0.0,0.0,0.0,0.0,0.0,0.0,0.0,0.0
0.02805,0.06475,0.0,0.0,0.0,0.0,0.0,0.0,0.0,0.0
0.02805,0.06824999999999999,0.0,0.0,0.0,0.0,0.0,0.0,0.0,0.0
0.02805,0.07175,0.0,0.0,0.0,0.0,0.0,0.0,0.0,0.0
0.02805,0.07525,0.0,0.0,0.0,0.0,0.0,0.0,0.0,0.0
0.02805,0.07875,0.0,0.0,0.0,0.0,0.0,0.0,0.0,0.0
0.02805,0.08225,0.0,0.0,0.0,0.0,0.0,0.0,0.0,0.0
0.02805,0.08574999999999999,0.0,0.0,0.0,0.0,0.0,0.0,0.0,0.0
0.02805,0.08925,0.0,0.0,0.0,0.0,0.0,0.0,0.0,0.0
0.02805,0.09275,0.0,0.0,0.0,0.0,0.0,0.0,0.0,0.0
0.02805,0.09625,0.0,0.0,0.0,0.0,0.0,0.0,0.0,0.0
0.02805,0.09974999999999999,0.0,0.0,0.0,0.0,0.0,0.0,0.0,0.0
0.02805,0.10325,0.0,0.0,0.0,0.0,0.0,0.0,0.0,0.0
0.02805,0.10675,0.0,0.0,0.0,0.0,0.0,0.0,0.0,0.0
0.02805,0.11025,0.0,0.0,0.0,0.0,0.0,0.0,0.0,0.0
0.02805,0.11374999999999999,0.0,0.0,0.0,0.0,0.0,0.0,0.0,0.0
0.02805,0.11725,0.0,0.0,0.0,0.0,0.0,0.0,0.0,0.0
0.02805,0.12075,0.0,0.0,0.0,0.0,0.0,0.0,0.0,0.0
0.02805,0.12425,0.0,0.0,0.0,0.0,0.0,0.0,0.0,0.0
0.02805,0.12775,0.0,0.0,0.0,0.0,0.0,0.0,0.0,0.0
0.02805,0.13125,0.0,0.0,0.0,0.0,0.0,0.0,0.0,0.0
0.02805,0.13475,0.0,0.0,0.0,0.0,0.0,0.0,0.0,0.0
0.02805,0.13824999999999998,0.0,0.0,0.0,0.0,0.0,0.0,0.0,0.0
0.02805,0.14175,1.0,0.03609415216091298,0.0,-1.2690279232783108,22.032270979290566,1.6104318700600624,485.42096450488924,-27.959567085954102
0.02805,0.14525,0.0,0.0,0.0,0.0,0.0,0.0,0.0,0.0
0.02805,0.14875,3.0,0.028679745735168346,1.1756978864227736e-5,-0.6214226331005772,29.180458459107527,0.7483693037948059,862.7848168589016,-16.397540928271017
0.02805,0.15225,0.0,0.0,0.0,0.0,0.0,0.0,0.0,0.0
0.02805,0.15575,0.0,0.0,0.0,0.0,0.0,0.0,0.0,0.0
0.02805,0.15925,2.0,0.027297173976168806,1.4693273122724666e-5,2.159221774671189,33.416185653756955,5.0184271956521265,1117.3765779918704,72.66465803837883
0.02805,0.16275,0.0,0.0,0.0,0.0,0.0,0.0,0.0,0.0
0.02805,0.16625,0.0,0.0,0.0,0.0,0.0,0.0,0.0,0.0
0.02805,0.16974999999999998,0.0,0.0,0.0,0.0,0.0,0.0,0.0,0.0
0.02805,0.17325,1.0,0.02237044989341304,0.0,0.8231268837998801,26.567179050288747,0.6775378668341013,705.8150026901013,21.868159303017634
0.02805,0.17675,0.0,0.0,0.0,0.0,0.0,0.0,0.0,0.0
0.02805,0.18025,1.0,0.02425247369790673,0.0,1.6996190397208657,29.766095986759517,2.8887048801816775,886.020470292981,50.59102347725533
0.02805,0.18375,0.0,0.0,0.0,0.0,0.0,0.0,0.0,0.0
0.02805,0.18725,0.0,0.0,0.0,0.0,0.0,0.0,0.0,0.0
0.02805,0.19075,0.0,0.0,0.0,0.0,0.0,0.0,0.0,0.0
0.02805,0.19425,0.0,0.0,0.0,0.0,0.0,0.0,0.0,0.0
0.02805,0.19774999999999998,0.0,0.0,0.0,0.0,0.0,0.0,0.0,0.0
0.02805,0.20124999999999998,1.0,0.037676970168165486,0.0,0.9957451771595559,28.280666626465614,0.9915084578365154,799.796104837286,28.160337400160344
0.02805,0.20475,0.0,0.0,0.0,0.0,0.0,0.0,0.0,0.0
0.02805,0.20825,0.0,0.0,0.0,0.0,0.0,0.0,0.0,0.0
0.02805,0.21175,1.0,0.028338023968176994,0.0,1.0208002904843039,41.71661070256356,1.0420332330528392,1740.2756085092403,42.5843283231975
0.02805,0.21525,0.0,0.0,0.0,0.0,0.0,0.0,0.0,0.0
0.02805,0.21875,0.0,0.0,0.0,0.0,0.0,0.0,0.0,0.0
0.02805,0.22225,0.0,0.0,0.0,0.0,0.0,0.0,0.0,0.0
0.02805,0.22575,0.0,0.0,0.0,0.0,0.0,0.0,0.0,0.0
0.02805,0.22924999999999998,0.0,0.0,0.0,0.0,0.0,0.0,0.0,0.0
0.02805,0.23274999999999998,0.0,0.0,0.0,0.0,0.0,0.0,0.0,0.0
0.02805,0.23625,1.0,0.01792048597964293,0.0,-0.6951073010720403,36.05993896505369,0.4831741600036561,1300.3191981633972,-25.065526850820973
0.02805,0.23975,0.0,0.0,0.0,0.0,0.0,0.0,0.0,0.0
0.02805,0.24325,0.0,0.0,0.0,0.0,0.0,0.0,0.0,0.0
0.02805,0.24675,0.0,0.0,0.0,0.0,0.0,0.0,0.0,0.0
0.02805,0.25025,0.0,0.0,0.0,0.0,0.0,0.0,0.0,0.0
0.02805,0.25375,0.0,0.0,0.0,0.0,0.0,0.0,0.0,0.0
0.02805,0.25725,0.0,0.0,0.0,0.0,0.0,0.0,0.0,0.0
0.02805,0.26075,0.0,0.0,0.0,0.0,0.0,0.0,0.0,0.0
0.02805,0.26425,0.0,0.0,0.0,0.0,0.0,0.0,0.0,0.0
0.02805,0.26775,0.0,0.0,0.0,0.0,0.0,0.0,0.0,0.0
0.02805,0.27125,0.0,0.0,0.0,0.0,0.0,0.0,0.0,0.0
0.02805,0.27475,0.0,0.0,0.0,0.0,0.0,0.0,0.0,0.0
0.02805,0.27825,0.0,0.0,0.0,0.0,0.0,0.0,0.0,0.0
0.02805,0.28175,0.0,0.0,0.0,0.0,0.0,0.0,0.0,0.0
0.02805,0.28525,0.0,0.0,0.0,0.0,0.0,0.0,0.0,0.0
0.02805,0.28875,0.0,0.0,0.0,0.0,0.0,0.0,0.0,0.0
0.02805,0.29225,0.0,0.0,0.0,0.0,0.0,0.0,0.0,0.0
0.02805,0.29575,1.0,0.02981187374507597,0.0,-0.7507313992638119,31.334420146810988,0.563597633840601,981.8458859368743,-23.523733081935593
0.02805,0.29925,0.0,0.0,0.0,0.0,0.0,0.0,0.0,0.0
0.02805,0.30275,0.0,0.0,0.0,0.0,0.0,0.0,0.0,0.0
0.02805,0.30624999999999997,0.0,0.0,0.0,0.0,0.0,0.0,0.0,0.0
0.02805,0.30974999999999997,0.0,0.0,0.0,0.0,0.0,0.0,0.0,0.0
0.02805,0.31325,0.0,0.0,0.0,0.0,0.0,0.0,0.0,0.0
0.02805,0.31675,0.0,0.0,0.0,0.0,0.0,0.0,0.0,0.0
0.02805,0.32025,0.0,0.0,0.0,0.0,0.0,0.0,0.0,0.0
0.02805,0.32375,0.0,0.0,0.0,0.0,0.0,0.0,0.0,0.0
0.02805,0.32725,0.0,0.0,0.0,0.0,0.0,0.0,0.0,0.0
0.02805,0.33075,0.0,0.0,0.0,0.0,0.0,0.0,0.0,0.0
0.02805,0.33425,0.0,0.0,0.0,0.0,0.0,0.0,0.0,0.0
0.02805,0.33775,0.0,0.0,0.0,0.0,0.0,0.0,0.0,0.0
0.02805,0.34125,0.0,0.0,0.0,0.0,0.0,0.0,0.0,0.0
0.02805,0.34475,0.0,0.0,0.0,0.0,0.0,0.0,0.0,0.0
0.02805,0.34825,0.0,0.0,0.0,0.0,0.0,0.0,0.0,0.0
0.02835,0.00175,0.0,0.0,0.0,0.0,0.0,0.0,0.0,0.0
0.02835,0.0052499999999999995,0.0,0.0,0.0,0.0,0.0,0.0,0.0,0.0
0.02835,0.008749999999999999,0.0,0.0,0.0,0.0,0.0,0.0,0.0,0.0
0.02835,0.01225,0.0,0.0,0.0,0.0,0.0,0.0,0.0,0.0
0.02835,0.01575,0.0,0.0,0.0,0.0,0.0,0.0,0.0,0.0
0.02835,0.01925,0.0,0.0,0.0,0.0,0.0,0.0,0.0,0.0
0.02835,0.02275,0.0,0.0,0.0,0.0,0.0,0.0,0.0,0.0
0.02835,0.02625,0.0,0.0,0.0,0.0,0.0,0.0,0.0,0.0
0.02835,0.02975,0.0,0.0,0.0,0.0,0.0,0.0,0.0,0.0
0.02835,0.03325,0.0,0.0,0.0,0.0,0.0,0.0,0.0,0.0
0.02835,0.03675,0.0,0.0,0.0,0.0,0.0,0.0,0.0,0.0
0.02835,0.04025,0.0,0.0,0.0,0.0,0.0,0.0,0.0,0.0
0.02835,0.04375,0.0,0.0,0.0,0.0,0.0,0.0,0.0,0.0
0.02835,0.04725,0.0,0.0,0.0,0.0,0.0,0.0,0.0,0.0
0.02835,0.050749999999999997,0.0,0.0,0.0,0.0,0.0,0.0,0.0,0.0
0.02835,0.05425,0.0,0.0,0.0,0.0,0.0,0.0,0.0,0.0
0.02835,0.057749999999999996,0.0,0.0,0.0,0.0,0.0,0.0,0.0,0.0
0.02835,0.06125,0.0,0.0,0.0,0.0,0.0,0.0,0.0,0.0
0.02835,0.06475,1.0,0.009043743619897368,0.0,-3.227050661143986,-1.7493999176085988,10.413855969589838,3.060400071728972,5.645402160724063
0.02835,0.06824999999999999,0.0,0.0,0.0,0.0,0.0,0.0,0.0,0.0
0.02835,0.07175,0.0,0.0,0.0,0.0,0.0,0.0,0.0,0.0
0.02835,0.07525,0.0,0.0,0.0,0.0,0.0,0.0,0.0,0.0
0.02835,0.07875,0.0,0.0,0.0,0.0,0.0,0.0,0.0,0.0
0.02835,0.08225,0.0,0.0,0.0,0.0,0.0,0.0,0.0,0.0
0.02835,0.08574999999999999,0.0,0.0,0.0,0.0,0.0,0.0,0.0,0.0
0.02835,0.08925,0.0,0.0,0.0,0.0,0.0,0.0,0.0,0.0
0.02835,0.09275,0.0,0.0,0.0,0.0,0.0,0.0,0.0,0.0
0.02835,0.09625,0.0,0.0,0.0,0.0,0.0,0.0,0.0,0.0
0.02835,0.09974999999999999,0.0,0.0,0.0,0.0,0.0,0.0,0.0,0.0
0.02835,0.10325,0.0,0.0,0.0,0.0,0.0,0.0,0.0,0.0
0.02835,0.10675,0.0,0.0,0.0,0.0,0.0,0.0,0.0,0.0
0.02835,0.11025,0.0,0.0,0.0,0.0,0.0,0.0,0.0,0.0
0.02835,0.11374999999999999,1.0,0.04883201295621541,0.0,0.13947163533866294,6.041896139869867,0.019452337064040974,36.5045089649744,0.8426731351740053
0.02835,0.11725,0.0,0.0,0.0,0.0,0.0,0.0,0.0,0.0
0.02835,0.12075,0.0,0.0,0.0,0.0,0.0,0.0,0.0,0.0
0.02835,0.12425,0.0,0.0,0.0,0.0,0.0,0.0,0.0,0.0
0.02835,0.12775,1.0,0.015982992287676464,0.0,-0.34558756002807545,19.042148349118737,0.11943076164615865,362.6034137498454,-6.5807295856645895
0.02835,0.13125,1.0,0.028579169163451008,0.0,-0.23061704313349418,23.133522999956092,0.053184220583635915,535.1598863894975,-5.334984671510554
0.02835,0.13475,1.0,0.01715714117055101,0.0,-1.3878722031398811,24.937284154189296,1.9261892522483475,621.8681409867805,-34.609763499399946
0.02835,0.13824999999999998,1.0,0.018175117435342465,0.0,3.251905430315359,31.81713119429223,10.574888927714522,1012.3298374348037,103.46630170777512
0.02835,0.14175,2.0,0.02315602624786288,2.0942038244917477e-5,-1.0533185395108962,20.701682392482773,2.3181703489554275,462.943783944075,-15.35877926959719
0.02835,0.14525,0.0,0.0,0.0,0.0,0.0,0.0,0.0,0.0
0.02835,0.14875,0.0,0.0,0.0,0.0,0.0,0.0,0.0,0.0
0.02835,0.15225,0.0,0.0,0.0,0.0,0.0,0.0,0.0,0.0
0.02835,0.15575,0.0,0.0,0.0,0.0,0.0,0.0,0.0,0.0
0.02835,0.15925,1.0,0.02909872488975258,0.0,-0.6881218998297899,29.60537110603851,0.47351174902535936,876.4779983262599,-20.372104210653188
0.02835,0.16275,0.0,0.0,0.0,0.0,0.0,0.0,0.0,0.0
0.02835,0.16625,0.0,0.0,0.0,0.0,0.0,0.0,0.0,0.0
0.02835,0.16974999999999998,0.0,0.0,0.0,0.0,0.0,0.0,0.0,0.0
0.02835,0.17325,2.0,0.028265470588414013,2.2437520165332636e-6,0.16362819934784523,34.29371457410369,0.774484487926904,1176.0592164731784,5.627761025050553
0.02835,0.17675,0.0,0.0,0.0,0.0,0.0,0.0,0.0,0.0
0.02835,0.18025,1.0,0.019405668713219602,0.0,0.8635019457903336,33.77770583698743,0.7456356103836922,1140.9334116100547,29.167114714572154
0.02835,0.18375,0.0,0.0,0.0,0.0,0.0,0.0,0.0,0.0
0.02835,0.18725,0.0,0.0,0.0,0.0,0.0,0.0,0.0,0.0
0.02835,0.19075,0.0,0.0,0.0,0.0,0.0,0.0,0.0,0.0
0.02835,0.19425,0.0,0.0,0.0,0.0,0.0,0.0,0.0,0.0
0.02835,0.19774999999999998,0.0,0.0,0.0,0.0,0.0,0.0,0.0,0.0
0.02835,0.20124999999999998,1.0,0.03922247200887741,0.0,-0.18029928640148038,39.94688401772681,0.03250783267688305,1595.7535427257176,-7.202394682358845
0.02835,0.20475,0.0,0.0,0.0,0.0,0.0,0.0,0.0,0.0
0.02835,0.20825,0.0,0.0,0.0,0.0,0.0,0.0,0.0,0.0
0.02835,0.21175,0.0,0.0,0.0,0.0,0.0,0.0,0.0,0.0
0.02835,0.21525,0.0,0.0,0.0,0.0,0.0,0.0,0.0,0.0
0.02835,0.21875,0.0,0.0,0.0,0.0,0.0,0.0,0.0,0.0
0.02835,0.22225,0.0,0.0,0.0,0.0,0.0,0.0,0.0,0.0
0.02835,0.22575,0.0,0.0,0.0,0.0,0.0,0.0,0.0,0.0
0.02835,0.22924999999999998,0.0,0.0,0.0,0.0,0.0,0.0,0.0,0.0
0.02835,0.23274999999999998,0.0,0.0,0.0,0.0,0.0,0.0,0.0,0.0
0.02835,0.23625,0.0,0.0,0.0,0.0,0.0,0.0,0.0,0.0
0.02835,0.23975,0.0,0.0,0.0,0.0,0.0,0.0,0.0,0.0
0.02835,0.24325,0.0,0.0,0.0,0.0,0.0,0.0,0.0,0.0
0.02835,0.24675,0.0,0.0,0.0,0.0,0.0,0.0,0.0,0.0
0.02835,0.25025,0.0,0.0,0.0,0.0,0.0,0.0,0.0,0.0
0.02835,0.25375,0.0,0.0,0.0,0.0,0.0,0.0,0.0,0.0
0.02835,0.25725,0.0,0.0,0.0,0.0,0.0,0.0,0.0,0.0
0.02835,0.26075,0.0,0.0,0.0,0.0,0.0,0.0,0.0,0.0
0.02835,0.26425,0.0,0.0,0.0,0.0,0.0,0.0,0.0,0.0
0.02835,0.26775,0.0,0.0,0.0,0.0,0.0,0.0,0.0,0.0
0.02835,0.27125,0.0,0.0,0.0,0.0,0.0,0.0,0.0,0.0
0.02835,0.27475,0.0,0.0,0.0,0.0,0.0,0.0,0.0,0.0
0.02835,0.27825,0.0,0.0,0.0,0.0,0.0,0.0,0.0,0.0
0.02835,0.28175,0.0,0.0,0.0,0.0,0.0,0.0,0.0,0.0
0.02835,0.28525,0.0,0.0,0.0,0.0,0.0,0.0,0.0,0.0
0.02835,0.28875,0.0,0.0,0.0,0.0,0.0,0.0,0.0,0.0
0.02835,0.29225,0.0,0.0,0.0,0.0,0.0,0.0,0.0,0.0
0.02835,0.29575,0.0,0.0,0.0,0.0,0.0,0.0,0.0,0.0
0.02835,0.29925,0.0,0.0,0.0,0.0,0.0,0.0,0.0,0.0
0.02835,0.30275,0.0,0.0,0.0,0.0,0.0,0.0,0.0,0.0
0.02835,0.30624999999999997,0.0,0.0,0.0,0.0,0.0,0.0,0.0,0.0
0.02835,0.30974999999999997,0.0,0.0,0.0,0.0,0.0,0.0,0.0,0.0
0.02835,0.31325,0.0,0.0,0.0,0.0,0.0,0.0,0.0,0.0
0.02835,0.31675,0.0,0.0,0.0,0.0,0.0,0.0,0.0,0.0
0.02835,0.32025,0.0,0.0,0.0,0.0,0.0,0.0,0.0,0.0
0.02835,0.32375,0.0,0.0,0.0,0.0,0.0,0.0,0.0,0.0
0.02835,0.32725,0.0,0.0,0.0,0.0,0.0,0.0,0.0,0.0
0.02835,0.33075,0.0,0.0,0.0,0.0,0.0,0.0,0.0,0.0
0.02835,0.33425,0.0,0.0,0.0,0.0,0.0,0.0,0.0,0.0
0.02835,0.33775,0.0,0.0,0.0,0.0,0.0,0.0,0.0,0.0
0.02835,0.34125,0.0,0.0,0.0,0.0,0.0,0.0,0.0,0.0
0.02835,0.34475,0.0,0.0,0.0,0.0,0.0,0.0,0.0,0.0
0.02835,0.34825,0.0,0.0,0.0,0.0,0.0,0.0,0.0,0.0
0.02865,0.00175,0.0,0.0,0.0,0.0,0.0,0.0,0.0,0.0
0.02865,0.0052499999999999995,0.0,0.0,0.0,0.0,0.0,0.0,0.0,0.0
0.02865,0.008749999999999999,0.0,0.0,0.0,0.0,0.0,0.0,0.0,0.0
0.02865,0.01225,0.0,0.0,0.0,0.0,0.0,0.0,0.0,0.0
0.02865,0.01575,0.0,0.0,0.0,0.0,0.0,0.0,0.0,0.0
0.02865,0.01925,0.0,0.0,0.0,0.0,0.0,0.0,0.0,0.0
0.02865,0.02275,0.0,0.0,0.0,0.0,0.0,0.0,0.0,0.0
0.02865,0.02625,0.0,0.0,0.0,0.0,0.0,0.0,0.0,0.0
0.02865,0.02975,0.0,0.0,0.0,0.0,0.0,0.0,0.0,0.0
0.02865,0.03325,0.0,0.0,0.0,0.0,0.0,0.0,0.0,0.0
0.02865,0.03675,0.0,0.0,0.0,0.0,0.0,0.0,0.0,0.0
0.02865,0.04025,0.0,0.0,0.0,0.0,0.0,0.0,0.0,0.0
0.02865,0.04375,0.0,0.0,0.0,0.0,0.0,0.0,0.0,0.0
0.02865,0.04725,0.0,0.0,0.0,0.0,0.0,0.0,0.0,0.0
0.02865,0.050749999999999997,0.0,0.0,0.0,0.0,0.0,0.0,0.0,0.0
0.02865,0.05425,0.0,0.0,0.0,0.0,0.0,0.0,0.0,0.0
0.02865,0.057749999999999996,0.0,0.0,0.0,0.0,0.0,0.0,0.0,0.0
0.02865,0.06125,0.0,0.0,0.0,0.0,0.0,0.0,0.0,0.0
0.02865,0.06475,0.0,0.0,0.0,0.0,0.0,0.0,0.0,0.0
0.02865,0.06824999999999999,0.0,0.0,0.0,0.0,0.0,0.0,0.0,0.0
0.02865,0.07175,0.0,0.0,0.0,0.0,0.0,0.0,0.0,0.0
0.02865,0.07525,0.0,0.0,0.0,0.0,0.0,0.0,0.0,0.0
0.02865,0.07875,0.0,0.0,0.0,0.0,0.0,0.0,0.0,0.0
0.02865,0.08225,0.0,0.0,0.0,0.0,0.0,0.0,0.0,0.0
0.02865,0.08574999999999999,0.0,0.0,0.0,0.0,0.0,0.0,0.0,0.0
0.02865,0.08925,0.0,0.0,0.0,0.0,0.0,0.0,0.0,0.0
0.02865,0.09275,0.0,0.0,0.0,0.0,0.0,0.0,0.0,0.0
0.02865,0.09625,0.0,0.0,0.0,0.0,0.0,0.0,0.0,0.0
0.02865,0.09974999999999999,0.0,0.0,0.0,0.0,0.0,0.0,0.0,0.0
0.02865,0.10325,0.0,0.0,0.0,0.0,0.0,0.0,0.0,0.0
0.02865,0.10675,0.0,0.0,0.0,0.0,0.0,0.0,0.0,0.0
0.02865,0.11025,0.0,0.0,0.0,0.0,0.0,0.0,0.0,0.0
0.02865,0.11374999999999999,0.0,0.0,0.0,0.0,0.0,0.0,0.0,0.0
0.02865,0.11725,0.0,0.0,0.0,0.0,0.0,0.0,0.0,0.0
0.02865,0.12075,1.0,0.023680832983600908,0.0,2.021381381190727,11.9026253323479,4.08598268822453,141.67248980224997,24.059745234097132
0.02865,0.12425,0.0,0.0,0.0,0.0,0.0,0.0,0.0,0.0
0.02865,0.12775,0.0,0.0,0.0,0.0,0.0,0.0,0.0,0.0
0.02865,0.13125,1.0,0.024688161569077962,0.0,1.588427276658004,19.485186449996117,2.5231012132311634,379.6724909911123,30.950801647940775
0.02865,0.13475,0.0,0.0,0.0,0.0,0.0,0.0,0.0,0.0
0.02865,0.13824999999999998,1.0,0.04310051955227324,0.0,-1.167528380706507,27.338080228986964,1.3631225197551586,747.3706306065279,-31.917984541373727
0.02865,0.14175,0.0,0.0,0.0,0.0,0.0,0.0,0.0,0.0
0.02865,0.14525,1.0,0.03529473396622661,0.0,-0.6731427956693888,28.26946546505532,0.45312122336160054,799.1626776799553,-19.029387015226575
0.02865,0.14875,2.0,0.02792289769175966,1.366020038324722e-5,1.2995374839164446,29.215347282209414,1.9471919928140131,857.4077200791058,38.9665873560685
0.02865,0.15225,1.0,0.022540669282583376,0.0,-0.7194440958922808,35.581646152326265,0.5175998071142612,1266.0535429093545,-25.59900524641942
0.02865,0.15575,1.0,0.017752890112597355,0.0,0.18127813911466953,36.03132714868128,0.03286176372087748,1298.2565360952965,6.5316919353448135
0.02865,0.15925,0.0,0.0,0.0,0.0,0.0,0.0,0.0,0.0
0.02865,0.16275,0.0,0.0,0.0,0.0,0.0,0.0,0.0,0.0
0.02865,0.16625,0.0,0.0,0.0,0.0,0.0,0.0,0.0,0.0
0.02865,0.16974999999999998,0.0,0.0,0.0,0.0,0.0,0.0,0.0,0.0
0.02865,0.17325,0.0,0.0,0.0,0.0,0.0,0.0,0.0,0.0
0.02865,0.17675,1.0,0.01750498017380766,0.0,3.4688965261634674,33.835130005426755,12.033243109228971,1144.81602248413,117.37056493811417
0.02865,0.18025,0.0,0.0,0.0,0.0,0.0,0.0,0.0,0.0
0.02865,0.18375,0.0,0.0,0.0,0.0,0.0,0.0,0.0,0.0
0.02865,0.18725,0.0,0.0,0.0,0.0,0.0,0.0,0.0,0.0
0.02865,0.19075,0.0,0.0,0.0,0.0,0.0,0.0,0.0,0.0
0.02865,0.19425,0.0,0.0,0.0,0.0,0.0,0.0,0.0,0.0
0.02865,0.19774999999999998,1.0,0.024406792064247444,0.0,1.215539168099468,43.37663862048944,1.4775354691839468,1881.5327780125358,52.726003223700985
0.02865,0.20124999999999998,0.0,0.0,0.0,0.0,0.0,0.0,0.0,0.0
0.02865,0.20475,0.0,0.0,0.0,0.0,0.0,0.0,0.0,0.0
0.02865,0.20825,0.0,0.0,0.0,0.0,0.0,0.0,0.0,0.0
0.02865,0.21175,1.0,0.022025489535556587,0.0,-1.3102552041696214,37.16451401245995,1.7167687000535763,1381.2011017823318,-48.694997895260464
0.02865,0.21525,0.0,0.0,0.0,0.0,0.0,0.0,0.0,0.0
0.02865,0.21875,1.0,0.035068730673406524,0.0,-1.2916702250904366,32.82243797141704,1.6684119703851792,1077.312434387519,-42.39576584255714
0.02865,0.22225,0.0,0.0,0.0,0.0,0.0,0.0,0.0,0.0
0.02865,0.22575,0.0,0.0,0.0,0.0,0.0,0.0,0.0,0.0
0.02865,0.22924999999999998,0.0,0.0,0.0,0.0,0.0,0.0,0.0,0.0
0.02865,0.23274999999999998,0.0,0.0,0.0,0.0,0.0,0.0,0.0,0.0
0.02865,0.23625,0.0,0.0,0.0,0.0,0.0,0.0,0.0,0.0
0.02865,0.23975,0.0,0.0,0.0,0.0,0.0,0.0,0.0,0.0
0.02865,0.24325,0.0,0.0,0.0,0.0,0.0,0.0,0.0,0.0
0.02865,0.24675,0.0,0.0,0.0,0.0,0.0,0.0,0.0,0.0
0.02865,0.25025,0.0,0.0,0.0,0.0,0.0,0.0,0.0,0.0
0.02865,0.25375,0.0,0.0,0.0,0.0,0.0,0.0,0.0,0.0
0.02865,0.25725,0.0,0.0,0.0,0.0,0.0,0.0,0.0,0.0
0.02865,0.26075,0.0,0.0,0.0,0.0,0.0,0.0,0.0,0.0
0.02865,0.26425,0.0,0.0,0.0,0.0,0.0,0.0,0.0,0.0
0.02865,0.26775,0.0,0.0,0.0,0.0,0.0,0.0,0.0,0.0
0.02865,0.27125,0.0,0.0,0.0,0.0,0.0,0.0,0.0,0.0
0.02865,0.27475,0.0,0.0,0.0,0.0,0.0,0.0,0.0,0.0
0.02865,0.27825,0.0,0.0,0.0,0.0,0.0,0.0,0.0,0.0
0.02865,0.28175,0.0,0.0,0.0,0.0,0.0,0.0,0.0,0.0
0.02865,0.28525,0.0,0.0,0.0,0.0,0.0,0.0,0.0,0.0
0.02865,0.28875,0.0,0.0,0.0,0.0,0.0,0.0,0.0,0.0
0.02865,0.29225,0.0,0.0,0.0,0.0,0.0,0.0,0.0,0.0
0.02865,0.29575,0.0,0.0,0.0,0.0,0.0,0.0,0.0,0.0
0.02865,0.29925,0.0,0.0,0.0,0.0,0.0,0.0,0.0,0.0
0.02865,0.30275,0.0,0.0,0.0,0.0,0.0,0.0,0.0,0.0
0.02865,0.30624999999999997,0.0,0.0,0.0,0.0,0.0,0.0,0.0,0.0
0.02865,0.30974999999999997,0.0,0.0,0.0,0.0,0.0,0.0,0.0,0.0
0.02865,0.31325,0.0,0.0,0.0,0.0,0.0,0.0,0.0,0.0
0.02865,0.31675,0.0,0.0,0.0,0.0,0.0,0.0,0.0,0.0
0.02865,0.32025,0.0,0.0,0.0,0.0,0.0,0.0,0.0,0.0
0.02865,0.32375,0.0,0.0,0.0,0.0,0.0,0.0,0.0,0.0
0.02865,0.32725,0.0,0.0,0.0,0.0,0.0,0.0,0.0,0.0
0.02865,0.33075,0.0,0.0,0.0,0.0,0.0,0.0,0.0,0.0
0.02865,0.33425,0.0,0.0,0.0,0.0,0.0,0.0,0.0,0.0
0.02865,0.33775,0.0,0.0,0.0,0.0,0.0,0.0,0.0,0.0
0.02865,0.34125,0.0,0.0,0.0,0.0,0.0,0.0,0.0,0.0
0.02865,0.34475,0.0,0.0,0.0,0.0,0.0,0.0,0.0,0.0
0.02865,0.34825,0.0,0.0,0.0,0.0,0.0,0.0,0.0,0.0
0.02895,0.00175,0.0,0.0,0.0,0.0,0.0,0.0,0.0,0.0
0.02895,0.0052499999999999995,0.0,0.0,0.0,0.0,0.0,0.0,0.0,0.0
0.02895,0.008749999999999999,0.0,0.0,0.0,0.0,0.0,0.0,0.0,0.0
0.02895,0.01225,0.0,0.0,0.0,0.0,0.0,0.0,0.0,0.0
0.02895,0.01575,0.0,0.0,0.0,0.0,0.0,0.0,0.0,0.0
0.02895,0.01925,0.0,0.0,0.0,0.0,0.0,0.0,0.0,0.0
0.02895,0.02275,0.0,0.0,0.0,0.0,0.0,0.0,0.0,0.0
0.02895,0.02625,0.0,0.0,0.0,0.0,0.0,0.0,0.0,0.0
0.02895,0.02975,0.0,0.0,0.0,0.0,0.0,0.0,0.0,0.0
0.02895,0.03325,0.0,0.0,0.0,0.0,0.0,0.0,0.0,0.0
0.02895,0.03675,0.0,0.0,0.0,0.0,0.0,0.0,0.0,0.0
0.02895,0.04025,0.0,0.0,0.0,0.0,0.0,0.0,0.0,0.0
0.02895,0.04375,0.0,0.0,0.0,0.0,0.0,0.0,0.0,0.0
0.02895,0.04725,0.0,0.0,0.0,0.0,0.0,0.0,0.0,0.0
0.02895,0.050749999999999997,0.0,0.0,0.0,0.0,0.0,0.0,0.0,0.0
0.02895,0.05425,0.0,0.0,0.0,0.0,0.0,0.0,0.0,0.0
0.02895,0.057749999999999996,0.0,0.0,0.0,0.0,0.0,0.0,0.0,0.0
0.02895,0.06125,0.0,0.0,0.0,0.0,0.0,0.0,0.0,0.0
0.02895,0.06475,0.0,0.0,0.0,0.0,0.0,0.0,0.0,0.0
0.02895,0.06824999999999999,0.0,0.0,0.0,0.0,0.0,0.0,0.0,0.0
0.02895,0.07175,0.0,0.0,0.0,0.0,0.0,0.0,0.0,0.0
0.02895,0.07525,0.0,0.0,0.0,0.0,0.0,0.0,0.0,0.0
0.02895,0.07875,0.0,0.0,0.0,0.0,0.0,0.0,0.0,0.0
0.02895,0.08225,0.0,0.0,0.0,0.0,0.0,0.0,0.0,0.0
0.02895,0.08574999999999999,0.0,0.0,0.0,0.0,0.0,0.0,0.0,0.0
0.02895,0.08925,0.0,0.0,0.0,0.0,0.0,0.0,0.0,0.0
0.02895,0.09275,0.0,0.0,0.0,0.0,0.0,0.0,0.0,0.0
0.02895,0.09625,0.0,0.0,0.0,0.0,0.0,0.0,0.0,0.0
0.02895,0.09974999999999999,0.0,0.0,0.0,0.0,0.0,0.0,0.0,0.0
0.02895,0.10325,0.0,0.0,0.0,0.0,0.0,0.0,0.0,0.0
0.02895,0.10675,0.0,0.0,0.0,0.0,0.0,0.0,0.0,0.0
0.02895,0.11025,0.0,0.0,0.0,0.0,0.0,0.0,0.0,0.0
0.02895,0.11374999999999999,0.0,0.0,0.0,0.0,0.0,0.0,0.0,0.0
0.02895,0.11725,0.0,0.0,0.0,0.0,0.0,0.0,0.0,0.0
0.02895,0.12075,0.0,0.0,0.0,0.0,0.0,0.0,0.0,0.0
0.02895,0.12425,0.0,0.0,0.0,0.0,0.0,0.0,0.0,0.0
0.02895,0.12775,0.0,0.0,0.0,0.0,0.0,0.0,0.0,0.0
0.02895,0.13125,0.0,0.0,0.0,0.0,0.0,0.0,0.0,0.0
0.02895,0.13475,0.0,0.0,0.0,0.0,0.0,0.0,0.0,0.0
0.02895,0.13824999999999998,0.0,0.0,0.0,0.0,0.0,0.0,0.0,0.0
0.02895,0.14175,2.0,0.026999662442819303,3.415563967536459e-5,-0.011958137423914494,29.666132156549068,0.16453440474494319,880.8067895465301,-0.7005508513381589
0.02895,0.14525,0.0,0.0,0.0,0.0,0.0,0.0,0.0,0.0
0.02895,0.14875,0.0,0.0,0.0,0.0,0.0,0.0,0.0,0.0
0.02895,0.15225,2.0,0.03493341431323512,0.0001614506053734088,-0.18350373167696493,34.785942709237595,0.03413733137565379,1210.1051797797084,-6.378865767952793
0.02895,0.15575,0.0,0.0,0.0,0.0,0.0,0.0,0.0,0.0
0.02895,0.15925,0.0,0.0,0.0,0.0,0.0,0.0,0.0,0.0
0.02895,0.16275,0.0,0.0,0.0,0.0,0.0,0.0,0.0,0.0
0.02895,0.16625,1.0,0.02747874448298193,0.0,3.19548114527569,36.06907387363828,10.211099749812437,1300.9780901019756,115.25804549076713
0.02895,0.16974999999999998,0.0,0.0,0.0,0.0,0.0,0.0,0.0,0.0
0.02895,0.17325,0.0,0.0,0.0,0.0,0.0,0.0,0.0,0.0
0.02895,0.17675,0.0,0.0,0.0,0.0,0.0,0.0,0.0,0.0
0.02895,0.18025,0.0,0.0,0.0,0.0,0.0,0.0,0.0,0.0
0.02895,0.18375,0.0,0.0,0.0,0.0,0.0,0.0,0.0,0.0
0.02895,0.18725,0.0,0.0,0.0,0.0,0.0,0.0,0.0,0.0
0.02895,0.19075,1.0,0.025711112065453404,0.0,-3.5011039323478705,24.74179708495598,12.257728745101723,612.1565229931363,-86.62360306749247
0.02895,0.19425,0.0,0.0,0.0,0.0,0.0,0.0,0.0,0.0
0.02895,0.19774999999999998,0.0,0.0,0.0,0.0,0.0,0.0,0.0,0.0
0.02895,0.20124999999999998,1.0,0.028066589152884045,0.0,1.0683766285655216,22.396904704095615,1.1414286204650306,501.6213403243403,23.928329538064943
0.02895,0.20475,0.0,0.0,0.0,0.0,0.0,0.0,0.0,0.0
0.02895,0.20825,0.0,0.0,0.0,0.0,0.0,0.0,0.0,0.0
0.02895,0.21175,0.0,0.0,0.0,0.0,0.0,0.0,0.0,0.0
0.02895,0.21525,0.0,0.0,0.0,0.0,0.0,0.0,0.0,0.0
0.02895,0.21875,0.0,0.0,0.0,0.0,0.0,0.0,0.0,0.0
0.02895,0.22225,0.0,0.0,0.0,0.0,0.0,0.0,0.0,0.0
0.02895,0.22575,0.0,0.0,0.0,0.0,0.0,0.0,0.0,0.0
0.02895,0.22924999999999998,0.0,0.0,0.0,0.0,0.0,0.0,0.0,0.0
0.02895,0.23274999999999998,0.0,0.0,0.0,0.0,0.0,0.0,0.0,0.0
0.02895,0.23625,0.0,0.0,0.0,0.0,0.0,0.0,0.0,0.0
0.02895,0.23975,0.0,0.0,0.0,0.0,0.0,0.0,0.0,0.0
0.02895,0.24325,0.0,0.0,0.0,0.0,0.0,0.0,0.0,0.0
0.02895,0.24675,0.0,0.0,0.0,0.0,0.0,0.0,0.0,0.0
0.02895,0.25025,0.0,0.0,0.0,0.0,0.0,0.0,0.0,0.0
0.02895,0.25375,0.0,0.0,0.0,0.0,0.0,0.0,0.0,0.0
0.02895,0.25725,0.0,0.0,0.0,0.0,0.0,0.0,0.0,0.0
0.02895,0.26075,0.0,0.0,0.0,0.0,0.0,0.0,0.0,0.0
0.02895,0.26425,0.0,0.0,0.0,0.0,0.0,0.0,0.0,0.0
0.02895,0.26775,0.0,0.0,0.0,0.0,0.0,0.0,0.0,0.0
0.02895,0.27125,0.0,0.0,0.0,0.0,0.0,0.0,0.0,0.0
0.02895,0.27475,0.0,0.0,0.0,0.0,0.0,0.0,0.0,0.0
0.02895,0.27825,0.0,0.0,0.0,0.0,0.0,0.0,0.0,0.0
0.02895,0.28175,1.0,0.02703146945394168,0.0,2.137044615747581,32.87607204809536,4.566959689695725,1080.836113311557,70.25763275731173
0.02895,0.28525,0.0,0.0,0.0,0.0,0.0,0.0,0.0,0.0
0.02895,0.28875,0.0,0.0,0.0,0.0,0.0,0.0,0.0,0.0
0.02895,0.29225,0.0,0.0,0.0,0.0,0.0,0.0,0.0,0.0
0.02895,0.29575,0.0,0.0,0.0,0.0,0.0,0.0,0.0,0.0
0.02895,0.29925,0.0,0.0,0.0,0.0,0.0,0.0,0.0,0.0
0.02895,0.30275,0.0,0.0,0.0,0.0,0.0,0.0,0.0,0.0
0.02895,0.30624999999999997,0.0,0.0,0.0,0.0,0.0,0.0,0.0,0.0
0.02895,0.30974999999999997,0.0,0.0,0.0,0.0,0.0,0.0,0.0,0.0
0.02895,0.31325,0.0,0.0,0.0,0.0,0.0,0.0,0.0,0.0
0.02895,0.31675,0.0,0.0,0.0,0.0,0.0,0.0,0.0,0.0
0.02895,0.32025,0.0,0.0,0.0,0.0,0.0,0.0,0.0,0.0
0.02895,0.32375,0.0,0.0,0.0,0.0,0.0,0.0,0.0,0.0
0.02895,0.32725,0.0,0.0,0.0,0.0,0.0,0.0,0.0,0.0
0.02895,0.33075,0.0,0.0,0.0,0.0,0.0,0.0,0.0,0.0
0.02895,0.33425,0.0,0.0,0.0,0.0,0.0,0.0,0.0,0.0
0.02895,0.33775,0.0,0.0,0.0,0.0,0.0,0.0,0.0,0.0
0.02895,0.34125,0.0,0.0,0.0,0.0,0.0,0.0,0.0,0.0
0.02895,0.34475,0.0,0.0,0.0,0.0,0.0,0.0,0.0,0.0
0.02895,0.34825,0.0,0.0,0.0,0.0,0.0,0.0,0.0,0.0
0.029249999999999998,0.00175,0.0,0.0,0.0,0.0,0.0,0.0,0.0,0.0
0.029249999999999998,0.0052499999999999995,0.0,0.0,0.0,0.0,0.0,0.0,0.0,0.0
0.029249999999999998,0.008749999999999999,0.0,0.0,0.0,0.0,0.0,0.0,0.0,0.0
0.029249999999999998,0.01225,0.0,0.0,0.0,0.0,0.0,0.0,0.0,0.0
0.029249999999999998,0.01575,0.0,0.0,0.0,0.0,0.0,0.0,0.0,0.0
0.029249999999999998,0.01925,0.0,0.0,0.0,0.0,0.0,0.0,0.0,0.0
0.029249999999999998,0.02275,0.0,0.0,0.0,0.0,0.0,0.0,0.0,0.0
0.029249999999999998,0.02625,0.0,0.0,0.0,0.0,0.0,0.0,0.0,0.0
0.029249999999999998,0.02975,0.0,0.0,0.0,0.0,0.0,0.0,0.0,0.0
0.029249999999999998,0.03325,0.0,0.0,0.0,0.0,0.0,0.0,0.0,0.0
0.029249999999999998,0.03675,0.0,0.0,0.0,0.0,0.0,0.0,0.0,0.0
0.029249999999999998,0.04025,0.0,0.0,0.0,0.0,0.0,0.0,0.0,0.0
0.029249999999999998,0.04375,0.0,0.0,0.0,0.0,0.0,0.0,0.0,0.0
0.029249999999999998,0.04725,0.0,0.0,0.0,0.0,0.0,0.0,0.0,0.0
0.029249999999999998,0.050749999999999997,0.0,0.0,0.0,0.0,0.0,0.0,0.0,0.0
0.029249999999999998,0.05425,0.0,0.0,0.0,0.0,0.0,0.0,0.0,0.0
0.029249999999999998,0.057749999999999996,0.0,0.0,0.0,0.0,0.0,0.0,0.0,0.0
0.029249999999999998,0.06125,0.0,0.0,0.0,0.0,0.0,0.0,0.0,0.0
0.029249999999999998,0.06475,0.0,0.0,0.0,0.0,0.0,0.0,0.0,0.0
0.029249999999999998,0.06824999999999999,0.0,0.0,0.0,0.0,0.0,0.0,0.0,0.0
0.029249999999999998,0.07175,0.0,0.0,0.0,0.0,0.0,0.0,0.0,0.0
0.029249999999999998,0.07525,0.0,0.0,0.0,0.0,0.0,0.0,0.0,0.0
0.029249999999999998,0.07875,0.0,0.0,0.0,0.0,0.0,0.0,0.0,0.0
0.029249999999999998,0.08225,0.0,0.0,0.0,0.0,0.0,0.0,0.0,0.0
0.029249999999999998,0.08574999999999999,0.0,0.0,0.0,0.0,0.0,0.0,0.0,0.0
0.029249999999999998,0.08925,0.0,0.0,0.0,0.0,0.0,0.0,0.0,0.0
0.029249999999999998,0.09275,0.0,0.0,0.0,0.0,0.0,0.0,0.0,0.0
0.029249999999999998,0.09625,0.0,0.0,0.0,0.0,0.0,0.0,0.0,0.0
0.029249999999999998,0.09974999999999999,0.0,0.0,0.0,0.0,0.0,0.0,0.0,0.0
0.029249999999999998,0.10325,0.0,0.0,0.0,0.0,0.0,0.0,0.0,0.0
0.029249999999999998,0.10675,0.0,0.0,0.0,0.0,0.0,0.0,0.0,0.0
0.029249999999999998,0.11025,0.0,0.0,0.0,0.0,0.0,0.0,0.0,0.0
0.029249999999999998,0.11374999999999999,0.0,0.0,0.0,0.0,0.0,0.0,0.0,0.0
0.029249999999999998,0.11725,0.0,0.0,0.0,0.0,0.0,0.0,0.0,0.0
0.029249999999999998,0.12075,0.0,0.0,0.0,0.0,0.0,0.0,0.0,0.0
0.029249999999999998,0.12425,0.0,0.0,0.0,0.0,0.0,0.0,0.0,0.0
0.029249999999999998,0.12775,1.0,0.02042804294420451,0.0,3.88842168824354,27.658033504785816,15.119823225602742,764.9668173518548,107.54609733417566
0.029249999999999998,0.13125,0.0,0.0,0.0,0.0,0.0,0.0,0.0,0.0
0.029249999999999998,0.13475,0.0,0.0,0.0,0.0,0.0,0.0,0.0,0.0
0.029249999999999998,0.13824999999999998,1.0,0.03134078815393454,0.0,2.432568768269379,31.08544044336527,5.917390812359604,966.3046075580091,75.6174715704282
0.029249999999999998,0.14175,1.0,0.019102352331977206,0.0,0.4283135421925501,24.307333967206443,0.18345249042552939,590.8464845933081,10.411160312751482
0.029249999999999998,0.14525,0.0,0.0,0.0,0.0,0.0,0.0,0.0,0.0
0.029249999999999998,0.14875,0.0,0.0,0.0,0.0,0.0,0.0,0.0,0.0
0.029249999999999998,0.15225,0.0,0.0,0.0,0.0,0.0,0.0,0.0,0.0
0.029249999999999998,0.15575,1.0,0.025679195612853097,0.0,-0.7391047485327659,29.35296514846567,0.546275829303683,861.5965630070403,-21.69491592474776
0.029249999999999998,0.15925,0.0,0.0,0.0,0.0,0.0,0.0,0.0,0.0
0.029249999999999998,0.16275,0.0,0.0,0.0,0.0,0.0,0.0,0.0,0.0
0.029249999999999998,0.16625,0.0,0.0,0.0,0.0,0.0,0.0,0.0,0.0
0.029249999999999998,0.16974999999999998,0.0,0.0,0.0,0.0,0.0,0.0,0.0,0.0
0.029249999999999998,0.17325,0.0,0.0,0.0,0.0,0.0,0.0,0.0,0.0
0.029249999999999998,0.17675,0.0,0.0,0.0,0.0,0.0,0.0,0.0,0.0
0.029249999999999998,0.18025,0.0,0.0,0.0,0.0,0.0,0.0,0.0,0.0
0.029249999999999998,0.18375,0.0,0.0,0.0,0.0,0.0,0.0,0.0,0.0
0.029249999999999998,0.18725,0.0,0.0,0.0,0.0,0.0,0.0,0.0,0.0
0.029249999999999998,0.19075,0.0,0.0,0.0,0.0,0.0,0.0,0.0,0.0
0.029249999999999998,0.19425,1.0,0.030985349054417962,0.0,-2.145432417642023,13.215495587700008,4.6028802586692965,174.6493236285184,-28.352952649056718
0.029249999999999998,0.19774999999999998,0.0,0.0,0.0,0.0,0.0,0.0,0.0,0.0
0.029249999999999998,0.20124999999999998,0.0,0.0,0.0,0.0,0.0,0.0,0.0,0.0
0.029249999999999998,0.20475,0.0,0.0,0.0,0.0,0.0,0.0,0.0,0.0
0.029249999999999998,0.20825,0.0,0.0,0.0,0.0,0.0,0.0,0.0,0.0
0.029249999999999998,0.21175,0.0,0.0,0.0,0.0,0.0,0.0,0.0,0.0
0.029249999999999998,0.21525,0.0,0.0,0.0,0.0,0.0,0.0,0.0,0.0
0.029249999999999998,0.21875,0.0,0.0,0.0,0.0,0.0,0.0,0.0,0.0
0.029249999999999998,0.22225,0.0,0.0,0.0,0.0,0.0,0.0,0.0,0.0
0.029249999999999998,0.22575,0.0,0.0,0.0,0.0,0.0,0.0,0.0,0.0
0.029249999999999998,0.22924999999999998,0.0,0.0,0.0,0.0,0.0,0.0,0.0,0.0
0.029249999999999998,0.23274999999999998,0.0,0.0,0.0,0.0,0.0,0.0,0.0,0.0
0.029249999999999998,0.23625,0.0,0.0,0.0,0.0,0.0,0.0,0.0,0.0
0.029249999999999998,0.23975,0.0,0.0,0.0,0.0,0.0,0.0,0.0,0.0
0.029249999999999998,0.24325,0.0,0.0,0.0,0.0,0.0,0.0,0.0,0.0
0.029249999999999998,0.24675,0.0,0.0,0.0,0.0,0.0,0.0,0.0,0.0
0.029249999999999998,0.25025,0.0,0.0,0.0,0.0,0.0,0.0,0.0,0.0
0.029249999999999998,0.25375,0.0,0.0,0.0,0.0,0.0,0.0,0.0,0.0
0.029249999999999998,0.25725,0.0,0.0,0.0,0.0,0.0,0.0,0.0,0.0
0.029249999999999998,0.26075,0.0,0.0,0.0,0.0,0.0,0.0,0.0,0.0
0.029249999999999998,0.26425,0.0,0.0,0.0,0.0,0.0,0.0,0.0,0.0
0.029249999999999998,0.26775,0.0,0.0,0.0,0.0,0.0,0.0,0.0,0.0
0.029249999999999998,0.27125,0.0,0.0,0.0,0.0,0.0,0.0,0.0,0.0
0.029249999999999998,0.27475,0.0,0.0,0.0,0.0,0.0,0.0,0.0,0.0
0.029249999999999998,0.27825,0.0,0.0,0.0,0.0,0.0,0.0,0.0,0.0
0.029249999999999998,0.28175,0.0,0.0,0.0,0.0,0.0,0.0,0.0,0.0
0.029249999999999998,0.28525,0.0,0.0,0.0,0.0,0.0,0.0,0.0,0.0
0.029249999999999998,0.28875,0.0,0.0,0.0,0.0,0.0,0.0,0.0,0.0
0.029249999999999998,0.29225,0.0,0.0,0.0,0.0,0.0,0.0,0.0,0.0
0.029249999999999998,0.29575,0.0,0.0,0.0,0.0,0.0,0.0,0.0,0.0
0.029249999999999998,0.29925,0.0,0.0,0.0,0.0,0.0,0.0,0.0,0.0
0.029249999999999998,0.30275,0.0,0.0,0.0,0.0,0.0,0.0,0.0,0.0
0.029249999999999998,0.30624999999999997,0.0,0.0,0.0,0.0,0.0,0.0,0.0,0.0
0.029249999999999998,0.30974999999999997,0.0,0.0,0.0,0.0,0.0,0.0,0.0,0.0
0.029249999999999998,0.31325,0.0,0.0,0.0,0.0,0.0,0.0,0.0,0.0
0.029249999999999998,0.31675,0.0,0.0,0.0,0.0,0.0,0.0,0.0,0.0
0.029249999999999998,0.32025,0.0,0.0,0.0,0.0,0.0,0.0,0.0,0.0
0.029249999999999998,0.32375,0.0,0.0,0.0,0.0,0.0,0.0,0.0,0.0
0.029249999999999998,0.32725,0.0,0.0,0.0,0.0,0.0,0.0,0.0,0.0
0.029249999999999998,0.33075,0.0,0.0,0.0,0.0,0.0,0.0,0.0,0.0
0.029249999999999998,0.33425,0.0,0.0,0.0,0.0,0.0,0.0,0.0,0.0
0.029249999999999998,0.33775,0.0,0.0,0.0,0.0,0.0,0.0,0.0,0.0
0.029249999999999998,0.34125,0.0,0.0,0.0,0.0,0.0,0.0,0.0,0.0
0.029249999999999998,0.34475,0.0,0.0,0.0,0.0,0.0,0.0,0.0,0.0
0.029249999999999998,0.34825,0.0,0.0,0.0,0.0,0.0,0.0,0.0,0.0
0.02955,0.00175,0.0,0.0,0.0,0.0,0.0,0.0,0.0,0.0
0.02955,0.0052499999999999995,0.0,0.0,0.0,0.0,0.0,0.0,0.0,0.0
0.02955,0.008749999999999999,0.0,0.0,0.0,0.0,0.0,0.0,0.0,0.0
0.02955,0.01225,0.0,0.0,0.0,0.0,0.0,0.0,0.0,0.0
0.02955,0.01575,0.0,0.0,0.0,0.0,0.0,0.0,0.0,0.0
0.02955,0.01925,0.0,0.0,0.0,0.0,0.0,0.0,0.0,0.0
0.02955,0.02275,0.0,0.0,0.0,0.0,0.0,0.0,0.0,0.0
0.02955,0.02625,0.0,0.0,0.0,0.0,0.0,0.0,0.0,0.0
0.02955,0.02975,0.0,0.0,0.0,0.0,0.0,0.0,0.0,0.0
0.02955,0.03325,0.0,0.0,0.0,0.0,0.0,0.0,0.0,0.0
0.02955,0.03675,0.0,0.0,0.0,0.0,0.0,0.0,0.0,0.0
0.02955,0.04025,0.0,0.0,0.0,0.0,0.0,0.0,0.0,0.0
0.02955,0.04375,0.0,0.0,0.0,0.0,0.0,0.0,0.0,0.0
0.02955,0.04725,0.0,0.0,0.0,0.0,0.0,0.0,0.0,0.0
0.02955,0.050749999999999997,0.0,0.0,0.0,0.0,0.0,0.0,0.0,0.0
0.02955,0.05425,0.0,0.0,0.0,0.0,0.0,0.0,0.0,0.0
0.02955,0.057749999999999996,0.0,0.0,0.0,0.0,0.0,0.0,0.0,0.0
0.02955,0.06125,0.0,0.0,0.0,0.0,0.0,0.0,0.0,0.0
0.02955,0.06475,0.0,0.0,0.0,0.0,0.0,0.0,0.0,0.0
0.02955,0.06824999999999999,0.0,0.0,0.0,0.0,0.0,0.0,0.0,0.0
0.02955,0.07175,0.0,0.0,0.0,0.0,0.0,0.0,0.0,0.0
0.02955,0.07525,0.0,0.0,0.0,0.0,0.0,0.0,0.0,0.0
0.02955,0.07875,0.0,0.0,0.0,0.0,0.0,0.0,0.0,0.0
0.02955,0.08225,0.0,0.0,0.0,0.0,0.0,0.0,0.0,0.0
0.02955,0.08574999999999999,0.0,0.0,0.0,0.0,0.0,0.0,0.0,0.0
0.02955,0.08925,0.0,0.0,0.0,0.0,0.0,0.0,0.0,0.0
0.02955,0.09275,0.0,0.0,0.0,0.0,0.0,0.0,0.0,0.0
0.02955,0.09625,0.0,0.0,0.0,0.0,0.0,0.0,0.0,0.0
0.02955,0.09974999999999999,0.0,0.0,0.0,0.0,0.0,0.0,0.0,0.0
0.02955,0.10325,0.0,0.0,0.0,0.0,0.0,0.0,0.0,0.0
0.02955,0.10675,0.0,0.0,0.0,0.0,0.0,0.0,0.0,0.0
0.02955,0.11025,0.0,0.0,0.0,0.0,0.0,0.0,0.0,0.0
0.02955,0.11374999999999999,0.0,0.0,0.0,0.0,0.0,0.0,0.0,0.0
0.02955,0.11725,0.0,0.0,0.0,0.0,0.0,0.0,0.0,0.0
0.02955,0.12075,0.0,0.0,0.0,0.0,0.0,0.0,0.0,0.0
0.02955,0.12425,0.0,0.0,0.0,0.0,0.0,0.0,0.0,0.0
0.02955,0.12775,1.0,0.018604964588991437,0.0,-1.89632233169898,21.18917727703684,3.596038385700256,448.9812336776944,-40.18151006077354
0.02955,0.13125,0.0,0.0,0.0,0.0,0.0,0.0,0.0,0.0
0.02955,0.13475,1.0,0.03841408263790951,0.0,1.0627607537636683,25.43811465810075,1.1294604197403204,647.0976773586804,27.034629908369773
0.02955,0.13824999999999998,0.0,0.0,0.0,0.0,0.0,0.0,0.0,0.0
0.02955,0.14175,1.0,0.03441802568561476,0.0,7.364042555252526,31.78373037770597,54.22912275557015,1010.2055167227094,234.05674306609922
0.02955,0.14525,1.0,0.018228412149620107,0.0,-0.10156103865756909,28.858762768770784,0.010314644573204242,832.8281885441908,-2.930925921168745
0.02955,0.14875,0.0,0.0,0.0,0.0,0.0,0.0,0.0,0.0
0.02955,0.15225,0.0,0.0,0.0,0.0,0.0,0.0,0.0,0.0
0.02955,0.15575,1.0,0.017648485734202357,0.0,-0.8975141750472322,32.20609680577055,0.8055316944107137,1037.232671462664,-28.905428406122454
0.02955,0.15925,0.0,0.0,0.0,0.0,0.0,0.0,0.0,0.0
0.02955,0.16275,0.0,0.0,0.0,0.0,0.0,0.0,0.0,0.0
0.02955,0.16625,0.0,0.0,0.0,0.0,0.0,0.0,0.0,0.0
0.02955,0.16974999999999998,0.0,0.0,0.0,0.0,0.0,0.0,0.0,0.0
0.02955,0.17325,0.0,0.0,0.0,0.0,0.0,0.0,0.0,0.0
0.02955,0.17675,0.0,0.0,0.0,0.0,0.0,0.0,0.0,0.0
0.02955,0.18025,0.0,0.0,0.0,0.0,0.0,0.0,0.0,0.0
0.02955,0.18375,0.0,0.0,0.0,0.0,0.0,0.0,0.0,0.0
0.02955,0.18725,0.0,0.0,0.0,0.0,0.0,0.0,0.0,0.0
0.02955,0.19075,0.0,0.0,0.0,0.0,0.0,0.0,0.0,0.0
0.02955,0.19425,0.0,0.0,0.0,0.0,0.0,0.0,0.0,0.0
0.02955,0.19774999999999998,0.0,0.0,0.0,0.0,0.0,0.0,0.0,0.0
0.02955,0.20124999999999998,1.0,0.038174677205850244,0.0,1.079695662629057,39.85425180685988,1.1657427238999984,1588.3613870845938,43.03046281319287
0.02955,0.20475,0.0,0.0,0.0,0.0,0.0,0.0,0.0,0.0
0.02955,0.20825,0.0,0.0,0.0,0.0,0.0,0.0,0.0,0.0
0.02955,0.21175,0.0,0.0,0.0,0.0,0.0,0.0,0.0,0.0
0.02955,0.21525,0.0,0.0,0.0,0.0,0.0,0.0,0.0,0.0
0.02955,0.21875,0.0,0.0,0.0,0.0,0.0,0.0,0.0,0.0
0.02955,0.22225,0.0,0.0,0.0,0.0,0.0,0.0,0.0,0.0
0.02955,0.22575,0.0,0.0,0.0,0.0,0.0,0.0,0.0,0.0
0.02955,0.22924999999999998,0.0,0.0,0.0,0.0,0.0,0.0,0.0,0.0
0.02955,0.23274999999999998,0.0,0.0,0.0,0.0,0.0,0.0,0.0,0.0
0.02955,0.23625,0.0,0.0,0.0,0.0,0.0,0.0,0.0,0.0
0.02955,0.23975,0.0,0.0,0.0,0.0,0.0,0.0,0.0,0.0
0.02955,0.24325,0.0,0.0,0.0,0.0,0.0,0.0,0.0,0.0
0.02955,0.24675,0.0,0.0,0.0,0.0,0.0,0.0,0.0,0.0
0.02955,0.25025,0.0,0.0,0.0,0.0,0.0,0.0,0.0,0.0
0.02955,0.25375,0.0,0.0,0.0,0.0,0.0,0.0,0.0,0.0
0.02955,0.25725,0.0,0.0,0.0,0.0,0.0,0.0,0.0,0.0
0.02955,0.26075,0.0,0.0,0.0,0.0,0.0,0.0,0.0,0.0
0.02955,0.26425,0.0,0.0,0.0,0.0,0.0,0.0,0.0,0.0
0.02955,0.26775,0.0,0.0,0.0,0.0,0.0,0.0,0.0,0.0
0.02955,0.27125,0.0,0.0,0.0,0.0,0.0,0.0,0.0,0.0
0.02955,0.27475,0.0,0.0,0.0,0.0,0.0,0.0,0.0,0.0
0.02955,0.27825,0.0,0.0,0.0,0.0,0.0,0.0,0.0,0.0
0.02955,0.28175,0.0,0.0,0.0,0.0,0.0,0.0,0.0,0.0
0.02955,0.28525,1.0,0.02611401127778458,0.0,-4.421726955350059,24.565032515904328,19.551669267669304,603.4408225074369,-108.61986643462484
0.02955,0.28875,0.0,0.0,0.0,0.0,0.0,0.0,0.0,0.0
0.02955,0.29225,0.0,0.0,0.0,0.0,0.0,0.0,0.0,0.0
0.02955,0.29575,0.0,0.0,0.0,0.0,0.0,0.0,0.0,0.0
0.02955,0.29925,0.0,0.0,0.0,0.0,0.0,0.0,0.0,0.0
0.02955,0.30275,0.0,0.0,0.0,0.0,0.0,0.0,0.0,0.0
0.02955,0.30624999999999997,0.0,0.0,0.0,0.0,0.0,0.0,0.0,0.0
0.02955,0.30974999999999997,0.0,0.0,0.0,0.0,0.0,0.0,0.0,0.0
0.02955,0.31325,0.0,0.0,0.0,0.0,0.0,0.0,0.0,0.0
0.02955,0.31675,0.0,0.0,0.0,0.0,0.0,0.0,0.0,0.0
0.02955,0.32025,0.0,0.0,0.0,0.0,0.0,0.0,0.0,0.0
0.02955,0.32375,0.0,0.0,0.0,0.0,0.0,0.0,0.0,0.0
0.02955,0.32725,0.0,0.0,0.0,0.0,0.0,0.0,0.0,0.0
0.02955,0.33075,0.0,0.0,0.0,0.0,0.0,0.0,0.0,0.0
0.02955,0.33425,0.0,0.0,0.0,0.0,0.0,0.0,0.0,0.0
0.02955,0.33775,0.0,0.0,0.0,0.0,0.0,0.0,0.0,0.0
0.02955,0.34125,0.0,0.0,0.0,0.0,0.0,0.0,0.0,0.0
0.02955,0.34475,0.0,0.0,0.0,0.0,0.0,0.0,0.0,0.0
0.02955,0.34825,0.0,0.0,0.0,0.0,0.0,0.0,0.0,0.0
0.029849999999999998,0.00175,0.0,0.0,0.0,0.0,0.0,0.0,0.0,0.0
0.029849999999999998,0.0052499999999999995,0.0,0.0,0.0,0.0,0.0,0.0,0.0,0.0
0.029849999999999998,0.008749999999999999,0.0,0.0,0.0,0.0,0.0,0.0,0.0,0.0
0.029849999999999998,0.01225,0.0,0.0,0.0,0.0,0.0,0.0,0.0,0.0
0.029849999999999998,0.01575,0.0,0.0,0.0,0.0,0.0,0.0,0.0,0.0
0.029849999999999998,0.01925,0.0,0.0,0.0,0.0,0.0,0.0,0.0,0.0
0.029849999999999998,0.02275,0.0,0.0,0.0,0.0,0.0,0.0,0.0,0.0
0.029849999999999998,0.02625,0.0,0.0,0.0,0.0,0.0,0.0,0.0,0.0
0.029849999999999998,0.02975,0.0,0.0,0.0,0.0,0.0,0.0,0.0,0.0
0.029849999999999998,0.03325,0.0,0.0,0.0,0.0,0.0,0.0,0.0,0.0
0.029849999999999998,0.03675,0.0,0.0,0.0,0.0,0.0,0.0,0.0,0.0
0.029849999999999998,0.04025,0.0,0.0,0.0,0.0,0.0,0.0,0.0,0.0
0.029849999999999998,0.04375,0.0,0.0,0.0,0.0,0.0,0.0,0.0,0.0
0.029849999999999998,0.04725,0.0,0.0,0.0,0.0,0.0,0.0,0.0,0.0
0.029849999999999998,0.050749999999999997,0.0,0.0,0.0,0.0,0.0,0.0,0.0,0.0
0.029849999999999998,0.05425,0.0,0.0,0.0,0.0,0.0,0.0,0.0,0.0
0.029849999999999998,0.057749999999999996,0.0,0.0,0.0,0.0,0.0,0.0,0.0,0.0
0.029849999999999998,0.06125,0.0,0.0,0.0,0.0,0.0,0.0,0.0,0.0
0.029849999999999998,0.06475,0.0,0.0,0.0,0.0,0.0,0.0,0.0,0.0
0.029849999999999998,0.06824999999999999,0.0,0.0,0.0,0.0,0.0,0.0,0.0,0.0
0.029849999999999998,0.07175,0.0,0.0,0.0,0.0,0.0,0.0,0.0,0.0
0.029849999999999998,0.07525,0.0,0.0,0.0,0.0,0.0,0.0,0.0,0.0
0.029849999999999998,0.07875,0.0,0.0,0.0,0.0,0.0,0.0,0.0,0.0
0.029849999999999998,0.08225,0.0,0.0,0.0,0.0,0.0,0.0,0.0,0.0
0.029849999999999998,0.08574999999999999,0.0,0.0,0.0,0.0,0.0,0.0,0.0,0.0
0.029849999999999998,0.08925,0.0,0.0,0.0,0.0,0.0,0.0,0.0,0.0
0.029849999999999998,0.09275,0.0,0.0,0.0,0.0,0.0,0.0,0.0,0.0
0.029849999999999998,0.09625,0.0,0.0,0.0,0.0,0.0,0.0,0.0,0.0
0.029849999999999998,0.09974999999999999,0.0,0.0,0.0,0.0,0.0,0.0,0.0,0.0
0.029849999999999998,0.10325,0.0,0.0,0.0,0.0,0.0,0.0,0.0,0.0
0.029849999999999998,0.10675,0.0,0.0,0.0,0.0,0.0,0.0,0.0,0.0
0.029849999999999998,0.11025,0.0,0.0,0.0,0.0,0.0,0.0,0.0,0.0
0.029849999999999998,0.11374999999999999,0.0,0.0,0.0,0.0,0.0,0.0,0.0,0.0
0.029849999999999998,0.11725,0.0,0.0,0.0,0.0,0.0,0.0,0.0,0.0
0.029849999999999998,0.12075,0.0,0.0,0.0,0.0,0.0,0.0,0.0,0.0
0.029849999999999998,0.12425,0.0,0.0,0.0,0.0,0.0,0.0,0.0,0.0
0.029849999999999998,0.12775,0.0,0.0,0.0,0.0,0.0,0.0,0.0,0.0
0.029849999999999998,0.13125,2.0,0.01998782821662671,3.2151454484556055e-6,0.840052203367,22.66803887519012,2.38571876191272,528.223316047186,14.126602035656607
0.029849999999999998,0.13475,0.0,0.0,0.0,0.0,0.0,0.0,0.0,0.0
0.029849999999999998,0.13824999999999998,0.0,0.0,0.0,0.0,0.0,0.0,0.0,0.0
0.029849999999999998,0.14175,0.0,0.0,0.0,0.0,0.0,0.0,0.0,0.0
0.029849999999999998,0.14525,1.0,0.030786102908504642,0.0,0.3002946670593666,30.72802349623261,0.09017688706429583,944.2114279850233,9.227461585193565
0.029849999999999998,0.14875,1.0,0.015999124450002834,0.0,1.7591332665313966,27.144178000675222,3.0945498494174215,736.8063993323407,47.75022651363748
0.029849999999999998,0.15225,0.0,0.0,0.0,0.0,0.0,0.0,0.0,0.0
0.029849999999999998,0.15575,2.0,0.019306345127352326,5.335656861837623e-6,0.7601845783381693,34.11892896333628,0.7327781792428003,1184.9167604189472,24.14106048619289
0.029849999999999998,0.15925,0.0,0.0,0.0,0.0,0.0,0.0,0.0,0.0
0.029849999999999998,0.16275,0.0,0.0,0.0,0.0,0.0,0.0,0.0,0.0
0.029849999999999998,0.16625,0.0,0.0,0.0,0.0,0.0,0.0,0.0,0.0
0.029849999999999998,0.16974999999999998,1.0,0.02783823710841237,0.0,-1.2606829767917485,30.24361981565394,1.5893215679725041,914.6765395538157,-38.12761665815652
0.029849999999999998,0.17325,0.0,0.0,0.0,0.0,0.0,0.0,0.0,0.0
0.029849999999999998,0.17675,1.0,0.02976150042675678,0.0,-0.20547953112642514,35.06505788594043,0.042221837711935516,1229.5582845443535,-7.2051516533239965
0.029849999999999998,0.18025,0.0,0.0,0.0,0.0,0.0,0.0,0.0,0.0
0.029849999999999998,0.18375,0.0,0.0,0.0,0.0,0.0,0.0,0.0,0.0
0.029849999999999998,0.18725,0.0,0.0,0.0,0.0,0.0,0.0,0.0,0.0
0.029849999999999998,0.19075,0.0,0.0,0.0,0.0,0.0,0.0,0.0,0.0
0.029849999999999998,0.19425,0.0,0.0,0.0,0.0,0.0,0.0,0.0,0.0
0.029849999999999998,0.19774999999999998,1.0,0.03445679718878793,0.0,2.8743115777463433,23.326192450138883,8.261667045966673,544.1112542209163,67.04674502417353
0.029849999999999998,0.20124999999999998,0.0,0.0,0.0,0.0,0.0,0.0,0.0,0.0
0.029849999999999998,0.20475,0.0,0.0,0.0,0.0,0.0,0.0,0.0,0.0
0.029849999999999998,0.20825,0.0,0.0,0.0,0.0,0.0,0.0,0.0,0.0
0.029849999999999998,0.21175,0.0,0.0,0.0,0.0,0.0,0.0,0.0,0.0
0.029849999999999998,0.21525,0.0,0.0,0.0,0.0,0.0,0.0,0.0,0.0
0.029849999999999998,0.21875,0.0,0.0,0.0,0.0,0.0,0.0,0.0,0.0
0.029849999999999998,0.22225,0.0,0.0,0.0,0.0,0.0,0.0,0.0,0.0
0.029849999999999998,0.22575,0.0,0.0,0.0,0.0,0.0,0.0,0.0,0.0
0.029849999999999998,0.22924999999999998,0.0,0.0,0.0,0.0,0.0,0.0,0.0,0.0
0.029849999999999998,0.23274999999999998,0.0,0.0,0.0,0.0,0.0,0.0,0.0,0.0
0.029849999999999998,0.23625,0.0,0.0,0.0,0.0,0.0,0.0,0.0,0.0
0.029849999999999998,0.23975,0.0,0.0,0.0,0.0,0.0,0.0,0.0,0.0
0.029849999999999998,0.24325,1.0,0.04012990561315991,0.0,-0.022352544294840546,29.211590456124082,0.0004996362364528086,853.3170169763196,-0.6529533695932549
0.029849999999999998,0.24675,1.0,0.03438690676804575,0.0,-1.5557939069987337,40.52865771139484,2.420494681054384,1642.5720958874047,-63.054238726225336
0.029849999999999998,0.25025,0.0,0.0,0.0,0.0,0.0,0.0,0.0,0.0
0.029849999999999998,0.25375,0.0,0.0,0.0,0.0,0.0,0.0,0.0,0.0
0.029849999999999998,0.25725,0.0,0.0,0.0,0.0,0.0,0.0,0.0,0.0
0.029849999999999998,0.26075,0.0,0.0,0.0,0.0,0.0,0.0,0.0,0.0
0.029849999999999998,0.26425,0.0,0.0,0.0,0.0,0.0,0.0,0.0,0.0
0.029849999999999998,0.26775,0.0,0.0,0.0,0.0,0.0,0.0,0.0,0.0
0.029849999999999998,0.27125,0.0,0.0,0.0,0.0,0.0,0.0,0.0,0.0
0.029849999999999998,0.27475,0.0,0.0,0.0,0.0,0.0,0.0,0.0,0.0
0.029849999999999998,0.27825,0.0,0.0,0.0,0.0,0.0,0.0,0.0,0.0
0.029849999999999998,0.28175,0.0,0.0,0.0,0.0,0.0,0.0,0.0,0.0
0.029849999999999998,0.28525,0.0,0.0,0.0,0.0,0.0,0.0,0.0,0.0
0.029849999999999998,0.28875,0.0,0.0,0.0,0.0,0.0,0.0,0.0,0.0
0.029849999999999998,0.29225,0.0,0.0,0.0,0.0,0.0,0.0,0.0,0.0
0.029849999999999998,0.29575,0.0,0.0,0.0,0.0,0.0,0.0,0.0,0.0
0.029849999999999998,0.29925,0.0,0.0,0.0,0.0,0.0,0.0,0.0,0.0
0.029849999999999998,0.30275,0.0,0.0,0.0,0.0,0.0,0.0,0.0,0.0
0.029849999999999998,0.30624999999999997,0.0,0.0,0.0,0.0,0.0,0.0,0.0,0.0
0.029849999999999998,0.30974999999999997,0.0,0.0,0.0,0.0,0.0,0.0,0.0,0.0
0.029849999999999998,0.31325,0.0,0.0,0.0,0.0,0.0,0.0,0.0,0.0
0.029849999999999998,0.31675,0.0,0.0,0.0,0.0,0.0,0.0,0.0,0.0
0.029849999999999998,0.32025,0.0,0.0,0.0,0.0,0.0,0.0,0.0,0.0
0.029849999999999998,0.32375,1.0,0.03179969685426573,0.0,2.933673529929068,41.64590041877355,8.606440380206477,1734.381021690403,122.17547568861785
0.029849999999999998,0.32725,0.0,0.0,0.0,0.0,0.0,0.0,0.0,0.0
0.029849999999999998,0.33075,0.0,0.0,0.0,0.0,0.0,0.0,0.0,0.0
0.029849999999999998,0.33425,0.0,0.0,0.0,0.0,0.0,0.0,0.0,0.0
0.029849999999999998,0.33775,0.0,0.0,0.0,0.0,0.0,0.0,0.0,0.0
0.029849999999999998,0.34125,0.0,0.0,0.0,0.0,0.0,0.0,0.0,0.0
0.029849999999999998,0.34475,0.0,0.0,0.0,0.0,0.0,0.0,0.0,0.0
0.029849999999999998,0.34825,0.0,0.0,0.0,0.0,0.0,0.0,0.0,0.0
